94.2 -0.367161 1.76216 1
0.391467 -0.953891 0.499 -0.756279 0.203278 -0.495715 -0.375483
0.717674 0.982118 0.501602 0.612196 -0.190793 -0.564286 -0.519996
0.901449 -0.00460347 0.498152 -0.21932 -0.374879 -0.891519 0.128679
-0.962211 -2.58353 0.499 0.0421972 0.850015 0.235781 -0.46915
-2.78687 -2.19597 0.499 -0.222258 -0.559188 -0.380458 0.702255
1.93387 0.660432 0.499 -0.274817 0.696597 -0.488257 0.448145
-0.742138 -0.460337 0.497733 0.0445221 -0.565588 -0.0133798 -0.823376
-1.64871 -1.72344 0.499 0.529796 -0.793895 -0.0827366 -0.286709
2.86383 -3.04917 0.520356 -0.292456 -0.554298 0.568374 0.53308
-1.77086 -0.4409 0.498992 0.261242 0.766391 -0.582322 -0.0727941
1.11678 -3.1261 0.499 0.505713 0.501039 0.045162 -0.700839
0.135238 -2.11108 0.499 -0.873677 0.23768 -0.398605 -0.145984
3.12802 -0.853692 0.522497 0.244655 0.873426 0.115327 0.404933
1.98823 -0.397629 0.499 -0.65049 -0.602051 0.363569 -0.286732
1.99149 -1.72965 0.499 0.744813 -0.338092 0.142751 0.557288
-2.76859 -0.610103 0.498234 -0.618617 0.147055 -0.745106 -0.201257
-1.22261 0.411852 0.500233 -0.705834 -0.598156 -0.263684 0.272907
0.342805 2.00629 0.499 -0.405046 0.78745 0.111355 0.451066
-1.08539 2.18146 0.499 -0.128592 0.192628 -0.633655 0.738133
-2.31549 -3.11736 0.499 0.0894439 0.0120482 -0.832854 0.546085
-1.19102 3.2807 0.499 -0.160381 -0.30757 -0.0847051 0.934079
-4.37723 0.148262 0.499 -0.307107 -0.250106 0.803094 -0.445165
-0.0863684 0.317361 0.499 -0.59446 0.116469 -0.680135 -0.412879
-2.14708 0.787191 0.499089 -0.240796 -0.0298723 0.202243 0.948801
3.30893 -2.08311 0.499 -0.388556 0.0894276 0.0781226 -0.913742
