57.8 1.79471 -0.137847 1
0.677631 2.55488 0.499 0.473427 0.387678 -0.298746 0.732341
-0.372358 -2.66135 0.499003 0.323177 -0.245609 -0.438153 -0.802032
3.26593 -2.88995 0.499 -0.515695 -0.0518709 0.605248 0.604187
2.4386 -3.55505 0.499 0.0802999 0.587543 0.784753 -0.180298
1.55729 1.24051 0.499 0.343809 0.320923 0.219168 -0.85485
-1.13734 -1.94464 0.49901 -0.316034 0.653997 0.626334 -0.283047
1.50797 -0.906231 0.499 0.0989415 0.560197 0.145147 -0.80952
3.00873 -1.66174 0.499 -0.631502 0.763558 0.0212923 0.13316
-0.0148634 -0.441769 0.499017 -0.0675276 -0.139975 -0.552424 0.818947
-0.532459 -3.66211 0.49899 -0.0910078 -0.413327 0.431476 0.796685
2.8285 -0.44663 0.499 0.749094 -0.554185 0.00298867 0.362944
1.12084 -3.47928 0.499006 -0.484417 -0.0143016 -0.87351 -0.0459941
-1.37746 -0.919092 0.499 -0.373756 -0.579901 0.241028 -0.682588
0.945731 0.163971 0.499 0.683346 -0.447136 0.288011 -0.500156
-0.295908 -1.40143 0.498974 -0.242268 0.0510035 0.149139 0.95732
4.91113 -4.27114 0.499 -0.122942 -0.47749 -0.836587 -0.23877
-1.39554 -3.03328 0.498998 -0.338309 0.803579 -0.225648 0.434616
0.651375 -2.58907 0.499002 0.117235 -0.780147 -0.437222 -0.431815
-2.02096 -3.86247 0.498982 -0.00274846 0.792069 -0.246929 0.558252
4.27582 -3.10698 0.499 0.397995 -0.0703128 -0.228053 0.885803
-2.23831 -1.49909 0.499 -0.34778 0.912966 0.0549387 -0.206216
1.82036 2.80244 0.499 -0.449086 -0.351294 -0.665115 -0.482221
-1.19258 0.0673015 0.499 -0.0396603 0.635644 -0.162679 -0.753604
0.366374 -4.1614 0.499031 -0.514746 -0.038409 0.760193 0.394548
0.712654 -1.58887 0.498999 0.882222 0.285259 -0.345916 0.143714
