109 -1.67684 0.654376 1
2.0055 -2.98378 0.499001 0.402797 0.896512 -0.172644 -0.0649267
2.79116 0.85102 0.499 0.951967 0.0531173 0.20323 -0.222788
3.81292 0.78529 0.499 -0.738567 0.561732 -0.325198 0.182267
-2.27925 -1.49033 0.499 -0.334461 -0.868854 0.0744635 0.357328
0.361976 0.416777 0.499 -0.953252 0.13194 -0.141205 0.232303
3.31052 2.22716 0.499 0.173282 0.223852 0.337999 0.897564
0.555319 -2.05438 0.498979 0.237468 0.488913 -0.5032 -0.671835
-1.34677 -1.88073 0.499015 -0.959602 0.173543 -0.216594 -0.0461892
-2.23725 -3.06257 0.499 0.483302 0.811751 -0.162812 0.284555
-0.366914 -1.65471 0.499017 0.822412 -0.309345 0.0357384 0.476096
-3.32243 -1.38898 0.499 0.125608 -0.00639118 -0.601828 -0.78866
-0.659511 -2.66968 0.499 -0.0921286 0.518122 0.753937 -0.393244
2.37598 -0.784376 0.499 -0.339485 -0.476704 -0.238191 0.775093
0.957585 -3.0361 0.498999 -0.354797 0.475913 -0.607097 -0.52826
-3.17629 0.150359 0.499 -0.367294 -0.473373 0.345985 0.722016
-4.40912 0.571887 0.499 0.476448 -0.32748 0.783867 0.226508
1.26337 1.4283 0.503736 -0.235165 -0.545073 0.790165 -0.15242
2.22785 1.75062 0.498998 -0.663012 0.330066 -0.509055 0.43856
1.88867 0.31976 0.498999 -0.121896 -0.844239 -0.186655 -0.487404
-1.29171 1.52851 0.499 0.345487 -0.468894 -0.0725166 -0.809641
-0.446922 -0.430007 0.499 0.0419135 -0.13896 0.553167 0.820329
-2.50979 2.61128 0.499 -0.730422 -0.0250434 0.229131 -0.642927
2.47295 -2.07073 0.498989 0.143913 -0.920614 0.176038 -0.317443
1.419 -1.54452 0.498999 0.217835 0.764159 0.124002 0.594334
-3.09294 -2.43243 0.499 0.724985 -0.426547 0.420827 0.339645
