41 1.79849 0.0737369 1
-1.88876 3.36667 0.499 -0.111076 0.557307 0.010227 0.82278
1.4112 -1.42364 0.499 -0.463538 0.382155 0.608195 0.518833
-1.00551 -0.649514 0.499 0.0313797 -0.543247 0.27007 -0.79433
2.94189 -0.410229 0.499 0.188366 0.833073 0.468694 -0.225462
-1.09568 2.50888 0.499 0.699593 -0.0759671 -0.441473 -0.556687
-1.94013 -2.34315 0.499 0.958812 0.0597467 -0.237156 0.144455
-1.10762 0.529023 0.499 0.0760741 -0.646833 0.345139 -0.675795
-0.622572 1.59225 0.499 0.467164 -0.408176 -0.0494949 -0.782752
-2.34568 0.694282 0.499 0.768195 0.225571 0.545318 0.248237
2.08646 -2.21305 0.499 0.89807 0.381017 0.173037 -0.135478
-1.16423 4.56455 0.499 0.91287 0.210765 0.0171532 -0.349218
3.1211 -1.41714 0.499 -0.579956 -0.587262 0.552306 -0.117188
-2.91994 -2.11002 0.499 -0.311076 0.249218 0.744279 0.535884
-2.05984 2.05048 0.499 -0.292899 0.592844 0.3033 -0.686116
-1.94275 -0.244249 0.499 0.444146 0.247963 -0.0209988 0.860702
5.90481 -1.09652 0.499 0.772648 0.361502 -0.435771 0.287115
-3.78427 0.393873 0.498985 0.0203092 0.157904 0.107057 -0.981424
1.17375 -0.252156 0.499 -0.013347 -0.612183 -0.291796 0.734785
-3.58399 -0.936743 0.499 0.874522 -0.257101 0.161442 -0.378214
5.19761 0.0928971 0.499 0.0514589 -0.546327 0.640785 -0.536911
-2.94155 -0.158848 0.499 -0.95765 0.147554 0.194506 0.15265
3.03165 3.35454 0.499 0.108401 -0.925557 -0.0190139 0.362259
-3.30841 1.29795 0.501708 0.373127 -0.51556 0.633089 0.44065
4.39572 -2.88579 0.499 0.723773 -0.33367 -0.599403 -0.0743783
-2.37295 -1.166 0.499 0.0818695 -0.00631237 0.862706 0.498996
