65.3 1.63544 0.751896 1
0.642728 2.60068 0.499 -0.146569 0.496958 0.0651935 0.852819
-1.82817 1.7187 0.498954 0.752669 0.343374 0.0626368 0.558265
1.16657 0.584757 0.499 0.189039 0.153701 -0.959795 0.139404
0.428405 -1.47214 0.499002 -0.424501 0.64207 -0.0115211 0.638289
1.26828 1.7331 0.499012 0.0524378 -0.671703 -0.712104 0.197416
-1.69217 -0.438834 0.501329 -0.476121 -0.0204833 -0.710886 0.517233
0.266825 1.51059 0.499287 0.809773 0.320487 -0.31685 0.375715
2.48652 2.19117 0.499 -0.78293 -0.323444 -0.481322 0.225243
-0.304097 3.51343 0.499149 -0.828767 0.512781 0.110062 -0.19516
-0.817987 0.216438 0.501254 0.523562 0.207907 -0.564695 0.603139
3.3161 3.5821 0.499 -0.0167759 0.236548 -0.960577 -0.145106
0.184611 -0.480508 0.498916 -0.521497 -0.707778 0.458705 -0.129156
-2.73104 1.22057 0.498996 -0.123874 0.0744625 -0.98658 -0.0759676
-0.861155 2.58736 0.499 -0.792318 0.159379 0.357597 0.467926
-1.8245 2.87673 0.499 -0.558425 0.0766303 -0.567686 -0.600018
1.18106 -0.441132 0.498478 0.407153 0.806689 0.427668 0.0240823
-1.49439 -1.4675 0.499032 -0.736759 -0.606607 -0.294226 -0.0514332
0.146372 0.519833 0.49871 0.777876 0.591684 -0.0292007 -0.209681
-2.06934 -2.28271 0.49887 -0.788838 0.426222 0.37523 0.235099
2.11012 1.17367 0.498988 0.456286 -0.423741 0.485422 -0.613688
-2.83419 -0.899568 0.499 -0.3705 -0.81865 0.127794 0.419776
1.64069 2.84454 0.499 0.81603 -0.169769 0.535961 0.134234
-2.76207 2.39354 0.499 0.76147 -0.336757 0.55058 -0.0601729
-0.762221 -0.788992 0.496453 0.653717 0.181511 -0.467112 -0.567022
-0.746473 1.30025 0.499 0.220413 0.538288 -0.712332 -0.392744
