53.1 -1.1957 1.34548 1
0.614303 2.71417 0.501384 0.518849 -0.561207 0.0414232 -0.643527
-0.46883 -1.97084 0.499 -0.125558 0.258332 -0.599686 0.746911
2.24653 0.340544 0.499062 -0.906286 0.0810481 0.352339 -0.218941
1.85831 -0.585176 0.498903 -0.35398 -0.182004 -0.897948 -0.187781
2.22199 2.86702 0.519537 0.393824 0.426829 0.14594 0.800888
-0.643798 -0.975897 0.499 0.870155 -0.144627 0.13376 -0.451688
2.06956 1.33192 0.545886 0.164072 -0.639263 -0.261231 0.704402
2.9943 1.73862 0.498978 0.763453 -0.347464 -0.102814 -0.534639
0.0978205 1.59045 0.499 -0.115533 0.370531 0.899342 -0.201353
-0.822858 -2.9669 0.499 0.229684 -0.21451 0.384728 -0.86788
3.21788 2.77844 0.498793 -0.872803 -0.180371 -0.28844 0.349976
1.08742 -1.51299 0.499 0.0428238 0.733138 0.0196637 0.678446
-0.830497 0.0225465 0.499 -0.0824522 -0.246867 -0.959633 -0.106598
1.44168 2.16704 0.496725 -0.220978 -0.298651 -0.856498 0.358314
0.176551 0.520939 0.499 0.0597335 0.168293 0.47136 -0.863672
3.55287 0.593574 0.499 0.134197 0.171753 -0.919938 -0.325893
-2.11353 -1.42783 0.499 0.0478451 0.850069 -0.0499964 0.522106
0.746765 -0.55736 0.499 0.015355 -0.347113 -0.879986 -0.323885
-2.12997 -2.551 0.499 0.766586 -0.1568 0.597915 -0.173947
4.10094 1.77073 0.499 -0.425841 0.245112 0.110365 -0.863944
-1.84364 0.081424 0.499 0.947107 0.120658 0.229373 -0.189258
3.44031 3.7547 0.499009 0.744285 0.62174 -0.055772 0.237419
-0.788118 1.08735 0.499 0.187807 -0.362405 -0.898576 -0.161097
0.630147 -2.48948 0.499 0.304782 0.155047 0.35708 -0.869231
1.19791 0.374102 0.499 -0.152166 -0.228934 0.580998 0.766078
