68.8 -1.58307 -0.856677 1
0.56366 3.46398 0.498782 0.907634 -0.387169 -0.161516 0.0146016
-2.03103 3.25972 0.49667 0.645482 0.461528 0.60706 -0.0426967
1.36444 0.560164 0.501253 0.183416 -0.79419 0.508943 -0.276762
-0.14136 -0.610361 0.512501 0.574069 -0.359357 0.44491 0.585971
0.448735 1.8514 0.499 0.481842 0.209306 0.76076 -0.381135
-1.86864 0.483743 0.501586 0.163015 -0.131132 -0.875299 0.435984
-0.29244 2.95651 0.497045 -0.472948 -0.26579 0.28155 -0.791458
2.39373 2.35478 0.499 0.670945 -0.116739 -0.491403 0.542889
0.186331 4.37994 0.508712 0.82669 -0.183717 0.531773 -0.0070257
-1.62244 1.4774 0.498979 0.471062 -0.198769 0.29334 -0.807802
1.50074 3.79685 0.499365 -0.0238355 0.343799 -0.242196 -0.906959
0.431846 0.207196 0.497305 0.0356024 0.131482 -0.501778 0.854203
-2.85725 2.70287 0.49954 -0.421133 -0.0609424 0.816333 0.390555
-2.21002 4.27913 0.499 -0.00761301 0.948177 -0.316359 0.0286363
-3.21379 4.06298 0.498995 -0.285192 -0.849503 -0.358974 0.261052
1.89052 -0.321357 0.499 0.535291 -0.461278 -0.6919 -0.148194
-1.14245 -0.525422 0.498852 0.363833 0.138044 -0.645646 0.657047
-0.665997 1.84421 0.50236 -0.380495 -0.272993 -0.173948 -0.86628
-1.54502 -1.44948 0.499 0.728984 -0.657084 0.186488 -0.0452162
1.53541 1.64183 0.499025 0.403073 -0.75604 0.283868 -0.430529
-2.80681 1.68814 0.499 0.246118 0.586385 0.191242 -0.747666
1.17503 2.67166 0.499073 -0.102139 0.415428 0.165775 -0.888541
-4.02386 3.47667 0.499005 -0.456666 0.332054 -0.785461 -0.25347
-0.64689 0.589726 0.499 -0.601555 -0.618207 0.475264 0.173422
-1.24304 2.65985 0.500782 -0.343066 -0.558468 -0.619563 -0.431928
