24.3 -0.504018 -1.72799 1
1.2245 -0.0551881 0.498471 0.234754 -0.335592 0.177876 0.894779
2.63291 0.0310517 0.499 0.0108862 0.163676 0.0980766 0.981566
1.14466 -4.96643 0.499 -0.583975 0.691313 -0.0804646 0.417833
0.900223 3.39872 0.499 -0.540983 -0.179732 -0.433589 0.697878
2.14302 -1.0365 0.499 -0.101159 0.46619 -0.218475 0.851295
0.281058 -4.07872 0.499 -0.294685 0.317649 0.0306109 0.900734
1.24227 -3.79716 0.499 -0.264225 -0.111662 -0.92668 0.242861
1.46849 -2.79557 0.499 -0.928117 0.203343 -0.1557 -0.270201
0.611186 -1.05428 0.499 -0.7019 -0.384699 0.157438 0.578409
2.36952 -2.18711 0.499 -0.295121 -0.0949156 0.0660359 0.948438
0.0512442 0.703375 0.499 -0.785368 -0.272013 -0.141112 0.537861
1.37527 0.933739 0.499529 -0.597637 0.0607743 -0.779553 -0.177297
-0.648161 -3.69908 0.499 -0.305074 0.403704 0.246864 0.826445
-1.09843 3.13913 0.499 -0.898512 -0.347085 0.169235 -0.208728
0.703729 -2.07608 0.499 -0.95396 0.100221 -0.268192 0.0893837
2.40305 1.43064 0.499 -0.666387 -0.209171 0.554137 0.452889
-0.422542 -0.799243 0.499 0.130156 -0.280214 0.218607 0.925608
0.0100066 2.47882 0.499 -0.431052 0.885509 0.0533295 -0.164998
-0.831601 -2.69916 0.499 -0.738541 -0.0634026 0.271437 0.613888
1.09393 1.99484 0.499 -0.393605 -0.153694 -0.906063 -0.0224448
-0.271917 -1.84957 0.499 -0.669042 -0.196294 -0.505849 0.507906
2.37367 2.83952 0.499 -0.641072 0.0965879 -0.128735 0.750416
-1.39445 0.230827 0.499 -0.641072 0.0965879 -0.128735 0.750416
3.34463 -1.56302 0.499 -0.401247 0.628627 0.0161307 0.66601
0.510414 -3.08251 0.499 -0.891465 0.25451 0.337455 0.163215
