96.4 -1.43268 -1.0897 1
-0.127584 -0.29615 0.49968 0.069789 0.0137489 -0.946862 -0.313677
0.915087 1.70688 0.499 -0.340911 -0.788672 0.281224 0.427422
0.49623 0.525117 0.499 0.0350002 -0.605681 -0.229172 0.761187
-2.2184 -1.78824 0.499 0.152603 -0.662109 -0.700959 0.216749
-4.58529 -1.89498 0.499 0.191834 -0.497957 0.777488 0.332791
1.57384 0.599159 0.499001 0.673301 -0.113031 -0.727066 -0.0725545
-1.45715 -0.238151 0.499 -0.714503 -0.168491 -0.396819 0.551027
-3.2247 -1.46957 0.499 0.43384 -0.874162 -0.0129448 -0.217845
0.627493 -3.35886 0.499 -0.0761282 -0.895904 0.435916 0.0392124
-2.54076 -0.319215 0.499 0.533778 -0.481196 -0.686371 -0.111474
-0.625174 -3.61896 0.499 -0.0752322 0.240384 0.158266 -0.954729
-0.458606 -1.24086 0.499 0.542732 0.0575694 -0.483482 0.684378
1.8596 -0.386062 0.499051 0.922926 -0.267291 0.190273 0.201391
0.794006 -0.809322 0.499 -0.944439 0.122189 0.301941 0.044011
-0.229614 -2.54116 0.499 0.555764 0.212539 0.018663 0.803495
-3.58693 -0.513968 0.499 0.347868 -0.212058 -0.417644 0.812153
-2.23983 0.63836 0.499 -0.571008 0.438498 0.28188 0.634203
0.264006 2.62724 0.499 0.652176 0.298687 -0.499437 -0.485814
-0.832316 1.5144 0.49749 0.496398 -0.423699 0.347658 -0.673202
-4.2793 -3.10403 0.499 0.0769951 0.379848 0.567708 0.726289
-1.46453 2.80078 0.499 0.949767 0.271162 0.0423151 -0.150412
-5.66599 0.0833363 0.499 -0.690433 0.255669 0.492366 -0.464233
-0.691268 0.524929 0.505712 0.331884 0.0345726 -0.727532 0.599463
-2.91996 1.85894 0.499 0.564375 0.373432 0.649068 -0.347477
1.26508 -2.26756 0.499 0.311894 0.589074 -0.73296 -0.135959
