26.1 0.695293 -1.66029 1
1.1395 -0.264055 0.499 0.676751 -0.681382 -0.175213 -0.216858
2.45773 -0.268173 0.499 0.260263 -0.869384 -0.279504 0.313549
1.23256 -5.30221 0.499 -0.451816 -0.292275 0.247727 0.805648
1.3698 2.88787 0.499 -0.137029 -0.93378 -0.176087 0.279769
1.98977 -1.40261 0.499 -0.396045 -0.761655 -0.165633 0.485383
0.35034 -4.32573 0.499 0.0347531 -0.724539 -0.0250401 0.687902
1.28927 -3.96563 0.499025 -0.932641 -0.262738 -0.153489 -0.193885
1.52996 -2.94699 0.499 -0.594288 0.140002 0.768605 0.190963
0.458973 -1.18172 0.499 0.0582708 -0.735703 0.624938 -0.254556
2.3461 -2.36891 0.499 0.167518 -0.937249 0.128425 0.277505
0.304043 0.483637 0.499 -0.294893 -0.782977 0.476418 0.270206
1.92075 0.579776 0.499 -0.901176 -0.149093 -0.238047 -0.330133
-0.52079 -3.81476 0.499 0.0759959 -0.556843 0.22642 0.795541
-0.88601 2.40662 0.499 0.0262367 -0.414925 0.90372 0.102171
0.651062 -2.22103 0.499 -0.541762 -0.232545 0.788771 0.173948
2.77279 1.19114 0.499 0.144545 -0.456061 0.736042 0.478913
-0.582482 -0.802263 0.499 0.464412 -0.877574 -0.0614438 -0.102034
0.500869 1.81581 0.499 -0.538248 0.141671 0.770889 0.309756
-0.775657 -2.81717 0.499 0.0400351 -0.645064 0.687916 0.330245
1.86186 1.60802 0.499 -0.575174 -0.384886 -0.573636 -0.438155
-0.309336 -1.88421 0.499 -0.677328 -0.591689 0.432254 -0.0654771
2.71638 2.85892 0.499 -0.461436 -0.537464 0.357623 0.608535
-1.05174 0.250222 0.499 -0.461436 -0.537464 0.357623 0.608535
3.3886 -1.83471 0.499 -0.217743 -0.469075 0.115151 0.848114
0.572043 -3.26875 0.498975 -0.0936976 -0.249921 0.919354 0.289049
