87.6 -0.769493 1.62723 1
1.10786 -0.719209 0.499 -0.175176 0.873633 -0.438778 0.116414
0.460191 1.58353 0.499 -0.668187 -0.0551502 0.00519836 0.741929
2.13876 -0.764134 0.499 -0.635337 0.172975 0.665111 0.352213
2.23593 -3.27057 0.499 -0.0804321 0.85177 0.366379 0.365765
-0.728723 -2.06571 0.499 0.438177 0.583252 0.657134 -0.189717
0.432746 5.91185 0.499 0.162239 0.858003 -0.150146 0.463644
0.550281 0.114719 0.499 0.568858 0.128117 -0.503491 0.63756
0.107297 -1.03042 0.499 0.160498 0.36179 0.879864 -0.263035
3.74858 -0.316278 0.499 -0.0377082 0.482996 -0.624553 -0.612557
-0.448201 0.044185 0.499 -0.086135 -0.930837 0.236933 0.264548
3.28982 -1.63933 0.499194 0.368057 0.189872 -0.404637 -0.815323
2.36819 -2.13639 0.498999 -0.0504297 0.678183 -0.174452 -0.712103
0.867075 4.40188 0.499 0.586065 0.293899 0.603774 -0.453442
1.6676 1.23642 0.499 0.819037 0.356452 -0.29506 0.339205
2.75794 0.210204 0.499 -0.559991 -0.086243 -0.133719 -0.813075
-2.21209 -1.08049 0.499 0.562794 -0.700944 -0.274309 -0.341606
-0.838829 1.78026 0.499 0.403176 0.45478 0.72308 -0.328297
-0.244905 2.79061 0.499 0.424658 -0.493083 0.702476 0.288205
-2.69481 4.72741 0.499 -0.252523 0.15578 -0.943124 -0.149942
0.284605 -2.11715 0.499 -0.228172 0.525883 -0.168365 -0.801896
-1.28453 3.31296 0.499 -0.0611028 0.782578 0.122906 0.607233
-1.97254 -0.0272684 0.499 0.215963 0.817306 -0.268023 0.462098
1.65239 0.177429 0.499 0.379663 0.0403473 0.718776 0.581024
-2.41117 1.84109 0.499 -0.262907 -0.939328 -0.080974 -0.204906
3.40864 1.96743 0.499 0.342 0.210158 0.310693 -0.861591
