26.9 1.17955 -1.35966 1
1.08787 -0.276796 0.499 0.594288 -0.274744 -0.253605 -0.712055
2.42673 -0.38019 0.499 0.423529 -0.782788 -0.32328 -0.321492
1.25767 -5.37413 0.499 -0.137961 -0.741005 0.128091 0.64457
1.56456 2.73814 0.499 0.288405 -0.954181 -0.0464901 -0.0648032
1.90132 -1.46639 0.499 -0.179963 -0.964015 -0.154459 -0.120129
0.368221 -4.35902 0.499 0.300107 -0.900176 -0.196266 0.247181
1.30374 -3.96673 0.499 -0.76841 -0.392626 0.325153 -0.386867
1.54819 -2.93759 0.499 -0.197489 -0.0975839 0.859172 0.461843
0.390191 -1.14835 0.499001 0.572714 -0.491983 0.495829 -0.429075
2.3636 -2.35534 0.499 0.466332 -0.870977 0.0132594 -0.154133
0.402452 0.463286 0.499 0.189633 -0.814481 0.533012 0.128683
2.07385 0.572819 0.499 -0.865151 -0.320073 0.179647 -0.341753
-0.478544 -3.78868 0.499 0.309681 -0.79865 -0.0430364 0.514201
-0.805549 2.15837 0.499 0.57821 -0.203448 0.694627 0.376531
0.613707 -2.20815 0.499 0.00394883 -0.416285 0.874366 0.249351
3.0608 1.12848 0.499 0.450445 -0.430765 0.494012 0.606213
-0.667513 -0.726295 0.499 0.521574 -0.569217 -0.200624 -0.603078
0.705083 1.59845 0.499 -0.371379 -0.435477 0.639983 0.512697
-0.764739 -2.79232 0.499 0.52315 -0.665929 0.503674 0.170781
2.1617 1.56893 0.499 -0.514936 -0.477158 -0.276877 -0.656125
-0.34457 -1.82792 0.498999 -0.221931 -0.638396 0.682739 -0.277606
2.85475 2.94485 0.499 -0.185897 -0.791478 0.361166 0.456688
-0.913368 0.336153 0.499 -0.185897 -0.791478 0.361166 0.456688
3.3942 -1.87815 0.499 0.0419591 -0.840536 -0.0707492 0.535474
0.578683 -3.27526 0.499 0.388847 -0.438663 0.710273 0.389725
