29.6 1.72591 0.511098 1
0.780732 -0.150073 0.499 -0.548598 0.585374 0.505843 -0.317019
1.99857 -0.495953 0.499 -0.0772665 0.653212 0.632428 -0.40912
1.08724 -4.7015 0.496942 0.770619 -0.462029 -0.429813 -0.0890893
1.91091 2.47739 0.499 0.362274 0.724748 0.561861 -0.166768
1.26971 -1.36309 0.499 0.662053 0.412573 0.439899 -0.444925
0.117623 -4.22676 0.499 0.617756 0.345927 0.179295 -0.683056
1.04042 -3.70675 0.502071 0.57429 -0.330535 0.661147 0.351883
1.29435 -2.66401 0.499 0.652328 0.0120059 -0.42014 0.630719
-0.0664878 -0.706252 0.499 0.486086 0.871044 0.0390368 0.0589872
2.12587 -2.07069 0.499 0.554359 0.601329 0.281077 -0.502081
0.327169 0.769878 0.499 0.901772 0.397974 0.164239 0.0380744
2.2766 0.783909 0.499 0.252173 -0.552995 0.564359 0.558663
-0.64691 -3.45605 0.499 0.793935 0.129338 -0.29937 -0.513144
-0.835557 1.77674 0.499 -0.0169029 0.694547 -0.707756 -0.128062
0.176688 -1.92004 0.499 0.82378 0.290966 -0.285824 0.393737
3.72757 1.15859 0.499 0.451732 0.737645 -0.477998 0.152761
-1.26544 -0.225292 0.499 -0.136117 0.715828 0.388665 -0.563916
1.1781 1.41828 0.499 0.652936 -0.0610083 -0.724505 0.21224
-1.03884 -2.46381 0.499 0.733829 0.641094 -0.193762 -0.113792
2.86519 1.74208 0.499 0.321428 -0.577744 0.749416 0.0356635
-0.802509 -1.42852 0.499 0.843992 0.270612 0.357835 0.293941
3.01079 3.47947 0.499 0.908247 -0.32415 -0.0470329 0.26039
-0.759358 0.765584 0.499 0.878985 -0.379947 -0.0860385 0.274996
3.10215 -1.78015 0.499 0.803258 0.108827 -0.0970311 -0.57751
0.289538 -3.05195 0.499279 0.639135 0.419397 -0.604402 0.224299
