63.8 1.05673 -1.45716 1
0.185575 2.75394 0.499 -0.170797 0.283022 0.936661 -0.11573
-1.93136 1.23013 0.499 0.363482 0.480027 0.694654 0.393587
0.592808 -0.0562718 0.498974 0.326746 -0.152685 -0.483776 0.797424
0.56361 -2.1432 0.499 -0.494721 0.408107 -0.149182 -0.752625
0.697991 1.74951 0.499 -0.231825 0.174893 -0.59984 0.745561
-2.84951 0.341719 0.496652 -0.268343 0.121114 -0.152057 0.943505
0.0232873 0.813913 0.499 0.745528 0.448912 -0.0481255 0.490255
1.7443 1.40069 0.499 -0.084288 -0.578984 -0.808303 0.0657154
-0.955412 3.26844 0.499 0.70086 -0.187826 -0.0889752 -0.682349
-1.92146 0.0135184 0.504629 0.670322 -0.0375244 -0.673214 0.309909
2.29526 2.61745 0.496358 0.113735 -0.362827 -0.917804 -0.114269
0.0491105 -1.22511 0.499 -0.65321 -0.260188 -0.0821791 0.706305
-3.78693 0.628719 0.522055 -0.292435 0.945552 -0.0997675 -0.102273
-0.750985 1.54254 0.499 -0.720576 0.423284 -0.540784 0.0956707
-1.7791 2.24829 0.498111 0.0865457 0.0345909 -0.991329 -0.0926337
1.0189 -0.960897 0.499026 -0.164565 0.330249 0.918003 -0.145341
-2.60802 -2.55119 0.499 -0.247435 -0.265775 -0.0498095 0.930408
-0.428483 -0.0887919 0.499185 0.794368 0.494655 0.260202 0.237888
-3.4821 -3.3289 0.499 -0.749997 -0.29435 0.539206 -0.245192
2.12884 0.311918 0.499 -0.329011 -0.538994 0.644347 0.43134
-3.69853 -2.34233 0.499 -0.516573 -0.496729 0.0247927 0.696991
1.19148 2.67856 0.499001 -0.242475 -0.685852 0.382385 -0.569731
-2.71947 1.86275 0.499016 0.32888 -0.532427 0.153724 0.764675
-0.934723 -1.44141 0.499 0.543138 0.489693 0.584099 0.352179
-1.13441 0.617243 0.499405 0.473029 -0.169366 -0.864328 0.0222918
