100.4 0.696572 1.65976 1
0.959984 0.0537536 0.499 -0.334058 -0.86769 -0.0437086 -0.365525
2.60352 3.48475 0.499 -0.0845605 0.682055 0.698349 -0.199898
1.63791 1.33142 0.499 0.069387 0.0466854 0.889842 0.44854
-0.933614 0.604559 0.499005 0.151571 0.375255 0.768 -0.496373
-2.45642 0.452398 0.499 -0.593394 -0.709013 -0.124456 -0.360133
2.6381 1.22413 0.499 0.356789 -0.747059 0.321783 -0.459413
0.0686389 0.514093 0.498999 -0.0744815 0.449483 0.722365 0.520199
-1.4531 -0.27554 0.498999 0.357937 -0.685555 0.584963 0.244365
-0.278044 -3.56174 0.499852 -0.596933 0.453058 -0.0856013 0.656569
-0.553573 1.53638 0.498997 -0.186114 -0.225164 0.271274 0.9171
-1.68148 -3.08622 0.499 0.766248 0.449599 -0.447214 0.103559
-0.0480379 -1.11074 0.498999 0.230309 0.136278 0.727709 -0.631526
1.93854 -0.172777 0.499 -0.697437 0.0385073 0.475897 -0.534435
0.952934 -1.25152 0.499001 0.414353 -0.102904 -0.866249 -0.259492
-1.58096 -1.90857 0.499012 0.371284 0.925386 0.00911338 -0.0756681
-2.56494 3.05347 0.499 -0.590159 0.67228 0.422272 0.146417
-1.26938 2.80647 0.499 0.880673 -0.230545 -0.177904 0.37365
1.48848 4.19759 0.499 -0.164302 -0.68064 -0.710621 -0.0689368
1.04928 2.57902 0.499 -0.703316 0.209657 0.231996 0.63841
-2.1535 -1.02849 0.499001 -0.783873 -0.493795 0.343042 0.155023
-0.0836153 2.43872 0.499096 -0.927195 0.0363628 0.259543 -0.267627
-2.51944 1.66405 0.499 -0.02414 -0.898361 0.236193 0.369564
0.629517 1.34207 0.499 -0.0142401 0.256011 -0.930293 0.262317
-0.259331 3.87041 0.499 -0.0532175 -0.794228 0.252397 0.55015
-0.544568 -2.08115 0.500008 0.531165 0.303476 0.259142 -0.747403
