22.2 -1.53018 -0.947923 1
1.47638 0.296706 0.499 -0.358208 0.719409 -0.152356 0.57526
2.94386 0.625644 0.499 -0.334656 0.938795 -0.0496274 0.0648612
1.14869 -4.3292 0.499 -0.361454 0.6478 -0.486651 -0.461386
0.522445 3.96819 0.499 -0.426121 0.236325 -0.83016 0.270936
2.42839 -0.363871 0.499 0.218693 0.899513 -0.268576 -0.266303
0.260474 -3.68505 0.499 -0.552701 0.748814 -0.35531 0.0869134
1.44061 -3.31643 0.499 0.825789 0.0618756 -0.560259 -0.0187861
1.64454 -2.33655 0.499 -0.167373 -0.384377 -0.793565 -0.441016
0.895339 -0.660096 0.499 -0.149433 0.275709 -0.780459 0.540869
2.55911 -1.6938 0.499 -0.348483 0.75052 -0.460038 0.321939
-0.137115 1.20523 0.499 -0.493422 0.0897927 -0.837896 0.215412
0.679848 1.83385 0.499 -0.297072 0.100499 -0.942492 -0.115575
-0.69753 -3.31549 0.499 -0.54722 0.743043 -0.358635 0.140779
-1.23968 4.23922 0.499 -0.611482 -0.126646 -0.73987 -0.250286
0.900114 -1.66614 0.499 -0.0698177 -0.125448 -0.960759 -0.237341
2.48383 2.0218 0.499 -0.863406 -0.0239183 -0.494681 0.0961747
-0.129373 -0.550223 0.499 -0.320246 0.773944 -0.251703 0.484871
-0.456093 3.49782 0.499 -0.241272 0.496569 -0.77848 -0.298623
-0.790297 -2.31597 0.499 -0.610127 0.220373 -0.706607 0.282645
0.25712 2.76559 0.499 -0.22035 -0.0203093 -0.973893 -0.0506595
-0.129891 -1.56315 0.499 0.331721 0.130945 -0.924402 0.135263
2.08042 3.06239 0.499 -0.426121 0.236325 -0.83016 0.270936
-1.6877 0.453696 0.499 -0.426121 0.236325 -0.83016 0.270936
3.3999 -1.00055 0.499 -0.380567 0.790945 -0.382273 -0.288864
0.518378 -2.59822 0.499 -0.742024 0.0782377 -0.664212 0.045844
