107.1 0.928593 1.54198 1
2.43985 -2.42213 0.499 0.570974 -0.215112 -0.479245 0.630904
4.15016 0.857123 0.499 0.769921 0.114311 -0.626217 -0.0447985
5.51763 0.494208 0.499 -0.243475 0.845398 -0.196886 -0.432733
-1.30006 -1.35053 0.499 -0.898515 -0.383573 0.170805 -0.127938
0.272769 0.999934 0.499 0.191318 0.321361 0.854889 -0.359567
6.64531 1.02795 0.530816 -0.89947 0.215754 0.248011 0.287913
1.14833 -2.97583 0.504387 -0.676466 -0.322751 -0.27734 0.601089
-0.559832 -2.11485 0.499 -0.787991 0.152157 0.508124 0.312615
-0.890942 -3.65081 0.534866 -0.688571 0.637407 0.345783 -0.00405526
0.604758 -2.05161 0.499 0.211703 -0.174103 -0.180012 0.944704
-2.49098 -1.43826 0.499 0.254318 0.854528 -0.439706 0.108459
0.449219 -3.68187 0.52552 -0.0179156 -0.882869 0.20576 0.421762
4.37501 -0.915796 0.499 -0.480499 -0.439963 -0.410636 0.637912
1.81111 -3.70088 0.502554 0.454513 -0.30616 0.808753 0.213546
-2.59281 0.131215 0.499 -0.409786 -0.358257 0.797914 -0.258961
-3.30511 0.899476 0.499 0.0545421 -0.000364805 -0.592099 -0.804017
1.53627 1.77314 0.499 0.15592 0.201983 -0.765066 -0.591241
3.2966 1.7946 0.499 0.40811 0.242853 0.075911 0.876759
3.68431 -0.0320887 0.499 -0.534255 -0.641597 -0.495417 -0.239765
-1.312 1.14133 0.499 0.446874 0.544061 -0.397278 0.588618
0.483792 -1.00023 0.499 0.251403 -0.53568 0.402366 0.698531
-1.84742 2.7759 0.499 0.0956953 0.973855 0.0599135 -0.197126
3.25207 -1.30052 0.499 -0.935014 -0.31519 -0.159332 -0.03191
2.2663 -0.95813 0.499 0.486587 -0.838639 0.23641 -0.0634722
-1.92667 -2.28536 0.499 0.247069 -0.884602 0.199828 0.341328
