21.5 -1.70566 -0.575101 1
1.60851 0.443135 0.499 -0.515393 0.774883 -0.280764 0.234728
3.09511 0.856079 0.499 -0.431322 0.855484 -0.105569 -0.266389
1.19764 -4.08455 0.499 -0.313131 0.488835 -0.477821 -0.6593
0.47229 4.07472 0.499 -0.368147 0.15052 -0.917439 0.0107851
2.57111 -0.107424 0.499 0.164083 0.765175 -0.227056 -0.57968
0.282563 -3.57061 0.499 -0.649521 0.613304 -0.403581 -0.197747
1.5692 -3.12034 0.499 0.927868 0.157171 -0.279509 -0.190348
1.7798 -2.14264 0.499001 0.165502 -0.498448 -0.728484 -0.439852
1.03765 -0.496464 0.498999 0.0830916 0.340742 -0.898083 0.265399
2.6699 -1.49712 0.499 -0.347141 0.764227 -0.543514 -0.00648074
-0.15231 1.40482 0.498957 -0.381659 0.120871 -0.916364 0.00179011
0.494977 2.16937 0.499045 -0.308407 0.0959479 -0.934328 -0.150696
-0.666389 -3.15539 0.499001 -0.605441 0.622811 -0.487407 -0.0893458
-1.23916 4.63816 0.498999 -0.437635 -0.0517857 -0.851772 -0.283335
1.01544 -1.49763 0.49901 0.233248 -0.199191 -0.873072 -0.379029
2.55836 2.25109 0.499 -0.707892 -0.0434389 -0.697185 -0.104577
0.0159464 -0.434978 0.499002 -0.441437 0.796311 -0.39662 0.11711
-0.563857 3.86973 0.499 -0.258229 0.258238 -0.893089 -0.262723
-0.728927 -2.15602 0.499022 -0.467199 0.16324 -0.867161 0.0557735
0.0257855 3.05473 0.498998 -0.269504 0.00763381 -0.952424 -0.142119
-0.0356303 -1.4354 0.498975 0.528948 0.189116 -0.814014 -0.147752
2.03026 3.16892 0.499 -0.368147 0.15052 -0.917439 0.0107851
-1.73785 0.560224 0.499 -0.368147 0.15052 -0.917439 0.0107851
3.46592 -0.780825 0.499 -0.390057 0.636972 -0.404605 -0.527652
0.56446 -2.39062 0.498991 -0.575985 -0.0840103 -0.812619 -0.0288656
