43.6 -0.21525 1.78708 1
-3.09097 4.77365 0.499 0.552291 0.624214 -0.468909 0.292329
0.720481 -1.27361 0.499 0.303346 0.258643 -0.880056 0.258043
-0.927822 0.453915 0.499 -0.723056 -0.0750114 0.337497 0.598046
2.6226 -0.477394 0.499 -0.564791 -0.26638 -0.780884 -0.0165225
-1.67783 4.15366 0.499012 0.353482 -0.240906 0.903717 -0.0175949
-1.90296 -1.5026 0.499 -0.206926 0.0459651 0.586563 -0.781673
-1.54522 2.28013 0.499 -0.378715 -0.630268 0.383302 0.558942
-1.08783 3.34636 0.498988 -0.30066 -0.736091 0.400725 -0.455184
-2.78303 2.39333 0.499 -0.249377 0.486218 0.60372 -0.580452
1.50672 -2.01165 0.499 -0.711241 0.336723 0.151153 -0.598253
-0.882291 5.69329 0.499 -0.876445 -0.300302 0.0718192 -0.369466
2.75712 -1.47437 0.502325 0.357723 0.485231 -0.133477 0.786619
-2.72005 -0.445771 0.499 0.165792 0.534803 -0.736227 -0.380089
-2.08342 3.18366 0.499 -0.677188 -0.566267 -0.361537 0.300082
-2.0484 1.40257 0.499 0.375765 0.619662 0.176277 -0.666143
4.51069 -0.310993 0.499 0.229602 0.800547 -0.073741 -0.548606
-4.10962 1.81346 0.499 -0.588683 -0.801505 -0.00421344 -0.105001
0.494522 -0.0341579 0.499 0.866784 0.477875 -0.0378242 -0.137441
-3.78606 0.572594 0.499 -0.64909 -0.115487 0.652309 -0.373949
4.87937 0.787038 0.499 -0.00550223 0.723193 0.307944 0.618169
-3.06606 1.30295 0.499 0.0944245 -0.0675354 -0.993057 0.0190049
2.45594 3.84411 0.499 0.650308 0.452922 0.510716 0.333363
-3.90343 2.88414 0.499 -0.336407 0.546627 0.594942 0.483811
3.4297 -2.20864 0.497157 0.434416 0.277685 0.595474 -0.616104
-2.13389 0.389726 0.499 -0.650094 0.55888 -0.513147 -0.0413749
