118.7 1.10509 -1.42084 1
-2.39827 -1.33825 0.498988 -0.215366 -0.287023 0.931457 0.0601886
0.253142 2.88616 0.499 -0.518911 0.747744 0.301451 0.284144
3.23371 2.62532 0.499 -0.205786 -0.205093 0.879796 0.376228
0.486312 1.58556 0.499009 -0.0952455 -0.249423 -0.544965 0.794814
3.03055 -0.49253 0.499 -0.0864718 -0.550581 0.824623 -0.0968556
-1.36548 2.34351 0.499 0.258814 0.898087 0.207334 -0.288909
-3.48274 -1.33762 0.499 -0.365085 0.899405 0.181897 0.15715
-0.811204 0.261316 0.499 -0.931835 -0.247648 -0.262724 -0.0364675
-4.77582 -1.67679 0.5179 -0.120908 -0.620925 -0.207437 0.746192
1.42622 1.95377 0.499 -0.487296 -0.0838015 -0.76962 0.403985
-2.0418 -0.170721 0.49825 0.0609868 -0.636675 0.485344 -0.596126
2.02573 0.962878 0.499 0.952745 0.298172 0.056951 0.0112751
2.28564 -3.37473 0.499 -0.444378 -0.282979 -0.702816 0.478017
-3.95922 -2.33843 0.498987 -0.640144 -0.278931 -0.650574 -0.298608
-4.48146 -0.719287 0.498394 -0.0348661 -0.0605914 0.910119 -0.408407
-3.39003 0.883023 0.498991 0.194037 -0.839195 0.00766907 0.507979
-1.75433 0.779131 0.499754 0.555427 0.395858 -0.251257 -0.68678
-2.43095 2.79543 0.499 0.943843 0.226993 0.193077 0.142676
2.43615 1.985 0.499 -0.124013 -0.505447 -0.0114395 0.853823
-3.06062 -0.189766 0.498997 0.0553067 -0.837422 0.391826 -0.377011
-0.56735 1.67383 0.498995 -0.658672 -0.242087 -0.688441 -0.183288
-2.61536 1.64777 0.499 -0.374201 0.74181 -0.420668 -0.36432
0.233169 -0.0881962 0.499 -0.134377 0.407031 0.82362 -0.371374
3.9196 -1.70716 0.499 0.632103 0.31331 -0.273987 -0.653616
-1.17738 -0.672939 0.498998 0.394254 0.0244178 -0.211564 -0.893984
