79.2 1.48594 1.01586 1
0.304586 -0.453789 0.499 -0.791535 0.221482 0.428871 0.374817
-1.56799 -0.00424454 0.499 0.566628 -0.821715 -0.0243465 0.0559035
2.08124 -4.06079 0.499 0.176901 -0.0739153 -0.981448 -0.00129456
-0.641118 -4.13698 0.499 -0.0892938 -0.433711 0.89563 0.0420586
-1.43281 -3.21083 0.499052 0.253876 -0.137866 0.465579 -0.836526
-3.40195 -0.161034 0.499 -0.284764 -0.932929 0.0303339 0.218251
0.992963 0.976069 0.499 0.418143 0.439407 0.352698 0.712518
0.950136 -1.572 0.498835 -0.385055 0.262814 0.557884 0.686605
3.57038 0.468422 0.499 0.375343 -0.404724 0.467248 -0.690649
-0.724176 -0.990819 0.499002 -0.110068 -0.433199 0.346783 0.8246
5.23742 -1.98284 0.499 -0.237309 0.737452 -0.489753 0.399988
0.798743 -4.19512 0.499009 0.201423 0.153394 -0.804478 -0.537321
-1.77042 1.96816 0.499 -0.176276 0.366383 0.135898 0.90345
2.81634 2.93149 0.499 0.545314 0.52795 -0.619275 0.200999
2.65772 -0.396986 0.499 0.597136 -0.0717803 -0.776877 -0.186382
-0.561946 -2.68133 0.499823 -0.878431 0.226502 0.389137 0.160086
-1.77956 -1.18702 0.499 -0.501087 0.418546 0.101011 -0.750684
-0.0340423 0.658574 0.499 0.431052 -0.739461 0.32253 0.404186
-2.81803 -1.09528 0.499 -0.043634 0.621371 0.202351 -0.755678
0.274007 -3.32601 0.498984 0.669808 -0.29119 -0.0235198 0.682651
-2.46858 0.455429 0.499 0.753545 0.263036 -0.501112 -0.334467
-0.0628612 -1.78857 0.499 0.181852 0.384459 -0.633419 -0.646453
2.81735 1.68466 0.499 -0.368202 0.478681 0.771719 -0.199353
-1.43939 -2.16845 0.499025 -0.0252099 0.902984 0.0681943 0.423478
0.610526 2.34802 0.499 0.403809 -0.304252 -0.854818 -0.116853
