76.2 -0.983609 -1.50749 1
-0.41336 -0.857789 0.499 0.614541 -0.537341 0.263885 0.513779
-3.26305 -0.119194 0.499 -0.332188 -0.256916 0.386995 0.820902
1.52314 -4.77257 0.499 0.868869 0.318186 0.351356 0.142738
-1.4274 -5.0681 0.499 -0.709005 -0.438375 0.0506788 0.550064
-1.63921 -3.42926 0.499 -0.378905 -0.509726 0.51961 0.571503
-4.18502 -0.879267 0.499 0.364554 -0.293194 -0.620025 -0.629847
-1.22049 -0.194106 0.499 0.326007 0.469707 0.816722 -0.0778489
1.45842 -1.55029 0.499 0.676396 -0.490378 -0.535675 -0.122759
2.3165 0.0639142 0.499 0.529315 -0.387013 0.180223 0.733188
-2.40492 -1.25524 0.499 -0.174924 0.0664116 -0.968037 -0.167018
3.53941 -0.341604 0.499 0.683985 0.442944 0.571341 -0.0976438
-0.33993 -4.71041 0.499 -0.121578 -0.387226 0.825727 -0.391727
-3.07037 1.42301 0.499 0.716807 -0.349382 -0.583094 -0.155312
1.81692 1.84717 0.499 -0.0880152 0.829007 0.498347 -0.238017
1.28148 0.14826 0.499 0.862009 -0.240375 0.0539802 0.442998
0.622038 -2.74599 0.499 0.692771 0.10691 0.581119 0.413448
-3.65444 -1.73944 0.499 -0.355105 -0.919574 -0.0432809 -0.162516
-2.26271 -0.0437665 0.499 -0.174026 -0.666888 0.49592 0.528241
-4.43239 -2.70143 0.499 -0.743733 -0.522613 0.160312 0.384756
-0.610003 -3.45842 0.499 -0.593304 0.776742 0.0159765 -0.210729
-4.2782 0.148736 0.499 -0.415521 0.657315 -0.194731 0.597795
0.461361 -1.47369 0.499 0.318324 -0.273024 0.907814 -0.00103982
0.780431 1.17635 0.499 0.670765 -0.636823 0.245868 0.289964
-1.3439 -2.10479 0.499 -0.133871 -0.79845 0.583691 -0.0621391
-0.97719 1.07748 0.499 0.393636 0.876134 -0.242861 0.135859
