101.4 -0.892565 1.56311 1
1.07468 0.291098 0.499 0.203543 -0.928757 0.0392445 0.307313
2.68651 4.13162 0.499 -0.501566 0.407783 0.523835 -0.554745
1.82194 1.75575 0.499 -0.403785 0.534059 0.465959 0.578464
-0.731337 1.37325 0.499 -0.175738 0.204405 0.70988 -0.650696
-1.83817 1.35627 0.499 -0.239365 -0.471119 -0.146804 0.836182
2.82094 1.50207 0.499 0.269895 -0.618187 0.703147 0.224914
0.278591 1.02403 0.499 -0.358811 0.820039 0.383908 0.226729
-0.951729 0.180383 0.499 -0.377621 0.185227 0.19442 0.886168
-0.431315 -2.93532 0.499 -0.193199 0.462947 -0.527965 0.685279
-0.291358 2.28547 0.499 -0.284002 0.784269 0.023279 0.55111
-1.92288 -2.30108 0.499022 0.684854 -0.239051 0.136864 -0.674609
-0.161313 -0.886118 0.499 -0.515225 0.26431 0.726809 -0.369367
2.03743 0.0199481 0.499 -0.84998 -0.42949 0.260576 -0.158659
0.817097 -1.25894 0.499 0.392404 -0.227782 -0.505351 -0.733999
-1.91949 -1.29863 0.498978 0.192295 0.812026 0.459231 -0.304539
-2.60493 4.33481 0.499 -0.030478 0.665705 -0.714766 -0.212173
-1.1017 3.63168 0.499 0.763609 -0.0115259 0.506331 0.400497
1.47853 4.77739 0.497308 0.35898 -0.531594 -0.72804 0.241865
1.37245 3.09957 0.499 -0.431927 0.472526 -0.644571 0.417956
-2.13792 -0.292112 0.499 -0.369706 0.302632 0.0504169 0.877034
0.330271 3.15681 0.499 -0.992822 -0.0548308 -0.101921 0.0301843
-2.16112 2.62294 0.499 -0.350546 0.13655 -0.624789 0.684186
0.784099 1.88691 0.499 0.650619 0.495234 -0.565897 -0.105823
0.488746 4.79623 0.500784 0.0075087 0.342621 0.555659 0.757494
-0.712572 -1.73057 0.499 0.00323076 0.458582 0.276983 -0.844377
