59.1 0.875077 1.57297 1
0.593588 3.08586 0.499 0.503724 0.110242 -0.850526 0.103509
-0.135625 -1.81302 0.498001 0.258091 -0.203298 -0.267519 -0.90581
2.77936 -2.70485 0.496076 -0.357191 -0.308677 -0.867333 0.157691
2.48113 -3.6595 0.516251 -0.21972 0.444334 -0.213542 0.841837
1.32639 1.31274 0.499 -0.171036 0.739729 0.5865 0.282075
-1.21005 -1.33864 0.499 -0.327744 0.607145 0.679892 -0.248408
1.61333 -0.797713 0.499089 -0.767144 0.576916 0.280239 0.0111346
2.93384 -1.71434 0.529549 -0.548043 -0.588399 -0.00521129 0.594481
-0.0552698 0.16266 0.49855 -0.196373 -0.43627 -0.817938 0.319504
0.0148748 -2.80264 0.50445 0.275885 0.132202 0.0975618 0.947044
2.69346 -0.695751 0.499 0.41977 0.638739 -0.58398 -0.273446
1.61832 -3.18108 0.498565 -0.562924 -0.23907 -0.479438 -0.629366
-1.72548 -0.330686 0.499 0.234816 -0.347045 0.612332 -0.670426
0.943564 0.324777 0.499001 0.620476 0.682737 0.297826 -0.245316
-0.244302 -0.818856 0.499887 -0.126166 0.20344 0.14701 0.95973
3.84394 -3.48026 0.497698 0.336227 0.371419 -0.451316 -0.738453
-0.958357 -2.5394 0.498788 -0.779781 0.614504 -0.0567165 -0.105404
1.1591 -2.30831 0.499341 0.34982 -0.701731 -0.128302 -0.607238
-1.80471 -3.07903 0.49907 0.301384 0.465309 -0.814786 -0.169647
3.77305 -2.29884 0.697828 -0.0324041 -0.581908 -0.737774 -0.340622
-2.3644 -1.40074 0.499 -0.888974 0.110866 0.179019 0.406677
1.6185 3.13685 0.499 -0.274725 -0.375253 0.359825 -0.808849
-1.30491 0.657496 0.499 -0.665321 0.702656 0.0454383 -0.24811
0.554128 -3.64752 0.497998 -0.101874 0.193851 0.419417 0.880984
0.757633 -1.32029 0.499002 0.331981 0.795142 -0.504301 -0.0567298
