65 1.77812 0.279798 1
0.587888 2.56735 0.499 -0.0861653 0.537607 0.359803 0.757691
-1.94519 1.57534 0.499 0.812966 0.324366 0.127735 0.466429
1.032 0.427852 0.498999 0.153618 0.0139935 -0.919835 0.360707
0.446367 -1.61468 0.499292 -0.472037 0.784453 0.0312394 0.401048
1.18689 1.66291 0.498995 -0.091963 -0.618134 -0.704225 0.336927
-1.89282 -0.331986 0.499 -0.466802 0.0133771 -0.538569 0.701328
0.215243 1.33605 0.499 0.786007 0.254225 -0.289802 0.483298
2.33515 2.00964 0.499002 -0.765442 -0.310644 -0.524261 0.206758
-0.447361 3.36741 0.51303 -0.67777 0.535692 0.125144 -0.487853
-0.949492 0.0566545 0.499 0.553671 0.0375226 -0.551595 0.622723
3.13726 3.35535 0.499 -0.0573821 0.121285 -0.989578 -0.0522779
0.0759087 -0.687728 0.505748 -0.556696 -0.644929 0.518977 -0.0694149
-2.81235 1.07006 0.499 -0.235392 0.248215 -0.938777 0.0409461
-0.810045 2.41343 0.499159 -0.794738 0.217256 0.2563 0.505472
-1.77322 2.69824 0.498998 -0.527501 0.142091 -0.725539 -0.418504
1.11038 -0.58956 0.499 0.422168 0.723597 0.546014 -0.0070925
-1.63672 -1.68103 0.4992 -0.721085 -0.660601 -0.135142 0.159309
0.0242382 0.316145 0.499001 0.838729 0.533445 -0.0382708 -0.102496
-2.29135 -2.4787 0.499 -0.771518 0.350197 0.525053 0.0802582
2.09125 1.02461 0.498998 0.300934 -0.541968 0.557545 -0.552135
-3.04472 -1.31219 0.498986 -0.414334 -0.834212 0.127017 0.341004
1.58822 2.75579 0.499 0.734115 -0.398045 0.529551 -0.149035
-2.76449 2.24634 0.499 0.68293 -0.528457 0.498846 0.0741125
-0.87228 -1.02364 0.497596 0.727799 0.286589 -0.453605 -0.427104
-0.782062 1.14081 0.499 0.267667 0.427357 -0.83822 -0.207622
