102.7 -1.78262 -0.24956 1
1.10602 0.27778 0.499 0.0462972 -0.139808 0.39386 0.907295
1.95614 3.73422 0.502322 -0.933964 0.273461 0.0948605 -0.2096
1.95491 1.97791 0.499 -0.224962 0.917025 -0.254478 -0.20904
-0.407582 1.996 0.499 -0.365333 -0.0537763 -0.230066 -0.900394
-1.43324 2.26918 0.499 0.470437 0.638401 0.492783 0.358187
2.94822 1.54075 0.499 -0.591192 0.0918137 0.672622 0.435479
0.356183 1.25697 0.517557 0.0148312 0.706724 -0.35034 -0.614478
-0.347437 0.426843 0.499 0.00710565 0.762574 -0.265886 -0.589691
-0.745355 -2.49875 0.499003 0.778613 0.363289 -0.258958 0.441275
0.00708728 2.93036 0.499 0.55407 0.332142 -0.129775 -0.752228
-2.27387 -1.75611 0.499 -0.767216 -0.562626 0.205167 -0.229648
-0.336458 -0.876127 0.499 -0.868449 0.393118 -0.230756 -0.19495
2.05109 -0.0494036 0.499 -0.787107 -0.142851 -0.452338 0.394266
0.488008 -1.56444 0.499 0.168068 -0.758542 -0.149414 -0.61159
-2.38633 -0.71372 0.499 0.264385 -0.0844077 0.509212 -0.814665
-2.73792 4.94078 0.56939 0.675468 -0.676001 -0.106946 0.27446
-0.985286 4.37813 0.499 -0.293747 -0.0577382 0.850803 -0.431872
1.41442 4.57523 0.496765 0.352775 -0.528319 -0.390167 0.666482
1.2242 3.05976 0.499645 0.490297 0.718047 -0.493872 0.0103836
-2.18033 0.330727 0.499 0.866877 0.427457 -0.051634 -0.251274
0.535625 3.81918 0.498969 -0.452316 0.431836 -0.603125 0.495145
-1.76438 3.52442 0.499 0.478308 0.605882 0.431311 -0.467011
0.841182 2.13392 0.497209 0.843814 -0.223652 0.473523 -0.117188
0.490531 4.96944 0.528526 0.267763 0.79414 0.533722 -0.113075
-1.14769 -1.57055 0.498997 -0.340124 0.161558 -0.305634 -0.87453
