81.6 -1.69512 0.605462 1
2.05502 0.999885 0.519417 0.459859 0.776487 -0.423095 0.0811637
-0.159926 1.35296 0.498998 -0.11535 0.466523 0.87569 -0.047088
2.14593 -0.911647 0.499 0.620024 0.397633 -0.148539 0.659844
-0.135264 -2.66368 0.499 0.324782 0.530211 -0.781809 0.0465532
-1.70121 -2.62654 0.499 -0.655793 0.254495 -0.204834 0.680596
-2.73856 1.84699 0.499 0.191877 0.867615 0.433002 -0.151449
2.57682 1.8382 0.491159 0.249239 -0.439924 -0.54971 -0.664956
1.39942 0.0841423 0.499131 0.103993 0.755874 -0.529211 0.371181
3.66897 1.25446 0.499 -0.536851 -0.337237 0.772372 -0.0387748
0.13682 0.393325 0.499003 -0.107042 0.87476 0.471082 -0.0376659
3.26186 -0.751335 0.499 -0.840391 0.394969 0.012879 0.370913
1.45434 -2.01027 0.499 -0.351008 -0.55824 0.282442 0.696697
-0.499318 2.64675 0.499 0.283744 -0.515648 0.327506 -0.739145
2.40232 3.87523 0.530454 0.566385 0.362 -0.116026 -0.731233
2.5005 0.108578 0.499177 0.436196 0.283131 0.331236 -0.787307
-0.590475 -1.31067 0.499 -0.646272 0.715651 -0.214333 -0.155683
-1.49558 0.203294 0.499 -0.358977 -0.5456 -0.757264 0.00254055
1.63047 2.07406 0.511806 0.071308 0.883226 0.188188 -0.423571
-2.35103 0.924692 0.499 -0.0537436 -0.406286 -0.799302 0.439499
1.10768 -1.03752 0.498977 -0.414778 0.464563 0.371446 0.688599
-1.16421 1.68649 0.499 0.220038 -0.817632 0.440269 -0.298704
0.1963 -0.627096 0.499022 0.180153 -0.701412 -0.623467 -0.29471
3.38094 2.35125 0.498846 0.0374837 0.0210297 -0.988596 0.144329
-1.57235 -0.832344 0.499 0.0210385 0.994084 0.084872 0.0644331
1.31909 4.09847 0.499 0.509069 -0.516238 0.65547 0.211438
