40.3 1.66766 -0.677418 1
-1.75743 2.90497 0.499 -0.0761766 0.747205 0.293285 0.591495
1.40482 -1.54693 0.499 -0.294351 0.539226 0.787196 -0.0539913
-1.24715 -1.00959 0.498971 -0.100746 -0.619627 -0.0410566 -0.77732
2.83552 -0.475043 0.499 0.682856 0.468199 0.31097 -0.466685
-0.996617 2.04323 0.499 0.626851 -0.467098 -0.393311 -0.483926
-2.18237 -2.64998 0.499202 0.900847 -0.335661 -0.0833883 0.2624
-1.03501 0.0687894 0.499 -0.283775 -0.705051 0.232328 -0.606958
-0.545958 1.12138 0.499 0.488699 -0.64714 -0.241769 -0.532852
-2.25243 0.379472 0.499 0.654466 -0.0705932 0.750587 -0.0575259
2.0502 -2.35016 0.499 0.933471 -0.219049 0.140948 -0.246544
-1.43817 4.1799 0.498998 0.978041 -0.0787678 -0.167411 -0.0959451
3.02061 -1.47826 0.499 -0.838151 -0.0773689 0.342926 -0.417035
-3.17425 -2.67227 0.498799 -0.228639 0.0460813 0.902675 0.361634
-2.42869 1.85928 0.499 0.389202 0.637183 0.164369 -0.644594
-2.2193 -0.766773 0.49913 0.398157 0.10266 0.182019 0.893197
5.73506 -1.18043 0.499 0.799733 -0.183153 -0.17547 0.544143
-3.95867 -0.0626492 0.499604 0.098864 0.0970923 -0.0570749 -0.988707
1.16428 -0.393744 0.499 -0.232003 -0.436498 0.267586 0.827068
-3.83224 -1.54508 0.498802 0.883803 -0.33944 0.00191503 -0.321978
5.01834 -0.0282135 0.499 -0.234099 -0.466537 0.181748 -0.833372
-3.22971 -0.746744 0.49875 -0.932003 0.190336 0.20428 0.231111
2.99431 3.13983 0.499 -0.3852 -0.814336 0.159078 0.403946
-3.24997 0.939726 0.499 0.0473125 -0.49615 0.822516 0.273978
4.27766 -3.04087 0.499 0.421212 -0.663119 -0.53995 0.302172
-2.70093 -1.73957 0.496252 0.232929 0.168647 0.833843 0.471177
