54.6 -1.67991 -0.646454 1
0.486809 2.54443 0.499 -0.767876 -0.459075 0.442172 -0.0640291
-1.0232 -2.24869 0.498997 0.448658 0.376651 0.131298 0.79975
2.26261 -0.52546 0.498292 -0.469806 0.0773398 -0.591771 -0.650468
1.65247 -1.31586 0.499187 0.302443 -0.660217 -0.617762 0.301682
1.50897 2.30625 0.499 0.41653 0.0991132 -0.140886 0.892654
-1.13954 -1.19272 0.499051 0.0522254 -0.844075 0.318999 -0.427843
1.55853 0.608025 0.499015 0.46488 -0.49656 -0.0252219 0.732584
2.59844 0.414048 0.503016 0.626882 -0.418836 0.337565 -0.5636
0.0360195 1.01726 0.499 -0.609892 0.182491 0.43621 -0.635964
-1.35997 -3.27487 0.499 -0.206518 0.0142191 -0.881884 -0.42359
2.64917 1.4113 0.497515 -0.793909 0.35953 -0.418115 0.256176
0.83807 -1.92019 0.499028 0.567099 0.671859 0.426233 -0.212909
-1.25183 -0.198372 0.498999 0.513677 -0.256114 -0.765841 0.289879
0.969116 1.42101 0.499 -0.103434 0.0877233 -0.600335 0.788165
-0.249034 -0.15062 0.49895 -0.639001 -0.111365 -0.0361134 -0.760245
3.66606 -0.666125 0.499 0.896465 0.0615529 0.171359 0.403978
-2.06325 -2.30529 0.499057 0.178088 0.731412 0.110566 -0.648919
0.361143 -1.0349 0.498996 0.478794 -0.409902 -0.537953 0.559771
-2.50209 -3.21298 0.499001 -0.312511 0.0724741 0.676142 -0.663262
3.62967 0.366524 0.498989 -0.596274 -0.103137 -0.0749918 -0.792588
-2.25318 -0.461998 0.499 0.377072 -0.385026 0.658836 -0.524888
2.1265 3.14826 0.499 0.73415 0.675948 0.0399722 0.0502069
-0.932932 0.765852 0.499053 0.845377 -0.496339 0.196447 0.0198499
0.23514 -2.73022 0.512787 -0.267433 -0.612391 -0.475916 -0.571805
0.776278 -0.112526 0.499 -0.54223 0.154757 0.716684 0.410368
