102.3 -1.75367 0.405776 1
1.08622 0.323853 0.499001 0.171962 -0.412385 0.235028 0.863209
2.16314 4.08176 0.518913 -0.805555 0.223885 0.11514 -0.536376
1.9043 1.95222 0.499 -0.44471 0.89304 -0.0536182 0.0428686
-0.517812 1.85511 0.499001 -0.36975 -0.0109125 0.179159 -0.911629
-1.54289 2.02583 0.499 0.285818 0.462203 0.273955 0.793489
2.89819 1.57106 0.499 -0.355042 -0.180832 0.743534 0.537031
0.366649 1.30985 0.499 -0.182207 0.865688 -0.128997 -0.448044
-0.548801 0.392189 0.499 -0.374286 0.890784 -0.21759 -0.138085
-0.656464 -2.55461 0.499 0.527414 0.470504 -0.465839 0.532405
-0.103468 2.76973 0.498999 0.27825 0.803002 -0.0633144 -0.523217
-2.18879 -1.88605 0.499 -0.319287 -0.735736 0.342428 -0.489379
-0.29457 -0.837323 0.499 -0.910079 0.296538 0.0983023 -0.272322
2.03724 0.0147265 0.498999 -0.855012 -0.361628 -0.290965 0.231344
0.581199 -1.4281 0.499 0.31577 -0.605313 -0.191613 -0.705103
-2.25459 -0.851368 0.499 0.212964 0.239165 0.654198 -0.68518
-2.66556 5.28413 0.499 0.699148 -0.507823 -0.502146 0.0340227
-1.03278 4.1905 0.499 0.0528456 -0.0298625 0.995425 -0.0737902
1.62969 5.00415 0.510503 0.386317 -0.42208 -0.474297 0.669067
1.54424 3.29711 0.503566 0.385117 0.576278 -0.719618 0.0416939
-2.18379 0.179588 0.499 0.609881 0.755477 -0.0651551 0.230337
0.49879 3.65198 0.499 -0.748044 0.240837 -0.531355 0.316369
-1.89851 3.28936 0.499 0.146558 0.979133 0.0219661 -0.139056
0.852537 2.19195 0.499 0.944674 -0.00345965 0.264531 -0.193912
0.643312 5.52421 0.499001 0.307577 0.836523 0.44155 0.103242
-1.02374 -1.61268 0.499 -0.313756 0.240362 -0.0612569 -0.916532
