86.9 0.356926 1.76426 1
1.3134 -0.63623 0.499 0.0154259 0.61174 -0.428559 0.664736
0.532723 1.54352 0.499 -0.563231 -0.119984 0.655455 0.488624
2.29533 -0.871955 0.499 -0.547779 0.238822 0.799859 0.0559185
2.12846 -3.25826 0.499 0.481864 0.42891 0.483449 0.591709
-0.580822 -2.19527 0.499 0.856505 0.457584 0.208432 0.116498
0.214538 5.31616 0.499 -0.180822 0.373034 -0.0954622 0.905006
0.813538 0.23504 0.499 0.310661 -0.273647 -0.079165 0.906829
0.416389 -1.09733 0.499 0.469447 0.079586 0.816391 -0.326789
3.90968 -0.27988 0.499 0.129029 0.612685 -0.778693 -0.0400621
-0.217866 0.0215423 0.499 -0.318891 -0.904009 0.0940306 -0.268764
4.00018 -1.91101 0.499 0.680147 0.0563684 -0.539577 -0.493031
2.94899 -2.20697 0.499 -0.218803 0.855573 -0.455668 -0.111747
0.830349 4.21722 0.499 0.989342 0.0713592 0.00781159 -0.126687
1.83107 1.2955 0.499 0.738849 -0.21635 -0.279821 0.573581
2.91233 0.0729506 0.499 -0.653066 0.330024 -0.233263 -0.640451
-1.84908 -1.18817 0.499 0.219315 -0.809497 -0.459054 -0.29306
-0.670347 1.53159 0.499 0.715634 0.403833 0.539183 -0.184576
0.0369724 2.68795 0.499 0.327389 -0.593545 0.723396 -0.131223
-2.40896 4.15559 0.499 -0.433438 0.35027 -0.781077 -0.281709
0.426725 -2.14852 0.499 -0.191838 0.789687 -0.404012 -0.41996
-1.05519 2.99635 0.499 0.0645274 0.598824 0.261041 0.754389
-1.56429 -0.170346 0.499 0.32135 0.708802 -0.0827759 0.622481
1.86494 0.223694 0.499 0.434288 -0.406417 0.76727 0.239827
-2.11712 1.40357 0.499 -0.294827 -0.780439 -0.138462 -0.533685
3.25863 2.13786 0.499 0.657078 0.278203 -0.496235 -0.494573
