35.9 -1.74791 -0.429898 1
-1.67342 1.42293 0.499 0.699992 -0.609298 -0.0647804 0.366839
0.623241 -0.901813 0.499 0.721917 -0.668038 -0.0780905 0.162673
-1.25974 -2.51797 0.499 -0.403859 0.891272 0.00863906 -0.206052
1.42536 0.537635 0.499 0.296232 -0.493661 -0.0978945 0.811765
-1.11545 0.536378 0.499 -0.447297 0.501007 -0.7378 0.0675899
-2.3607 -3.02329 0.499 -0.619425 -0.0561236 -0.776834 0.0984462
-1.32013 -1.40403 0.499 0.386775 0.692251 -0.324202 -0.515836
-0.805889 -0.418312 0.499 -0.778009 0.472351 -0.251907 -0.328831
-2.40779 -0.179256 0.499 0.257446 -0.275442 -0.912134 0.160827
1.08079 -1.79197 0.499 -0.148718 -0.069912 -0.495436 0.852959
-1.86829 2.57037 0.499 -0.72811 -0.238105 -0.623823 0.15494
1.6474 -0.442345 0.499 0.61524 -0.0588074 -0.265373 -0.739999
-4.07603 -3.37104 0.499 0.0441806 -0.467413 -0.668989 -0.576217
-3.25941 1.78223 0.499 -0.73246 0.0161066 -0.185394 0.654883
-2.35106 -1.26801 0.499 -0.289228 -0.767671 -0.367444 -0.438194
3.92656 -0.287751 0.499 -0.622402 -0.15164 0.000914743 0.767867
-4.04528 -0.512754 0.499 0.110717 0.724513 -0.215104 0.645409
0.363252 0.136352 0.499 -0.614 -0.242421 -0.414142 -0.626675
-3.96275 -2.37642 0.499 -0.112542 -0.123922 -0.855929 0.489248
3.14994 0.630597 0.499 0.637906 -0.15665 -0.668531 -0.348717
-3.63327 -1.42462 0.499 0.829288 -0.125337 -0.255862 -0.480736
2.0181 3.21034 0.499 -0.163922 0.0779966 -0.643829 -0.743324
-3.03466 0.640271 0.499 0.58271 -0.188689 -0.423081 -0.667718
2.79406 -2.59563 0.499 -0.49966 0.531387 -0.565967 0.384251
-2.92174 -2.16391 0.499 0.150236 -0.924497 -0.350334 0.000896611
