56.7 0.940098 -1.535 1
0.488556 2.33431 0.499 0.0912904 0.8488 0.335241 0.398521
-0.629012 -2.78272 0.498994 0.442051 -0.823093 -0.108922 -0.339477
2.8846 -2.31139 0.499 -0.414339 0.825363 0.300254 -0.238635
2.1112 -3.02451 0.499 0.0143568 -0.460371 0.298844 -0.83579
1.50272 1.36183 0.499 -0.00401967 -0.852881 -0.0541495 -0.519274
-1.19793 -1.86349 0.499 -0.573111 0.218731 0.162461 -0.772856
1.42772 -0.601945 0.499 0.498701 -0.578637 -0.0957591 -0.638206
2.7815 -1.16788 0.499 0.329427 0.657283 -0.129929 -0.665264
-0.0687142 -0.194922 0.499 0.300458 0.761289 0.205593 0.536559
-0.994083 -3.77646 0.499 -0.585823 0.0286219 0.323547 0.742502
2.7026 -0.0434785 0.499 -0.211045 -0.233574 0.832988 0.455009
0.901763 -3.18326 0.499 0.506253 0.197408 -0.691371 0.476177
-1.4495 -0.872376 0.499 -0.560995 -0.673905 -0.470597 0.0983666
0.881207 0.363267 0.499 -0.28953 -0.846758 0.425863 0.133466
-0.429538 -1.2214 0.499 -0.528955 0.709191 0.137505 0.445361
4.36887 -3.26697 0.499 -0.155557 -0.483798 -0.16313 0.845654
-1.94661 -3.37333 0.499 0.41983 0.853898 -0.267898 0.151103
0.2856 -2.34183 0.498048 0.0943376 -0.807594 -0.545426 0.203476
-2.61557 -4.24813 0.499 -0.220076 0.96914 0.108041 0.0257119
3.95847 -2.16396 0.499 -0.247239 0.257636 0.887908 0.290027
-2.3423 -1.36459 0.499 0.0995882 0.388548 -0.22212 -0.888693
1.81761 2.7157 0.499 0.36249 -0.369432 -0.812142 0.269345
-1.24412 0.120939 0.499 0.576151 -0.233603 -0.232929 -0.747812
0.025404 -3.81889 0.499 -0.886146 0.186799 0.401342 -0.137024
0.582193 -1.31779 0.499 0.731664 -0.261266 0.611875 -0.148379
