98.4 1.42314 -1.10212 1
0.172797 -0.479255 0.499 -0.629827 0.138526 -0.733537 -0.214599
1.79448 2.20979 0.499 -0.299787 0.599855 0.609117 -0.423413
0.724237 0.599679 0.498729 0.0404513 -0.548824 0.784947 -0.284629
-2.47205 -1.20168 0.504085 -0.297289 0.202791 0.925899 -0.114915
-4.35584 -1.49463 0.498032 0.294123 0.235084 -0.158815 -0.912691
1.91272 0.612649 0.499 0.000217625 -0.846736 -0.480192 -0.229027
-1.09848 -0.338532 0.499057 0.0566376 0.123355 0.963835 0.22934
-3.36449 -1.63494 0.500246 -0.187941 -0.13673 -0.137953 -0.962783
-0.326344 -3.92005 0.499 0.148974 0.797857 0.0426123 -0.582594
-2.1314 -0.177917 0.499066 -0.674679 -0.714419 0.129215 0.133109
-1.85994 -4.39824 0.499 -0.133785 0.931281 -0.236702 0.242467
-0.530099 -1.27391 0.499 0.400779 -0.914739 -0.0437795 0.0266767
1.59171 -0.601212 0.499 -0.208776 -0.311573 -0.403675 -0.834495
0.771096 -1.28241 0.499 0.630077 0.445891 0.273545 0.573896
-1.63295 -3.39078 0.499 0.0131828 -0.896605 -0.420202 -0.139127
-3.15644 0.130855 0.498951 -0.0422421 -0.748646 0.648231 0.132446
-2.3591 0.860243 0.498996 0.936913 -0.136181 0.226179 0.22911
0.882446 3.04069 0.499 -0.052763 -0.664425 -0.622257 0.410549
0.0326494 1.35435 0.498989 -0.295385 0.00169442 0.879303 -0.373591
-3.75936 -2.54172 0.498544 0.056534 -0.836655 -0.0255836 -0.544204
-0.981222 2.09939 0.499 0.109084 0.0880511 -0.362808 -0.921259
-3.91093 -0.565726 0.499127 -0.408299 0.66065 0.344594 -0.527342
-0.385833 0.427482 0.498752 -0.0976163 -0.275529 -0.627911 0.721306
-2.38061 2.3892 0.534133 -0.123592 -0.465973 -0.808839 -0.336709
0.302237 -2.538 0.499 -0.418774 -0.815082 0.31902 0.241861
