14.2 0.105329 1.79692 1
3.2723 1.38297 0.499 -0.14219 0.589951 0.556392 -0.567598
4.8665 2.28877 0.499 -0.14219 0.589951 0.556392 -0.567598
2.4752 -2.74746 0.499 -0.14219 0.589951 0.556392 -0.567598
0.989688 4.75254 0.499 -0.14219 0.589951 0.556392 -0.567598
4.32302 1.38297 0.499 -0.14219 0.589951 0.556392 -0.567598
1.58122 -3.29015 0.499 0.407308 -0.159376 0.699611 -0.565016
3.719 -2.19774 0.499 0.128517 0.840143 0.52581 -0.0341662
4.30204 -1.3752 0.499068 0.893156 0.438034 0.0914524 0.0451045
3.08736 -0.00863851 0.499 0.239091 0.705882 0.305829 -0.592482
4.39132 -0.379311 0.498902 -0.138039 0.611241 0.517048 -0.583087
0.373746 2.10761 0.499 -0.14219 0.589951 0.556392 -0.567598
0.917224 3.01341 0.499 -0.14219 0.589951 0.556392 -0.567598
0.581479 -3.22821 0.499 0.389264 -0.235451 0.718425 -0.526216
-0.676979 5.65834 0.499 -0.14219 0.589951 0.556392 -0.567598
3.3731 -1.00681 0.498625 0.432715 0.712227 0.402897 -0.378372
3.34476 3.19457 0.499 -0.14219 0.589951 0.556392 -0.567598
1.71433 0.404713 0.499 -0.14219 0.589951 0.556392 -0.567598
-0.0972687 4.78877 0.499 -0.14219 0.589951 0.556392 -0.567598
-0.0972687 -1.55181 0.499 -0.14219 0.589951 0.556392 -0.567598
0.409978 3.88297 0.499 -0.14219 0.589951 0.556392 -0.567598
2.37766 -0.919573 0.499377 -0.0723556 0.634887 0.568957 -0.517659
2.54766 3.84674 0.499 -0.14219 0.589951 0.556392 -0.567598
-1.22046 1.23805 0.499 -0.14219 0.589951 0.556392 -0.567598
4.8337 0.518011 0.499006 -0.140482 0.587142 0.558056 -0.569301
1.34945 -2.28831 0.499 0.233253 0.417712 0.616678 -0.625154
