45.1 -1.6184 0.787888 1
-3.85341 5.01721 0.499 0.887292 -0.44136 0.126552 -0.0435864
0.253129 -1.75522 0.499 0.950884 -0.192963 -0.198313 0.138765
-0.986036 0.518734 0.499 0.0328725 0.978699 -0.199815 0.0337889
2.03736 -0.438055 0.499995 0.333209 -0.413509 -0.558202 0.63749
-2.11975 4.59686 0.499 -0.785199 -0.302345 -0.0784202 -0.534697
-1.96899 -1.58763 0.499 -0.650351 -0.344554 -0.623598 -0.263539
-1.8082 2.6355 0.499 -0.592603 0.7957 0.116777 0.0452367
-1.41597 3.86428 0.499 -0.862193 0.246237 -0.305034 0.320851
-3.13815 2.75249 0.498975 -0.11219 -0.0401139 -0.802746 -0.584297
1.09447 -2.46187 0.49906 -0.369309 0.00387449 -0.803697 -0.466548
-0.788494 5.77631 0.499 -0.09137 0.306767 -0.641517 0.697138
1.65606 -1.47286 0.499 0.734758 0.512265 0.351927 0.271778
-2.7375 -0.154586 0.499 0.498068 -0.846459 -0.100618 0.159095
-2.42309 3.45299 0.499025 0.00666692 0.421547 -0.176733 0.889393
-2.27011 1.70915 0.499 0.00440452 -0.706941 -0.48542 -0.514376
2.98973 -0.0766741 0.499025 0.694291 0.197492 -0.691306 0.0324343
-4.37585 2.07591 0.499 -0.527796 0.449199 -0.263516 0.670978
0.0337994 -0.476555 0.499 0.61912 -0.30879 0.631708 -0.349691
-4.01424 0.833567 0.499 -0.514204 0.501955 -0.695361 -0.0104083
4.21744 1.11386 0.524761 0.689954 0.432088 -0.199248 -0.545493
-3.26126 1.4972 0.499 0.646348 -0.142496 0.219919 0.716634
2.05494 3.55839 0.499 0.153773 0.169289 0.734874 -0.638478
-4.31989 3.23283 0.499 0.187587 0.579579 0.0486292 -0.791539
2.0839 -2.52999 0.49894 0.261687 0.182009 -0.114094 -0.940944
-2.121 0.638365 0.499 0.922007 0.145181 -0.358054 -0.0249441
