66.6 -0.092104 1.79764 1
0.736189 3.2028 0.499001 0.0738438 0.358221 -0.758442 0.539435
-1.65662 2.41339 0.499047 0.386998 0.646265 0.0469636 0.656025
1.44081 1.20729 0.499 0.660536 0.21652 -0.224166 -0.683053
0.118627 -0.825032 0.498155 0.00449386 0.0892504 -0.419705 0.903251
1.31596 2.23711 0.499 0.818939 -0.455955 -0.314735 -0.14962
-1.38925 0.121959 0.499 -0.459435 -0.24319 -0.852315 -0.057766
0.176945 2.37343 0.498947 0.7537 0.509653 0.379559 0.167708
2.90331 3.04264 0.499 -0.445452 -0.326419 -0.723683 0.413892
0.0514788 4.16832 0.499 -0.496774 -0.0382359 -0.465995 0.731165
-0.643921 1.00234 0.498228 0.497009 0.768152 -0.291174 0.279538
3.84356 4.57123 0.499 0.615148 0.352141 -0.358142 -0.60772
0.632344 0.345462 0.499 -0.489576 -0.845153 -0.153598 0.149799
-2.63453 1.90201 0.499 0.660615 -0.627737 -0.229882 -0.341596
-1.25576 3.42837 0.498994 -0.912123 -0.015988 0.247792 0.326153
-2.24108 3.59901 0.499007 -0.100098 -0.489085 -0.0381975 -0.865631
1.63216 0.221985 0.499 0.0445314 0.892627 -0.0146943 -0.448351
-0.880864 -0.940761 0.499 -0.372433 -0.479671 -0.776957 -0.165975
0.325319 1.34976 0.499 0.55713 0.430172 0.381209 -0.599365
-1.65972 -1.67783 0.499 -0.472959 0.384155 -0.709539 0.353963
2.28424 1.81727 0.499 0.682654 -0.129291 0.521981 -0.494775
-2.55499 0.611622 0.499 0.0187819 -0.198595 0.374521 0.905506
1.76353 3.23143 0.499 -0.0461521 0.780215 0.185675 0.595533
-3.08549 3.06331 0.498999 0.250878 0.454003 0.76809 -0.375472
-0.385527 0.0379153 0.500462 0.516486 -0.313018 -0.30621 -0.735865
-0.74872 1.99555 0.499466 0.131481 0.293397 0.0696456 -0.944341
