49.9 1.77261 -0.312805 1
-1.10931 2.46878 0.499 -0.16658 0.00815576 0.896615 0.410203
0.561654 -2.73215 0.499 -0.367103 0.662542 0.589525 0.280595
1.38117 0.0325389 0.499059 0.698003 -0.485498 -0.231218 -0.472886
1.6187 -0.958741 0.498998 -0.0682985 0.853482 0.0951955 -0.507781
0.845673 2.55905 0.499002 -0.840613 -0.119485 -0.219925 -0.480339
-0.321177 -1.75576 0.499 0.803561 -0.384865 0.101094 0.442662
1.1172 1.14961 0.498991 -0.56998 0.503168 -0.470361 -0.448001
1.74638 2.09926 0.499 -0.322528 0.483723 0.113399 0.805685
-0.975807 1.37236 0.499 0.143308 -0.940204 -0.293515 0.0965807
0.853255 -4.04168 0.499 0.293282 -0.882408 0.259748 -0.260525
2.41944 2.88288 0.499 0.339119 -0.0438957 -0.841445 -0.418381
1.35576 -2.08657 0.499 -0.663533 0.132107 0.723102 -0.139267
-0.86077 -0.516911 0.499 -0.298268 0.513791 -0.344517 0.726886
0.276922 1.73156 0.499013 0.336494 0.664939 0.20725 -0.633778
-0.372623 0.557545 0.499 0.580869 -0.607153 -0.121492 0.52839
2.43385 0.00506386 0.499 0.481997 0.34191 0.791495 -0.155926
-2.6184 -0.255579 0.499 -0.576024 0.441999 -0.499439 -0.472646
0.688932 -1.33824 0.498999 -0.336084 0.650434 -0.518247 -0.442045
-3.03875 -1.82265 0.499 0.0464512 0.726639 0.324513 -0.603762
3.24009 0.623036 0.499 0.873767 -0.00461777 0.486182 -0.0116867
-1.64775 0.204761 0.499 -0.819816 0.035739 0.224993 0.52536
3.39878 3.20255 0.498998 -0.884225 -0.397779 -0.0406425 0.241383
-1.96151 1.5715 0.499 0.739847 -0.500419 0.223528 -0.390184
1.57703 -3.35112 0.499 0.800015 -0.459935 0.380356 0.0613547
0.390841 -0.128342 0.499 -0.351971 -0.750316 0.131579 -0.543902
