33 -0.554922 1.71233 1
-0.633614 1.01143 0.499 -0.589714 0.741531 -0.310084 0.0788493
1.1334 -0.146736 0.499 0.158272 0.415943 -0.829202 0.338178
-0.218943 -2.96967 0.499 0.199373 -0.858468 0.466128 -0.0775052
1.49867 1.81898 0.499 -0.432834 -0.285538 -0.854955 0.013182
-0.208524 0.105947 0.498771 0.0674329 -0.316682 0.803357 -0.499783
-1.2963 -2.98604 0.499 0.252321 -0.154953 0.309351 -0.903674
-0.344279 -1.89976 0.499 -0.466486 -0.325598 0.687861 0.450804
0.00754692 -0.869728 0.499229 0.778652 -0.408389 0.450267 -0.155494
-1.52595 0.0183216 0.499 -0.0417051 0.738714 0.0184161 -0.672475
1.45315 -1.09544 0.499 -0.49188 -0.139847 -0.630558 -0.583861
-0.918965 2.00634 0.499 0.605075 0.221221 0.410899 -0.645064
1.73557 0.701689 0.499 0.2427 0.967661 0.0290202 -0.0623447
-2.47307 -3.0002 0.499 0.619157 0.218131 0.647126 -0.387674
-1.97211 2.07015 0.499 -0.105135 -0.505902 -0.566403 -0.642026
-1.323 -0.977861 0.499 0.917648 0.193742 -0.0691939 -0.339998
3.71883 0.866435 0.499 -0.300207 -0.785433 0.0267409 -0.540606
-2.86677 0.0755302 0.499 -0.94177 0.305806 -0.0551667 -0.128483
0.809742 1.08425 0.499 -0.115861 0.0189906 0.754066 -0.64622
-2.55231 -1.99732 0.499 -0.0403043 0.569784 -0.267029 -0.776155
2.90273 1.63064 0.499 -0.316078 0.927635 -0.198411 0.0148308
-2.44063 -1.00312 0.499 0.119723 0.897285 0.424261 0.0234183
2.35892 3.82264 0.499 0.123965 0.527838 0.725994 -0.423029
-1.89037 0.958462 0.499 0.296572 0.738514 0.605495 -0.00429954
2.80046 -1.73635 0.499 -0.782423 -0.254143 0.442918 -0.356439
-1.54495 -2.01099 0.499 0.72403 0.617116 -0.287656 -0.110466
