31.1 1.01639 1.48558 1
0.309677 0.182412 0.498992 -0.91443 0.223931 0.316492 0.116216
1.59873 -0.385907 0.499047 -0.732017 0.571124 0.232668 0.289543
0.681966 -3.73255 0.498718 0.79687 -0.568098 -0.0925998 -0.183543
1.81382 2.31397 0.499 -0.794252 0.589386 0.143677 -0.0338251
0.666259 -0.754473 0.498384 0.495979 0.473488 0.720419 -0.103971
-0.316841 -3.70555 0.49852 0.205547 0.503762 0.504652 -0.670299
0.590739 -2.7321 0.498997 0.401119 -0.525053 0.538181 0.523244
0.788647 -1.74961 0.49903 0.857033 0.100025 -0.360181 0.354625
-0.60616 -0.461249 0.500954 -0.236948 0.964611 0.105275 -0.047938
1.91159 -1.51826 0.499 -0.216935 0.647366 0.227971 -0.69418
-0.0471365 1.11996 0.499003 0.390137 0.87481 0.268299 -0.102548
2.09973 0.882671 0.499 0.399518 0.26147 0.119708 0.870453
-1.20223 -3.24539 0.498932 0.622201 0.545942 0.319355 -0.46133
-1.14204 1.92367 0.498999 -0.292471 0.174234 -0.511298 -0.789099
-0.399399 -1.43811 0.497725 0.683896 0.58859 -0.426167 0.0650415
3.80849 1.15675 0.499 -0.0934999 0.578522 -0.0998626 -0.804113
-1.88713 0.0344756 0.499 -0.694525 0.479579 0.499392 -0.195569
1.17148 1.36491 0.499 0.548765 0.764383 -0.012055 -0.338274
-1.48667 -2.28742 0.499665 0.0689787 0.894388 0.0389096 -0.440226
2.96653 1.81997 0.499 0.0489364 0.125478 0.508879 0.850237
-1.38111 -1.2132 0.499003 0.34813 0.794296 0.181336 0.463698
2.80798 3.75792 0.499 0.831437 0.453908 0.239403 0.21299
-1.04028 0.924861 0.499004 0.805103 0.497521 0.0909773 0.309847
3.03043 -1.63925 0.499 0.280754 0.3608 0.676143 -0.577781
-0.465935 -2.43389 0.498923 0.414665 0.691603 -0.566543 0.169609
