15.2 -0.290232 1.77645 1
3.15927 1.37712 0.499 -0.284797 0.411936 0.484717 -0.717112
4.75348 2.28292 0.499 -0.284797 0.411936 0.484717 -0.717112
2.36217 -2.75332 0.499 -0.284797 0.411936 0.484717 -0.717112
0.876664 4.74668 0.499 -0.284797 0.411936 0.484717 -0.717112
4.20918 1.37846 0.499 -0.283761 0.412839 0.484039 -0.717461
1.4333 -3.17203 0.499 0.149766 -0.286253 0.704466 -0.631947
3.43638 -2.20547 0.499002 0.0746659 0.79752 0.583521 -0.133753
3.94032 -1.31704 0.499 0.922504 0.371985 0.0989056 -0.0288298
2.84213 0.152328 0.499 0.221478 0.594819 0.115333 -0.764092
4.21624 -0.335583 0.499 -0.284549 0.541975 0.349211 -0.709469
0.260722 2.10176 0.499 -0.284797 0.411936 0.484717 -0.717112
0.8042 3.00755 0.499 -0.284797 0.411936 0.484717 -0.717112
0.429646 -3.08809 0.499 0.131246 -0.369781 0.710815 -0.583762
-0.790003 5.65248 0.499 -0.284797 0.411936 0.484717 -0.717112
3.01244 -0.908965 0.499 0.503869 0.638569 0.377383 -0.442637
3.23174 3.18871 0.499 -0.284797 0.411936 0.484717 -0.717112
1.6013 0.398857 0.499 -0.284797 0.411936 0.484717 -0.717112
-0.210293 4.78292 0.499 -0.284797 0.411936 0.484717 -0.717112
-0.210293 -1.55766 0.499 -0.284797 0.411936 0.484717 -0.717112
0.296954 3.87712 0.499 -0.284797 0.411936 0.484717 -0.717112
2.0022 -0.88127 0.499 -0.019652 0.596799 0.568237 -0.566173
2.43463 3.84089 0.499 -0.284797 0.411936 0.484717 -0.717112
-1.33348 1.23219 0.499 -0.284797 0.411936 0.484717 -0.717112
4.73269 0.526133 0.499 -0.27261 0.393015 0.484445 -0.732486
1.21153 -2.15365 0.499 0.159463 0.174319 0.572136 -0.785394
