75.1 -1.79979 0.0272448 1
0.385158 -0.760327 0.499 -0.154327 0.555368 -0.546828 0.60723
-2.5497 -0.142948 0.499 0.266968 0.0641023 -0.817069 0.506969
1.5927 -3.99504 0.499 0.394495 0.853692 0.10653 0.322855
-0.994753 -3.98127 0.499 -0.762277 -0.287697 -0.334195 0.473791
-0.679662 -2.66921 0.499 -0.510916 -0.456342 -0.272348 0.67568
-3.77107 -0.977611 0.499 0.612477 0.618186 0.110934 -0.480012
-0.556084 -0.305702 0.499003 -0.437101 0.763911 0.166622 0.444544
2.24277 -1.43544 0.499014 0.694882 0.307807 -0.261347 0.595056
2.17908 0.238091 0.499 0.458953 0.252374 -0.678456 0.515138
-1.99061 -1.27551 0.499 0.0293155 0.57474 -0.0395688 -0.816853
3.21239 0.506671 0.499 0.830141 0.532967 0.153301 0.0575452
0.0336882 -3.82557 0.498985 -0.342522 -0.15599 0.890492 0.255675
-2.71248 1.08503 0.499 0.266234 0.887198 -0.201991 0.318118
1.7619 1.67162 0.499 -0.55654 0.433273 0.519351 0.482506
1.09781 0.440102 0.499 0.844098 -0.138541 -0.459897 0.238328
1.46067 -2.56021 0.499 -0.442777 0.614116 0.00570625 0.653282
-3.14411 -1.75678 0.499 0.710957 -0.556718 0.336764 0.266825
-1.5374 -0.0453443 0.498997 -0.0569654 -0.648498 -0.43306 0.623429
-3.62234 -2.76456 0.499 -0.000655572 -0.605855 -0.755783 -0.248456
0.323647 -2.86316 0.499015 -0.870625 -0.0411197 -0.479563 -0.101691
-3.56924 0.0596749 0.49913 -0.965242 0.123205 -0.219209 -0.0712478
1.24756 -1.33804 0.498986 0.226893 0.766665 0.554517 0.23077
0.299546 1.35184 0.499 0.364563 -0.152259 -0.832078 0.389303
-0.965313 -1.67353 0.499 0.454425 -0.575664 0.0338213 0.678944
-1.08367 1.02772 0.499 -0.526816 0.711192 0.180223 0.429173
