89 -1.77881 -0.275389 1
0.600004 -1.24224 0.499004 0.30857 0.673562 -0.117013 -0.661367
0.271754 1.32211 0.499 -0.0724467 0.59374 -0.647523 0.472163
1.53844 -0.81133 0.499 -0.620946 0.571909 0.535983 0.00822255
1.32209 -3.43202 0.499 0.178987 0.686066 -0.699306 0.0908187
-1.1221 -2.13577 0.498764 -0.376963 0.0182491 0.340548 -0.861158
0.491269 4.93521 0.52595 0.353967 0.34533 0.708309 -0.50374
0.00141492 -0.439868 0.499003 0.76931 0.459012 -0.444364 0.00338622
-0.612552 -1.23803 0.498993 -0.33672 0.61469 0.380468 -0.603341
3.33947 -0.720596 0.499 0.0793053 -0.219609 -0.380591 -0.894781
-0.998695 -0.233676 0.499 -0.160409 -0.19336 0.559246 0.790015
1.8944 -1.89577 0.499 -0.471252 0.0705901 -0.570287 -0.669112
0.866816 -2.24104 0.499025 0.759696 -0.0994464 0.314657 -0.560324
1.00514 4.04482 0.499074 -0.618717 -0.0611207 0.250016 -0.742257
1.24752 1.04583 0.499 0.717171 0.595319 0.179201 -0.314879
2.36315 0.15529 0.499 -0.217703 -0.579576 -0.592825 -0.51503
-3.01179 -1.19836 0.499 0.562103 -0.825762 0.025452 -0.0388437
-1.31287 1.84762 0.499 -0.199284 0.120105 0.484911 -0.843043
-0.843398 2.75535 0.499 0.0189484 -0.363997 0.713779 0.598052
-3.3349 4.91717 0.542788 0.430282 -0.181655 -0.678638 0.566842
-0.141408 -2.43669 0.499033 0.0208089 -0.179446 -0.329246 -0.926803
-1.81971 3.6149 0.499 0.356734 0.913898 0.156974 -0.113534
-2.85854 -0.0695986 0.499 0.64738 0.712477 -0.236431 0.13182
0.927358 0.0309367 0.499 0.184062 0.528428 0.787074 0.259613
-3.03832 2.37455 0.499 -0.685097 -0.423782 0.0510517 0.590292
3.37596 1.10086 0.512943 -0.597595 -0.352724 0.716714 -0.0691874
