11.8 0.904582 1.55619 1
3.50067 1.3142 0.499 0.291791 0.800984 0.460875 -0.246732
5.09487 2.22 0.499 0.291791 0.800984 0.460875 -0.246732
2.70357 -2.81623 0.499 0.291791 0.800984 0.460875 -0.246732
1.21806 4.68377 0.499 0.291791 0.800984 0.460875 -0.246732
4.5514 1.3142 0.499 0.291791 0.800984 0.460875 -0.246732
1.90516 -3.66105 0.499 0.804825 0.0151618 0.459904 -0.374852
4.22393 -2.25666 0.499 0.413482 0.856154 0.292072 0.103565
5.05435 -1.69594 0.499003 0.85474 0.499875 0.0707295 0.120593
3.54406 -0.374379 0.499 0.420802 0.761723 0.438808 -0.223946
4.6293 -0.487207 0.499 0.297187 0.797334 0.458029 -0.257193
0.60212 2.03884 0.499 0.291791 0.800984 0.460875 -0.246732
1.1456 2.94464 0.499 0.291791 0.800984 0.460875 -0.246732
0.86298 -3.64124 0.499 0.800939 0.00445058 0.4676 -0.373935
-0.448605 5.58957 0.499 0.291791 0.800984 0.460875 -0.246732
4.00437 -1.27256 0.499 0.446479 0.771539 0.354655 -0.282143
3.57313 3.1258 0.499 0.291791 0.800984 0.460875 -0.246732
1.9427 0.335943 0.499 0.291791 0.800984 0.460875 -0.246732
0.131106 4.72 0.499 0.291791 0.800984 0.460875 -0.246732
0.131106 -1.62058 0.499 0.291791 0.800984 0.460875 -0.246732
0.638352 3.8142 0.499 0.291791 0.800984 0.460875 -0.246732
2.70357 -1.00464 0.499 0.291791 0.800984 0.460875 -0.246732
2.77603 3.77797 0.499 0.291791 0.800984 0.460875 -0.246732
-0.992083 1.16928 0.499 0.291791 0.800984 0.460875 -0.246732
5.05864 0.444638 0.499 0.291791 0.800984 0.460875 -0.246732
1.63757 -2.69434 0.499 0.373415 0.760723 0.46452 -0.257065
