33.1 -0.639094 1.68272 1
-0.681902 1.0386 0.498849 -0.53458 0.768664 -0.34187 0.0806559
1.10912 -0.140707 0.499 0.23861 0.388571 -0.824991 0.333867
-0.267134 -2.94145 0.499 0.13112 -0.862328 0.482988 -0.0769413
1.48167 1.78106 0.499 -0.371637 -0.308606 -0.874848 0.0358973
-0.252786 0.135398 0.499071 0.0303315 -0.361071 0.769003 -0.526633
-1.34643 -2.97115 0.499 0.244116 -0.199991 0.275587 -0.907999
-0.394079 -1.86804 0.499 -0.517951 -0.294556 0.691031 0.409195
-0.0331023 -0.840118 0.499079 0.728317 -0.447236 0.484988 -0.185259
-1.56866 0.024158 0.499 -0.0145539 0.711164 -0.00533079 -0.702855
1.42749 -1.08979 0.499 -0.472609 -0.171367 -0.674896 -0.540176
-0.964002 2.03844 0.499 0.611058 0.151617 0.397115 -0.667773
1.71616 0.68021 0.499 0.247433 0.959862 0.0329318 -0.127893
-2.54061 -2.99888 0.499 0.622389 0.179368 0.649294 -0.398593
-2.02881 2.07287 0.499 -0.103863 -0.517965 -0.591083 -0.609546
-1.36981 -0.978143 0.499 0.921413 0.153215 -0.0467503 -0.354031
3.71369 0.839285 0.499 -0.305299 -0.824825 0.00450197 -0.475853
-2.91874 0.0658202 0.499 -0.934441 0.319641 -0.090987 -0.127948
0.788427 1.05844 0.499 -0.144794 -0.0423456 0.743065 -0.651994
-2.61259 -1.99424 0.499 -0.0255743 0.548486 -0.300698 -0.779801
2.89895 1.60881 0.499 -0.291878 0.927995 -0.224265 -0.0577683
-2.49661 -1.00036 0.499 0.136367 0.887503 0.439938 -0.0140562
2.33486 3.81417 0.499 0.0912288 0.498747 0.723008 -0.469242
-1.94226 0.960566 0.499 0.29873 0.723791 0.620418 -0.0443595
2.78794 -1.75333 0.499 -0.815866 -0.268378 0.381643 -0.341591
-1.60275 -1.99886 0.499 0.756425 0.584097 -0.271615 -0.11348
