94 -0.0399228 1.79956 1
0.400998 -1.13966 0.499 -0.836197 0.185175 -0.394036 -0.333498
0.733044 0.892609 0.498964 0.533673 -0.198044 -0.665338 -0.483008
0.933873 -0.161289 0.499002 -0.247331 -0.320942 -0.913177 0.0439355
-0.79857 -2.8155 0.499 0.0414948 0.855412 0.353093 -0.376663
-2.67417 -2.23079 0.499 -0.304861 -0.556425 -0.316756 0.705065
1.94637 0.701316 0.499 -0.217834 0.661033 -0.36682 0.617273
-0.643632 -0.566849 0.499 -0.0157197 -0.500706 0.0347742 -0.864776
-1.55198 -1.74068 0.499 0.443401 -0.836126 -0.181051 -0.267414
3.17683 -3.08221 0.499209 -0.41772 -0.524907 0.577716 0.465002
-1.72061 -0.446159 0.498085 0.254643 0.788699 -0.55846 -0.0351096
1.1617 -3.12137 0.499 0.648392 0.450934 -0.0293737 -0.612686
0.177641 -2.26411 0.499 -0.908228 0.263725 -0.269966 -0.180805
3.37766 -1.06805 0.553024 0.180822 0.845919 0.287909 0.410892
1.98121 -0.38143 0.498998 -0.687815 -0.50092 0.301261 -0.430385
2.0382 -1.65975 0.499 0.67151 -0.522443 0.165012 0.498898
-2.69906 -0.666565 0.506074 -0.672493 0.200097 -0.683414 -0.201644
-1.15558 0.379219 0.499455 -0.731892 -0.58507 -0.180671 0.298973
0.289522 2.02085 0.499 -0.216575 0.738342 0.190432 0.609657
-1.10412 2.19019 0.499 -0.314974 0.111249 -0.431247 0.838118
-2.08697 -3.21446 0.499 0.181749 -0.148776 -0.783495 0.575299
-1.16826 3.27008 0.499 -0.320803 -0.387354 0.0471682 0.863028
-4.26463 0.101531 0.499 -0.295577 -0.235035 0.76232 -0.525605
-0.0481909 0.26121 0.499024 -0.630686 0.141844 -0.643575 -0.409788
-2.11847 0.645082 0.499233 -0.264871 -0.0953682 0.19224 0.940102
3.64707 -2.16097 0.498983 -0.390835 0.0759405 0.0591007 -0.915417
