100.8 0.0555772 1.79914 1
1.0274 0.168959 0.499 -0.0733848 -0.984606 -0.00328451 -0.158606
2.65973 3.76192 0.499 -0.25431 0.605503 0.694071 -0.294886
1.73327 1.52124 0.499 -0.106706 0.22453 0.759267 0.601427
-0.827693 0.927884 0.499 0.0561709 0.346959 0.779808 -0.518038
-2.18851 0.835241 0.499 -0.528999 -0.824727 -0.15696 0.123891
2.73427 1.35377 0.499 0.417673 -0.726445 0.501831 -0.214458
0.177692 0.734409 0.499003 -0.188831 0.594307 0.612398 0.485912
-1.23522 -0.0691491 0.499 0.120051 -0.469291 0.506898 0.713027
-0.316488 -3.29173 0.499 -0.493935 0.415605 -0.284398 0.708815
-0.429329 1.85814 0.499 -0.28048 0.164057 0.159484 0.932192
-1.76152 -2.73963 0.499 0.878877 0.271696 -0.266182 -0.287929
-0.0807346 -1.00811 0.499 -0.0488472 0.243014 0.821437 -0.513615
2.00265 -0.0793495 0.499 -0.765197 -0.169098 0.476637 -0.398368
0.924819 -1.24102 0.499 0.380747 -0.111962 -0.764941 -0.507308
-1.69824 -1.65017 0.499 0.274667 0.936661 0.183914 -0.115755
-2.56712 3.59225 0.499 -0.536443 0.842101 -0.0535661 0.0150222
-1.17989 3.15576 0.499 0.901641 -0.130407 0.0348374 0.410881
1.5049 4.44897 0.499 0.0402882 -0.648151 -0.760312 -0.0142388
1.15118 2.81542 0.498536 -0.684936 0.321742 -0.191351 0.625084
-2.12667 -0.712967 0.499 -0.727884 -0.276427 0.275602 0.563753
0.158823 2.73507 0.499464 -0.986321 -0.0274516 0.0969973 -0.130414
-2.35809 2.07122 0.499 -0.198925 -0.701804 -0.223334 0.646546
0.713184 1.57894 0.498997 0.212895 0.403191 -0.883892 0.104147
0.0654027 4.25858 0.499 0.0107379 -0.445341 0.426561 0.787148
-0.576153 -1.9197 0.499 0.321257 0.449833 0.284055 -0.783426
