56.6 0.806427 -1.60925 1
0.471069 2.32886 0.499 0.0172867 0.863759 0.364588 0.347415
-0.642567 -2.76656 0.499148 0.464882 -0.839316 -0.0686707 -0.273346
2.84186 -2.24437 0.499 -0.398228 0.836495 0.21763 -0.307128
2.07732 -2.96217 0.499 -0.000197237 -0.551449 0.231005 -0.801587
1.49284 1.38674 0.499 -0.0276482 -0.911683 -0.0491311 -0.407009
-1.20325 -1.84181 0.499 -0.592473 0.146743 0.134323 -0.78064
1.41801 -0.559875 0.499 0.508078 -0.653141 -0.0798074 -0.555782
2.75776 -1.10868 0.499 0.384347 0.575315 -0.119392 -0.712064
-0.0761844 -0.156159 0.499 0.294777 0.811087 0.255315 0.435957
-1.02712 -3.76863 0.499 -0.597721 0.105485 0.262353 0.750183
2.68732 0.00734543 0.499 -0.301141 -0.152182 0.8279 0.448037
0.884956 -3.14048 0.499 0.590479 0.220265 -0.619305 0.468273
-1.4579 -0.854584 0.499 -0.515745 -0.662406 -0.514821 0.173739
0.871892 0.395646 0.499 -0.351586 -0.812311 0.407108 0.225392
-0.441847 -1.19205 0.499 -0.556109 0.732559 0.107726 0.377484
4.31952 -3.161 0.499 -0.117848 -0.447139 -0.0852254 0.882562
-1.96659 -3.3398 0.499 0.464484 0.847996 -0.242475 0.0797695
0.253148 -2.3043 0.503139 0.116003 -0.792913 -0.548487 0.238735
-2.62711 -4.21455 0.499 -0.222428 0.964944 0.121373 -0.0683881
3.93131 -2.0638 0.499 -0.319015 0.28418 0.886013 0.180144
-2.35285 -1.33778 0.499 0.118291 0.304943 -0.211738 -0.920969
1.81532 2.72223 0.499 0.450164 -0.340112 -0.767937 0.303231
-1.24889 0.141186 0.499 0.606112 -0.302852 -0.194963 -0.709153
0.0198849 -3.78449 0.499 -0.918968 0.172248 0.309826 -0.172732
0.568849 -1.27658 0.499 0.657824 -0.272839 0.684074 -0.157701
