106.2 1.76261 0.364977 1
2.19648 -2.03461 0.499 0.222295 -0.714526 0.329701 0.575616
3.77841 1.14726 0.499 0.472454 -0.483881 -0.248059 0.693623
4.83562 0.561782 0.499 0.313267 0.830162 -0.451841 0.0923833
-1.28128 -1.1668 0.499 -0.859229 0.408367 -0.097499 -0.292329
-0.0144107 1.19168 0.499 0.489865 0.0923533 0.371693 -0.783165
6.24715 0.725295 0.499 -0.510821 0.644011 0.554584 0.129414
0.890028 -2.43262 0.499 -0.732283 0.142441 -0.032123 0.665161
-0.521939 -1.88822 0.499 -0.286036 0.571835 0.654019 -0.404286
-0.780043 -3.74005 0.499 -0.204826 0.494846 0.333906 -0.775681
0.423752 -1.49668 0.499 -0.176698 -0.198803 0.703282 0.659279
-2.35955 -1.45852 0.499 0.553475 0.697964 -0.153673 0.427664
0.384538 -3.32619 0.499 -0.705628 -0.448377 0.442118 0.32493
3.82381 -0.902031 0.498981 -0.462358 -0.225791 0.327151 0.792601
1.51723 -3.48514 0.499 0.0301606 -0.656345 0.568017 -0.49564
-2.52499 -0.0389424 0.499 -0.764265 0.0753391 0.259641 -0.5855
-3.03626 0.929804 0.499 -0.437661 -0.422955 -0.741315 0.282866
1.15917 2.05643 0.499 0.353276 0.136589 -0.632269 0.675851
3.01742 2.0847 0.499 0.719051 -0.140643 0.664219 -0.148316
3.2462 0.295435 0.499 -0.875195 0.142411 -0.249865 0.389
-1.56639 0.851785 0.499 0.0364682 0.420486 0.256708 0.869461
0.494304 -0.482361 0.499 0.00349302 -0.237483 0.94686 0.2169
-1.76911 2.72132 0.499 0.732974 0.521099 -0.301664 -0.316549
2.82348 -0.782139 0.498664 -0.686387 0.710027 -0.1119 0.110508
1.98573 -0.237588 0.499374 -0.629177 -0.769148 -0.0894463 -0.0674279
-1.668 -2.26688 0.499 -0.506577 -0.677131 0.151574 0.511761
