28 1.65559 -0.706403 1
0.984242 -0.298844 0.499208 0.242017 0.468453 0.0215498 -0.84942
2.32473 -0.458465 0.499 0.506146 -0.1005 -0.0347973 -0.855865
1.23796 -5.40448 0.499 0.451982 -0.849041 -0.197236 0.189576
1.7781 2.60079 0.499 0.809884 -0.411478 0.20686 -0.363294
1.71643 -1.45541 0.499 0.353951 -0.587468 -0.0206998 -0.727442
0.33856 -4.33625 0.499 0.651184 -0.584448 -0.300364 -0.379686
1.26939 -3.89969 0.499 -0.157893 -0.529226 0.763069 -0.335731
1.51721 -2.85725 0.499 0.333434 -0.322989 0.477643 0.745894
0.274223 -1.00104 0.498808 0.921309 0.113768 0.211674 -0.30568
2.33918 -2.27049 0.499 0.779951 -0.321966 -0.0567933 -0.533656
0.453072 0.550841 0.498983 0.75445 -0.555501 0.348903 0.0221163
2.22889 0.627645 0.499 -0.485374 -0.597541 0.621411 -0.145624
-0.474703 -3.68428 0.499 0.62412 -0.665693 -0.408858 0.0127521
-0.749162 1.88557 0.499 0.76644 0.35588 -0.0886752 0.527311
0.508097 -2.12188 0.499 0.675224 -0.386672 0.486121 0.397798
3.40488 1.10963 0.499 0.712104 -0.0970425 -0.0206686 0.695028
-0.838679 -0.553295 0.499 0.408092 0.151525 -0.108411 -0.893727
0.948795 1.42431 0.499002 0.0767058 -0.821219 -0.0404184 0.563988
-0.803976 -2.68959 0.499 0.957925 -0.274362 0.0771971 0.033849
2.52072 1.60808 0.499 -0.197347 -0.620892 0.225442 -0.724378
-0.453463 -1.68983 0.499 0.511299 -0.434515 0.706733 -0.224273
2.99076 3.13155 0.499 0.320175 -0.882906 0.180455 0.292234
-0.77736 0.52285 0.499 0.320175 -0.882906 0.180455 0.292234
3.34765 -1.86933 0.499 0.50137 -0.795032 -0.333983 -0.0707671
0.533533 -3.21563 0.499 0.807478 -0.339418 0.066622 0.477846
