62.2 -1.33852 -1.20348 1
-0.361331 4.03962 0.50302 0.158563 -0.796895 0.302782 -0.498135
-1.72273 0.716677 0.499 -0.738906 0.152723 -0.146718 0.639661
0.847641 -0.431459 0.498669 0.330801 -0.0149411 -0.588762 0.737365
0.878689 -2.38094 0.499 0.46106 -0.722552 0.484111 -0.176009
0.241247 2.22493 0.499013 -0.41993 0.887219 -0.00281421 -0.191032
-2.65396 -0.0175512 0.499 -0.0270528 0.170533 -0.916043 -0.36201
0.355868 0.454989 0.49899 0.301305 0.948221 -0.0700563 0.0720008
1.71152 0.531562 0.499027 0.640414 0.541603 0.210623 -0.50217
-1.11996 3.24777 0.499 0.570262 -0.247694 0.105674 0.776068
-1.46032 -0.461133 0.499 -0.202283 0.529731 0.422575 -0.707034
1.97523 1.86283 0.499 0.531946 -0.358253 0.398325 -0.655763
0.253865 -1.52037 0.498995 0.41009 0.0463939 -0.909879 0.0423457
-3.60463 0.537704 0.499 -0.843527 -0.205471 0.144407 -0.474753
-0.19915 1.32135 0.49903 -0.0170684 0.237253 -0.751265 -0.615646
-1.3627 2.25598 0.499 0.55576 -0.0532893 -0.187472 -0.808174
1.39266 -1.27198 0.499 -0.520065 -0.625176 0.0122171 0.581841
-2.43564 -2.34954 0.499 -0.00797967 0.280656 -0.917413 0.281996
-0.222042 -0.490147 0.498997 -0.763898 0.429976 0.298394 0.377546
-3.36011 -2.88643 0.499 -0.298552 -0.952094 0.0520367 -0.0409465
2.36033 -0.234369 0.498973 0.109702 0.114784 -0.805647 0.570721
-3.58323 -1.89385 0.499 -0.227671 -0.0518613 -0.613072 0.754731
0.519871 3.19719 0.498997 -0.704961 -0.554154 0.425597 0.121697
-2.43337 1.51514 0.499 0.180549 0.262585 -0.681138 0.659167
-0.651636 -1.94468 0.499005 -0.786437 -0.569962 -0.200159 0.128831
-0.649319 0.413968 0.499003 0.870886 0.271331 -0.246957 -0.327032
