5.6 1.75045 0.419431 1
3.74237 0.989406 0.499 0.954846 0.295028 0.0348464 -0.00354082
5.33657 1.8952 0.499 0.954846 0.295028 0.0348464 -0.00354082
2.94526 -3.14103 0.499 0.954846 0.295028 0.0348464 -0.00354082
1.45976 4.35897 0.499 0.954846 0.295028 0.0348464 -0.00354082
4.79309 0.989406 0.499 0.954846 0.295028 0.0348464 -0.00354082
2.24955 -4.80052 0.499002 0.996464 0.0749929 0.0260767 -0.0275012
4.86555 -2.59755 0.499 0.954846 0.295028 0.0348464 -0.00354082
5.91628 -2.59755 0.499 0.954846 0.295028 0.0348464 -0.00354082
3.85106 -0.822188 0.499 0.954846 0.295028 0.0348464 -0.00354082
4.86555 -0.822188 0.499 0.954846 0.295028 0.0348464 -0.00354082
0.843815 1.71404 0.499 0.954846 0.295028 0.0348464 -0.00354082
1.38729 2.61984 0.499 0.954846 0.295028 0.0348464 -0.00354082
1.19882 -4.80052 0.499002 0.996464 0.0749929 0.0260767 -0.0275012
-0.20691 5.26477 0.499 0.954846 0.295028 0.0348464 -0.00354082
4.35831 -1.72799 0.499 0.954846 0.295028 0.0348464 -0.00354082
3.81483 2.801 0.499 0.954846 0.295028 0.0348464 -0.00354082
2.18439 0.0111453 0.499 0.954846 0.295028 0.0348464 -0.00354082
0.372801 4.3952 0.499 0.954846 0.295028 0.0348464 -0.00354082
0.372801 -1.94538 0.499 0.954846 0.295028 0.0348464 -0.00354082
0.880047 3.48941 0.499 0.954846 0.295028 0.0348464 -0.00354082
2.94526 -1.32943 0.499 0.954846 0.295028 0.0348464 -0.00354082
3.01773 3.45317 0.499 0.954846 0.295028 0.0348464 -0.00354082
-0.750388 0.844479 0.499 0.954846 0.295028 0.0348464 -0.00354082
5.30034 0.119841 0.499 0.954846 0.295028 0.0348464 -0.00354082
1.89454 -3.1048 0.499 0.954846 0.295028 0.0348464 -0.00354082
