88 -1.30148 1.24344 1
0.968372 -0.816719 0.499004 -0.125422 0.900885 -0.347772 -0.227443
0.397758 1.55662 0.499 -0.59685 0.115937 -0.337911 0.718433
2.01469 -0.748049 0.498285 -0.699723 0.217123 0.537147 0.417994
2.08041 -3.2926 0.526721 -0.202828 0.95542 0.127267 0.172734
-0.826529 -2.04365 0.499 0.136621 0.451805 0.771787 -0.426088
0.531035 6.20532 0.499 0.419835 0.904557 -0.071761 0.0191342
0.386071 -0.00186168 0.498996 0.642317 0.323253 -0.559702 0.41191
-0.0984999 -1.0368 0.499 -0.0600939 0.453925 0.828752 -0.321733
3.62889 -0.383507 0.499 -0.0265165 0.293994 -0.49277 -0.818561
-0.616395 0.0113875 0.499 -0.048256 -0.785313 0.294455 0.542449
2.75942 -1.50011 0.499 0.0660654 0.162002 -0.438138 -0.881718
1.86585 -2.13476 0.499 0.197734 0.505982 0.132621 -0.829032
0.868814 4.45681 0.499 0.155141 0.235653 0.759772 -0.585787
1.54728 1.15594 0.499 0.786635 0.57472 -0.157014 0.162015
2.64159 0.242642 0.499 -0.443274 -0.31132 -0.195155 -0.81762
-2.44569 -1.0661 0.499 0.666113 -0.67877 -0.15754 -0.265983
-0.962236 1.87621 0.499 0.191537 0.374133 0.761574 -0.493298
-0.433837 2.80309 0.499 0.340609 -0.431021 0.692968 0.466907
-2.8843 5.00716 0.499 -0.0485525 0.0503824 -0.997018 0.0325329
0.175307 -2.14482 0.499 -0.140846 0.277464 -0.110556 -0.943903
-1.4425 3.44723 0.499 -0.0518533 0.897103 0.107146 0.425484
-2.23284 0.00820431 0.499 0.256237 0.860003 -0.29425 0.328869
1.50235 0.109929 0.499715 0.244036 0.285698 0.684649 0.624562
-2.59966 2.04115 0.499 -0.332743 -0.937329 -0.0851652 0.0586792
3.46842 1.82257 0.499 0.01476 -0.02213 0.631389 -0.77501
