119.9 1.76772 0.339372 1
-0.832355 -1.84543 0.498993 0.00047342 0.980963 -0.0387509 -0.19029
1.10604 2.57929 0.499015 -0.173296 -0.327525 -0.546023 0.751368
3.96924 3.34706 0.499 0.225359 -0.280586 0.932715 0.0229778
1.69477 1.7359 0.499001 -0.868999 0.383725 -0.278456 0.141629
3.99519 -0.23463 0.499 0.211172 -0.812405 0.532411 -0.109284
-0.181629 1.79612 0.502902 -0.914315 0.217658 -0.336952 0.0558296
-1.87449 -1.23786 0.499 -0.520394 0.730665 0.359662 -0.25683
0.12834 -0.39683 0.499 -0.0343766 -0.942039 0.331829 -0.0356342
-3.2453 -0.597586 0.499 0.495155 -0.278345 -0.0152591 0.822868
2.37206 2.79096 0.499 -0.123558 -0.565024 -0.554523 0.598319
-0.835407 -0.824375 0.499 0.250898 -0.252875 0.920799 -0.158849
3.02685 1.58029 0.499 0.976333 0.028144 -0.083655 0.197442
2.43095 -3.50608 0.499 -0.252127 -0.963295 0.0162853 0.0907155
-2.74006 -1.79024 0.498559 -0.691073 -0.646941 -0.115652 0.30085
-2.80054 0.348094 0.499 0.101457 -0.384489 0.901349 -0.171594
-1.94142 0.875602 0.499906 0.608853 -0.374364 0.618921 0.325709
-0.975147 0.258728 0.499079 0.617421 0.78213 -0.0511338 -0.0667032
-1.33635 2.93361 0.499 0.604323 0.680708 0.138167 0.390307
3.35535 2.5449 0.499 -0.376087 -0.581511 0.0474363 0.719829
-1.88307 -0.181113 0.498921 0.516904 -0.634132 0.505873 -0.273458
0.312713 0.774231 0.499 -0.303028 -0.538362 -0.505891 -0.602009
-1.03339 1.28391 0.495633 -0.570806 0.0785598 0.501517 -0.64536
1.23454 0.330186 0.499 -0.0748086 0.575426 0.73853 -0.343311
5.12508 -1.4921 0.499 -0.0890026 -0.219272 -0.21306 -0.947947
0.189521 -1.53803 0.499018 0.497948 0.391839 -0.0394252 -0.772629
