54.5 -1.72713 -0.506987 1
0.511894 2.55913 0.499002 -0.708805 -0.540347 0.447427 -0.0736848
-1.0235 -2.21184 0.498997 0.413593 0.437659 0.0672961 0.795529
2.25677 -0.442302 0.49925 -0.501639 0.064641 -0.596927 -0.622782
1.6482 -1.23583 0.498977 0.30153 -0.626378 -0.647485 0.31224
1.52959 2.35689 0.498999 0.436647 0.156774 -0.158614 0.871552
-1.11815 -1.16057 0.499325 0.121043 -0.832356 0.336858 -0.423154
1.5887 0.666566 0.499102 0.448034 -0.486692 -0.0467976 0.748469
2.61442 0.491745 0.498989 0.635715 -0.427362 0.337236 -0.547267
0.0636257 1.08112 0.499001 -0.629274 0.140723 0.438241 -0.626223
-1.34816 -3.24398 0.499 -0.182122 -0.0474964 -0.8366 -0.514467
2.67073 1.49524 0.499 -0.787919 0.333559 -0.44963 0.256428
0.857886 -1.85758 0.498974 0.546674 0.683159 0.428808 -0.224868
-1.20915 -0.165576 0.499078 0.510894 -0.250453 -0.779184 0.26293
0.996371 1.47572 0.499 -0.0789259 0.0918564 -0.631125 0.766169
-0.216315 -0.0878231 0.498599 -0.599264 -0.171986 -0.00726836 -0.781825
3.65655 -0.530982 0.499 0.929685 0.0624022 0.110143 0.345919
-2.05079 -2.24603 0.498543 0.14745 0.746844 0.111534 -0.638782
0.392766 -0.969734 0.499002 0.46635 -0.420595 -0.556292 0.544202
-2.47173 -3.15936 0.498999 -0.281516 0.0466558 0.710911 -0.642789
3.63625 0.498563 0.499184 -0.576463 -0.110717 -0.0915894 -0.80439
-2.239 -0.415123 0.499 0.417113 -0.352593 0.67884 -0.490786
2.16517 3.16757 0.499 0.70966 0.701994 0.0394838 0.0450285
-0.893832 0.791869 0.49895 0.848984 -0.499667 0.16983 0.0267611
0.269813 -2.67103 0.514718 -0.223596 -0.619874 -0.454635 -0.599223
0.822269 -0.0524056 0.499 -0.55877 0.179086 0.682096 0.436405
