86.7 0.672425 1.66968 1
1.35411 -0.624917 0.498997 0.115666 0.511661 -0.377278 0.763207
0.538075 1.51608 0.499 -0.498921 -0.0806374 0.79095 0.344926
2.32022 -0.912722 0.499 -0.541011 0.272256 0.793305 -0.0620487
2.08006 -3.268 0.499 0.604615 0.264419 0.503288 0.557874
-0.552911 -2.24887 0.499 0.919251 0.346996 0.0808947 0.167416
0.134732 5.13233 0.499 -0.247156 0.226302 -0.0461285 0.941049
0.87178 0.25508 0.499003 0.200007 -0.345653 0.107872 0.910431
0.485522 -1.1272 0.498999 0.507979 -0.031487 0.780133 -0.363812
3.93838 -0.283402 0.499 0.223486 0.590172 -0.763371 0.137897
-0.168686 0.000713274 0.499 -0.406974 -0.831178 0.0286936 -0.377745
3.98358 -1.91293 0.499 0.630695 -0.0233825 -0.668705 -0.393079
2.96422 -2.23672 0.499 -0.171086 0.899638 -0.393941 0.0786842
0.805458 4.14751 0.499 0.985398 -0.0574387 -0.159267 -0.0180176
1.86036 1.29865 0.499 0.665501 -0.376623 -0.199966 0.612599
2.93868 0.020449 0.499 -0.635121 0.429182 -0.30485 -0.565235
-1.76255 -1.23297 0.499 0.101012 -0.835293 -0.494131 -0.2189
-0.640511 1.44824 0.499 0.775751 0.349644 0.494982 -0.175934
0.0998895 2.64513 0.499 0.232955 -0.611969 0.713917 -0.248088
-2.34479 3.97867 0.499 -0.433368 0.403134 -0.747739 -0.300932
0.4488 -2.16944 0.499 -0.13235 0.810266 -0.479932 -0.309221
-1.00722 2.89236 0.499 0.111933 0.567211 0.322909 0.749315
-1.46582 -0.22374 0.499 0.374722 0.681951 0.00416505 0.6281
1.90775 0.223944 0.499001 0.377952 -0.513521 0.762397 0.110444
-2.04841 1.26252 0.499 -0.326255 -0.723095 -0.181277 -0.581231
3.19914 2.17178 0.499 0.660845 0.197312 -0.668153 -0.279148
