70.1 0.208832 -1.78784 1
0.962243 1.5494 0.499022 0.567398 -0.364468 -0.519293 0.524936
-2.90282 1.55132 0.499 0.767622 0.283135 0.394717 0.418078
1.66045 -1.35492 0.499 0.45482 -0.474169 0.542536 -0.523409
-0.38907 -1.30793 0.499 0.73297 -0.52902 0.296023 -0.308647
0.322496 0.302559 0.499 0.320655 0.640692 0.4526 -0.530893
-2.91979 -0.282838 0.499 -0.640809 -0.127265 -0.474215 0.590159
-0.107669 1.5559 0.499 -0.788481 0.583325 0.183201 0.0668417
2.71841 0.797866 0.499017 0.451668 -0.697043 -0.556565 0.0190348
0.643053 2.4984 0.498978 0.541511 0.188341 0.805974 -0.147311
-2.42071 0.644509 0.499135 -0.121978 0.240688 -0.208795 -0.939997
1.70741 2.79415 0.499 -0.512654 0.682361 -0.457728 -0.249108
0.599851 -0.799965 0.499 -0.150605 -0.589439 -0.365585 0.704434
-3.99942 1.38915 0.501502 0.429989 0.63696 -0.142953 0.623663
-1.28137 2.62026 0.499001 -0.0247364 0.250837 -0.953654 -0.164358
-2.28859 2.78299 0.499 -0.211902 -0.901992 -0.367811 0.0788858
2.50701 -1.92379 0.499 0.531623 -0.210677 -0.666396 0.478444
-1.42484 -1.24099 0.499 0.0750114 -0.469201 -0.423956 0.771028
-0.846226 0.76363 0.499 -0.311445 0.17368 0.209575 -0.910448
-1.52203 -2.29058 0.498999 0.369297 -0.822534 0.411914 -0.13185
1.68718 -0.258533 0.499 0.5989 -0.140322 -0.154987 -0.77305
-3.79056 0.419192 0.498297 0.938146 -0.30264 0.152369 0.0712414
1.72203 0.882464 0.498983 -0.497352 0.367575 0.303021 -0.725057
-3.27931 2.50582 0.498991 0.012336 -0.144158 -0.852683 0.501994
-0.950743 -0.288623 0.498992 -0.229967 0.114843 0.955401 -0.145381
-1.5743 1.47112 0.499 -0.183957 -0.238965 -0.831018 -0.467401
