97 -0.652297 -1.67765 1
-0.11842 -0.382378 0.499 0.0629172 0.0281296 -0.965947 -0.249392
1.10233 1.79708 0.499 -0.796344 -0.344436 0.471915 0.156514
0.468908 0.524528 0.499 -0.176734 -0.690347 0.231783 0.662165
-2.39299 -1.66163 0.499 -0.549226 -0.605298 -0.267256 0.510431
-4.93792 -1.92235 0.499 0.235401 -0.346526 0.84901 -0.322007
1.58587 0.569906 0.499 0.632266 -0.444823 -0.63238 0.0496753
-1.511 -0.274224 0.499066 -0.725603 0.26832 0.128237 0.620532
-3.49961 -1.63001 0.499 0.181034 -0.881303 -0.137482 -0.414284
0.262665 -3.58293 0.499 -0.15175 -0.755556 0.335872 -0.54157
-2.63751 -0.364675 0.499 0.0966629 -0.805649 -0.582498 0.0477739
-1.07979 -3.8606 0.499 -0.00348035 0.475869 -0.030587 -0.878977
-0.567992 -1.28855 0.499 0.61235 -0.246316 -0.202074 0.723548
1.7009 -0.508348 0.499 0.72276 -0.687559 0.0292744 -0.0634334
0.704255 -1.00453 0.499 -0.596394 0.581825 0.541711 0.1111
-0.747317 -2.86407 0.499 0.495578 -0.150047 -0.0427456 0.854436
-3.68952 -0.543099 0.499 0.284347 -0.452698 0.0613545 0.84288
-2.37352 0.608268 0.499 -0.107641 0.52088 0.693268 0.48629
0.365568 2.70219 0.499 0.776165 -0.145108 -0.608072 -0.0822219
-0.656289 1.43114 0.499 0.117327 -0.464521 0.599842 -0.640815
-4.65643 -3.19862 0.499 0.275633 -0.187751 0.863623 0.378062
-1.40512 2.54447 0.499 0.870704 0.0270029 -0.0169156 -0.490774
-5.78812 -0.0978779 0.509833 -0.46743 0.642067 0.354436 -0.493594
-0.782028 0.414909 0.498935 0.385578 0.104132 -0.579992 0.709996
-3.0038 2.03338 0.499 0.680099 0.0494373 0.0567395 -0.729247
0.904287 -2.41693 0.499 0.183801 0.372785 -0.676011 0.608488
