37.5 -0.781056 -1.62171 1
-1.78255 1.64693 0.499 -0.493373 -0.583899 0.126429 -0.632187
0.82887 -1.45132 0.499 0.057624 -0.815142 -0.126046 -0.562437
-1.36954 -2.2715 0.499 0.674175 0.19327 -0.247828 0.668368
1.85956 -0.145535 0.499 0.194044 -0.883761 0.28425 0.317042
-1.15082 0.769401 0.499 0.0797093 0.226762 0.471118 0.848689
-2.40362 -3.16522 0.499 -0.632809 0.306599 0.412997 0.578778
-1.29504 -1.18338 0.499 0.329908 -0.144689 -0.583065 0.72819
-0.789951 -0.173349 0.499 0.238316 0.523964 -0.0226304 0.817408
-2.42988 -0.291006 0.499 -0.748206 -0.472553 -0.1093 0.452698
1.35472 -2.30987 0.499 -0.339433 -0.498796 0.298425 0.739547
-1.92762 2.87882 0.499 -0.331274 0.505798 0.69674 0.385977
2.06817 -1.13397 0.499 0.274699 0.0371849 -0.840091 -0.466267
-4.49727 -3.62549 0.499 -0.822562 0.495987 -0.269617 0.0685227
-3.5052 1.62064 0.499 -0.00957601 -0.0553349 0.969098 0.240198
-2.46953 -1.40851 0.499 -0.901313 0.351581 0.0941852 -0.234851
4.50562 -0.927284 0.499 -0.437881 -0.0765482 0.621593 0.644998
-4.25183 -0.795489 0.499 0.450112 -0.550411 0.0593416 0.70066
0.575952 -0.371334 0.499 -0.596308 0.714104 -0.211065 -0.299873
-4.28883 -2.64197 0.499 -0.56116 -0.59688 0.420611 0.389769
3.75077 0.0761057 0.499 0.120486 -0.454976 -0.882209 -0.0136686
-3.83097 -1.7501 0.499 -0.132079 -0.173793 -0.971751 -0.0897299
2.2945 2.86977 0.499 -0.495026 0.453972 -0.722418 0.164232
-3.20146 0.461687 0.499 -0.481357 0.0516645 -0.873854 0.0447773
3.25497 -3.07246 0.499 -0.18014 0.392639 0.00648326 0.901855
-3.07326 -2.42074 0.499 -0.819618 -0.301746 0.00117531 -0.487006
