43.9 -0.560654 1.71046 1
-3.26198 4.85758 0.499 0.73413 0.538701 -0.352475 0.215905
0.608487 -1.33472 0.499 0.517089 0.253407 -0.796063 0.186248
-0.957988 0.502095 0.499 -0.771764 0.215641 0.170742 0.573347
2.5261 -0.468923 0.498442 -0.335324 -0.321454 -0.879642 0.102253
-1.78472 4.27759 0.499 0.0757815 -0.414841 0.901932 -0.0931747
-1.93469 -1.48439 0.499 -0.380784 -0.171734 0.418185 -0.806618
-1.62491 2.39959 0.499 -0.61052 -0.397572 0.335181 0.597375
-1.16717 3.49102 0.499 -0.529555 -0.748738 0.260097 -0.302179
-2.87113 2.50152 0.499 -0.310535 0.370026 0.397239 -0.780289
1.40754 -2.06683 0.499 -0.71324 0.194173 -0.0363308 -0.672507
-0.882055 5.74511 0.499 -0.909646 -0.286894 -0.247231 -0.170625
2.55674 -1.46543 0.499791 0.4169 0.593619 -0.0222398 0.68798
-2.74206 -0.352318 0.499 0.440649 0.283408 -0.74393 -0.41482
-2.15705 3.26773 0.499 -0.592258 -0.426095 -0.476614 0.490421
-2.11139 1.50183 0.499 0.378139 0.348459 0.139055 -0.846316
4.17117 -0.230351 0.499 0.342873 0.750038 -0.171578 -0.538927
-4.18139 1.90116 0.499 -0.687008 -0.694066 -0.181891 0.114926
0.383855 -0.0874219 0.499 0.869961 0.413777 0.194953 -0.184256
-3.84473 0.66512 0.499 -0.839957 -0.0615073 0.378609 -0.383855
4.75319 0.908727 0.499 0.124438 0.875081 0.257603 0.390371
-3.12517 1.37512 0.499 0.358338 -0.020348 -0.914392 0.187263
2.35721 3.82218 0.499 0.530168 0.485747 0.670399 0.183133
-4.00525 2.9891 0.499 -0.381781 0.6781 0.59097 0.212552
3.19465 -2.23215 0.497831 0.421287 0.239291 0.511842 -0.709419
-2.14992 0.477762 0.499 -0.354256 0.644439 -0.648037 -0.198112
