40.4 1.70559 -0.575304 1
-1.77069 2.96944 0.499 -0.076942 0.718465 0.258864 0.640998
1.41123 -1.5308 0.499 -0.315661 0.528656 0.787111 0.0365691
-1.21299 -0.960189 0.499004 -0.0805617 -0.601131 -0.00182111 -0.795077
2.85621 -0.467267 0.499 0.635038 0.54228 0.335869 -0.435721
-1.00527 2.10827 0.499 0.637229 -0.410013 -0.415939 -0.502816
-2.14251 -2.6066 0.499386 0.917719 -0.286423 -0.125414 0.245002
-1.03989 0.133054 0.499 -0.232597 -0.693854 0.250767 -0.633704
-0.551405 1.18716 0.499 0.486036 -0.611696 -0.225224 -0.582127
-2.26026 0.422962 0.499 0.691239 -0.0312536 0.721795 -0.0149885
2.06087 -2.33206 0.499 0.953028 -0.133687 0.134819 -0.235985
-1.39213 4.2328 0.499 0.977332 -0.0386126 -0.159999 -0.133159
3.04046 -1.47101 0.499 -0.818134 -0.151026 0.395484 -0.389153
-3.1475 -2.59919 0.498614 -0.244307 0.0806142 0.88687 0.383768
-2.3705 1.88511 0.499 0.301259 0.659636 0.186683 -0.662777
-2.1834 -0.714574 0.499006 0.387682 0.120795 0.137287 0.903473
5.76481 -1.16992 0.499 0.813688 -0.114275 -0.230377 0.521326
-3.91694 0.0108724 0.498975 0.0777919 0.127128 -0.0219567 -0.988587
1.17113 -0.375 0.499 -0.205932 -0.485979 0.194412 0.826814
-3.80524 -1.48052 0.499623 0.897582 -0.310897 -0.00908791 -0.312421
5.04944 -0.0123954 0.499 -0.192877 -0.479059 0.255149 -0.817435
-3.19958 -0.68854 0.499157 -0.931346 0.182753 0.203892 0.240048
3.00514 3.16902 0.499 -0.320344 -0.850871 0.139626 0.392304
-3.26507 0.974531 0.499 0.123997 -0.506212 0.798287 0.301848
4.30002 -3.0202 0.499 0.465851 -0.632161 -0.568114 0.246172
-2.646 -1.64184 0.499008 0.219659 0.121783 0.839448 0.481919
