83.5 -0.309998 -1.77311 1
1.18434 0.252201 0.499348 0.622786 0.228781 0.747632 -0.0290393
-0.108442 1.57126 0.499033 -0.127026 0.00967676 0.1762 -0.976076
1.98653 -1.22243 0.499 0.562436 -0.785953 -0.247935 -0.0668695
0.48437 -2.81528 0.499199 0.416967 -0.618425 0.655678 0.117372
-1.46902 -2.79256 0.499 0.771742 0.524112 0.269746 -0.238659
-1.99617 2.74951 0.499 -0.145663 -0.624622 -0.747575 -0.172514
0.865939 1.19945 0.498871 -0.0979664 -0.144107 -0.66513 -0.726112
0.760483 -0.72838 0.499586 -0.113258 -0.157732 -0.74507 0.638094
3.40728 0.0861401 0.499 -0.532897 0.0541143 0.843811 0.0327854
0.128683 0.498828 0.498933 0.0197884 -0.0943076 -0.612032 -0.78494
3.36202 -1.11738 0.499 0.0775547 0.54236 0.402669 0.733272
1.83536 -2.27843 0.499 -0.137913 0.745627 0.627443 0.177019
-0.378772 3.40641 0.523915 -0.849006 -0.28158 -0.216359 0.391267
1.39173 2.06329 0.527184 -0.947601 0.0563967 -0.186123 0.253437
2.44994 -0.265589 0.499 0.837201 -0.0140395 -0.0184936 -0.546403
-1.26437 -1.44592 0.499 0.124708 0.883155 -0.378346 0.247668
-1.13135 0.641207 0.499 0.0871329 0.153624 0.566513 0.804904
0.268014 2.51936 0.499006 -0.074235 -0.0657873 -0.927566 0.360254
-2.14579 1.73397 0.499031 0.343561 -0.0905383 0.898098 -0.259206
0.459195 -1.68183 0.498414 0.144253 -0.275577 0.927697 -0.206461
-1.11508 1.77633 0.499001 -0.925295 0.009869 0.356013 -0.130331
-0.615279 -0.567122 0.499 -0.94245 -0.283806 0.146611 -0.0987291
1.99379 0.886157 0.498991 -0.248018 -0.325137 -0.893651 0.18483
-1.8788 -0.449762 0.499 0.816795 -0.185316 -0.379745 -0.392808
1.25484 3.06307 0.499045 -0.644008 0.309555 0.67879 0.169331
