23.7 -0.862654 -1.57982 1
1.27655 0.0306636 0.499 0.0636303 0.0482511 0.147948 0.985766
2.70305 0.179587 0.499 -0.0825849 0.550986 0.102826 0.824027
1.12712 -4.80571 0.499 -0.523056 0.799873 -0.252105 0.151849
0.755446 3.6178 0.499 -0.546194 0.0756845 -0.508717 0.661173
2.20585 -0.865666 0.499 0.0652467 0.759896 -0.253351 0.595075
0.278663 -3.95007 0.498989 -0.344769 0.592418 -0.0729849 0.724464
1.24826 -3.68946 0.499 0.101732 -0.0840122 -0.960767 0.243965
1.46136 -2.69735 0.498984 -0.817858 0.0572054 -0.445587 -0.359567
0.673672 -0.963004 0.499 -0.64919 -0.143492 -0.154603 0.730794
2.40499 -2.06751 0.499 -0.342361 0.264678 -0.0832101 0.897669
-0.0212728 0.825415 0.499 -0.750171 -0.116399 -0.392706 0.519111
1.1591 1.16218 0.499 -0.473465 0.0927863 -0.866572 -0.127571
-0.680967 -3.61083 0.499 -0.388403 0.629082 0.0857839 0.667863
-1.15749 3.43209 0.499 -0.918418 -0.278292 -0.17339 -0.221353
0.73627 -1.9795 0.499 -0.783636 0.0790188 -0.61549 0.0290281
2.40743 1.57819 0.499 -0.872569 -0.106928 0.250544 0.405485
-0.35748 -0.749443 0.499 -0.00131722 0.124711 0.146319 0.981344
-0.141865 2.74861 0.499 -0.350138 0.867313 -0.24984 -0.250501
-0.8385 -2.61103 0.499 -0.793719 0.103204 -0.0371796 0.598312
0.836143 2.1937 0.499 -0.30686 -0.100361 -0.946141 0.0241314
-0.248582 -1.78919 0.499 -0.39039 -0.0711971 -0.751341 0.527269
2.27118 2.88185 0.499 -0.596194 0.216068 -0.364103 0.682126
-1.49693 0.273156 0.499 -0.596194 0.216068 -0.364103 0.682126
3.34172 -1.42366 0.499 -0.394377 0.817519 -0.123465 0.401106
0.49924 -2.97253 0.499027 -0.948312 0.283854 -0.0113677 0.14143
