31 1.08445 1.43665 1
0.357397 0.123227 0.499167 -0.911731 0.207564 0.336295 0.112113
1.61649 -0.408326 0.498609 -0.718705 0.568762 0.306424 0.257055
0.72472 -3.78503 0.498072 0.800528 -0.56038 -0.116764 -0.17747
1.82622 2.32945 0.499 -0.744401 0.636495 0.199638 -0.0297654
0.703136 -0.816057 0.502609 0.496258 0.495044 0.704203 -0.112947
-0.273477 -3.76105 0.499884 0.202663 0.51591 0.500756 -0.664837
0.633121 -2.78982 0.499545 0.418197 -0.523724 0.544176 0.504675
0.823974 -1.80868 0.498454 0.836483 0.102715 -0.381063 0.380179
-0.562436 -0.484303 0.499 -0.210333 0.972121 0.100424 -0.0256199
1.931 -1.55361 0.499 -0.170467 0.674188 0.253055 -0.672588
-0.00634541 1.05705 0.498975 0.392296 0.877456 0.259887 -0.0929159
2.11746 0.88067 0.499 0.40792 0.197079 0.142813 0.87998
-1.14904 -3.26124 0.499013 0.621992 0.54595 0.294609 -0.477777
-1.11463 1.91268 0.498976 -0.29488 0.224423 -0.526043 -0.765479
-0.356244 -1.47005 0.499005 0.674533 0.591992 -0.433095 0.0835464
3.80903 1.16145 0.499 -0.0659432 0.635988 -0.134139 -0.757085
-1.83975 0.0217408 0.499 -0.664291 0.50345 0.510906 -0.21031
1.17785 1.37305 0.499 0.579497 0.750565 -0.0875519 -0.305238
-1.44524 -2.30622 0.499 0.100921 0.903067 0.0326028 -0.416199
2.96571 1.81936 0.499 0.0887201 0.063483 0.544915 0.831364
-1.32908 -1.22712 0.498979 0.385207 0.776568 0.180644 0.464678
2.82743 3.74394 0.499 0.857433 0.413691 0.20602 0.226328
-1.00229 0.917213 0.499004 0.833493 0.455918 0.0694168 0.304318
3.03835 -1.64471 0.499 0.337248 0.38122 0.63291 -0.583405
-0.411264 -2.47087 0.499016 0.415486 0.681539 -0.57421 0.182096
