71.3 1.68771 -0.625803 1
1.63368 0.312266 0.499005 0.185497 -0.137505 -0.971107 0.0602858
-2.26288 0.183965 0.498995 -0.490376 0.0885482 0.0821744 0.863098
2.06995 -2.89411 0.499 0.740695 0.575434 0.320667 -0.131982
-0.375214 -1.77267 0.499 0.453032 0.351425 -0.208951 -0.792213
0.669968 -0.712932 0.499 0.126941 0.912788 0.356452 0.153771
-3.12636 -1.62783 0.499 -0.645223 -0.744364 -0.0816741 0.151456
0.497683 0.448351 0.499 -0.486334 0.349014 0.142795 0.788212
3.3793 -0.455282 0.499003 0.302525 -0.344061 -0.419299 -0.783766
1.18914 1.20822 0.498995 0.429311 0.548246 0.601998 0.39079
-2.17103 -0.813275 0.499005 -0.955582 0.0618201 0.0781274 0.277378
2.22911 2.04959 0.499 -0.887805 0.271945 0.0790001 0.362777
0.950342 -1.75648 0.499 -0.0555497 -0.873263 -0.191577 -0.44455
-3.29382 0.132312 0.499 0.0713951 -0.383465 -0.476538 -0.787888
0.260404 1.63572 0.499 -0.150276 -0.420951 -0.505775 -0.737841
-0.763911 1.69981 0.499 0.584218 -0.088396 -0.509354 -0.625647
3.29432 -3.12985 0.499 0.106594 0.262692 -0.927547 0.243491
-1.51023 -2.05265 0.499 -0.16146 -0.804816 -0.427526 -0.378712
-0.670202 0.108763 0.499 0.0992022 0.628934 0.770583 0.0283321
-1.42769 -3.2552 0.499 0.848017 -0.417542 0.16733 -0.280226
2.0367 -1.67477 0.499 0.0104691 0.961908 0.0357839 -0.270817
-4.01734 -1.11425 0.498858 0.894163 -0.0398694 -0.021522 0.445443
2.38279 -0.371863 0.498997 -0.613447 0.107208 0.772565 0.123825
-2.04313 1.737 0.499 0.633189 -0.761621 0.00923548 -0.137551
-0.937602 -0.920241 0.499 0.533848 0.420262 0.601413 0.420344
-1.38672 0.825405 0.499 -0.534419 -0.124474 -0.367961 -0.750671
