101.3 -0.74581 1.63822 1
1.07014 0.275978 0.499 0.172879 -0.958592 0.0300943 0.224297
2.68566 4.07505 0.499 -0.467328 0.446809 0.570811 -0.506104
1.81061 1.72183 0.499 -0.360416 0.481515 0.520995 0.605646
-0.743091 1.30351 0.499 -0.132663 0.235608 0.7349 -0.621941
-1.89337 1.27477 0.499 -0.300237 -0.576172 -0.162664 0.742579
2.81016 1.48236 0.499 0.3157 -0.645447 0.678084 0.154704
0.265894 0.980432 0.499 -0.338793 0.78658 0.42831 0.288203
-0.996596 0.144539 0.499 -0.303188 0.0626046 0.254596 0.916154
-0.408574 -2.98966 0.499 -0.256495 0.449634 -0.498378 0.695456
-0.311768 2.21988 0.499 -0.303833 0.695357 0.0402983 0.650031
-1.89081 -2.3592 0.499691 0.746421 -0.15135 0.0677365 -0.644485
-0.148435 -0.903614 0.498998 -0.44232 0.269911 0.763104 -0.386231
2.03569 0.00809375 0.499 -0.838852 -0.397657 0.312653 -0.20111
0.839572 -1.25171 0.499 0.388904 -0.198505 -0.551583 -0.710707
-1.88327 -1.36067 0.498309 0.203192 0.848809 0.407776 -0.268244
-2.597 4.21705 0.499 -0.144288 0.738975 -0.63103 -0.186813
-1.11123 3.55749 0.499 0.806391 -0.0251587 0.421406 0.414147
1.4825 4.72807 0.499 0.313916 -0.556247 -0.746025 0.188396
1.33924 3.05726 0.499 -0.497299 0.446169 -0.582684 0.462716
-2.13315 -0.356768 0.499 -0.454298 0.19615 0.0872508 0.864596
0.306328 3.09068 0.498997 -0.996484 -0.0606574 -0.0577448 0.00258699
-2.19129 2.53661 0.499 -0.347505 -0.027768 -0.602144 0.718256
0.775531 1.84083 0.499 0.57805 0.499197 -0.640855 -0.0772393
0.426142 4.71123 0.499 0.0110499 0.209155 0.550038 0.808449
-0.681409 -1.75537 0.499002 0.0496928 0.472579 0.28537 -0.832324
