112.5 1.71585 -0.543924 1
0.437452 -4.73372 0.499 -0.417227 -0.552737 -0.475398 -0.542587
0.22683 1.17107 0.499 -0.00407305 0.601683 0.779443 -0.174442
1.50198 0.156415 0.498695 -0.00193963 -0.18957 -0.26091 -0.946565
-2.58091 -1.50016 0.499748 0.388904 -0.388624 0.826184 -0.123066
-0.323274 -0.842583 0.498997 -0.761953 0.364243 -0.107303 0.524634
0.266528 2.80136 0.499017 -0.752894 0.656006 -0.0131442 0.0513276
-0.765122 -2.9349 0.499 -0.736932 -0.576166 -0.237096 0.262203
-2.16649 -0.590241 0.497137 0.801109 -0.331103 0.374601 0.329042
-2.58518 -3.32856 0.502946 -0.820992 0.0374095 -0.179779 -0.540604
-1.31269 -1.15526 0.498997 -0.748816 0.302563 -0.508387 -0.298786
-3.67873 -1.46392 0.497433 -0.474832 -0.541945 0.194213 0.665666
-2.02856 -2.52029 0.499132 -0.0105089 -0.708387 0.701858 0.0739774
0.884238 -1.78889 0.49918 0.847139 -0.381706 0.355786 0.100362
-1.07168 -4.07606 0.499 0.138005 -0.65268 0.735741 -0.116825
-3.177 -0.558784 0.499014 -0.016002 -0.481957 0.859819 0.167847
-4.18438 -0.487826 0.499001 -0.300931 -0.800474 0.488423 0.173566
-1.04528 1.14664 0.499 0.770411 0.175965 0.351287 -0.502096
-0.672347 2.4572 0.498983 0.966749 -0.14849 0.205547 0.0331365
0.628743 -0.394194 0.499009 0.380604 0.451387 0.656458 0.469525
-2.05049 1.14634 0.499 -0.805812 0.547217 0.18492 0.130481
-1.4146 0.0687505 0.500959 0.432299 0.810215 -0.395355 0.019091
-3.06119 1.38657 0.499 -0.45336 0.778964 0.0674655 -0.427934
0.428167 -3.59906 0.499 0.0463801 0.329989 -0.298824 0.894237
-0.204351 -1.89797 0.499 0.511894 -0.0698068 0.0549588 0.854442
-3.06334 -2.44533 0.49594 -0.515686 0.420114 -0.547737 -0.5075
