98.5 1.51801 -0.967292 1
0.200292 -0.469605 0.499 -0.685959 0.128693 -0.67548 -0.237959
1.84881 2.25653 0.499 -0.239914 0.628627 0.608927 -0.420092
0.760277 0.599566 0.499048 0.0938715 -0.529921 0.783789 -0.309915
-2.35542 -1.11228 0.506051 -0.232168 0.239362 0.928738 -0.162019
-4.23638 -1.40776 0.501175 0.237988 0.220293 -0.180327 -0.928609
1.94397 0.631325 0.499 -0.0309851 -0.844138 -0.454787 -0.282204
-0.970818 -0.350875 0.498995 0.0679944 0.0988605 0.974681 0.18868
-3.24801 -1.56697 0.496744 -0.138388 -0.148901 -0.118392 -0.971937
-0.363484 -3.92699 0.499 0.148044 0.874802 0.0439473 -0.459209
-2.02347 -0.130968 0.498989 -0.650646 -0.708464 0.179024 0.206612
-1.90686 -4.42352 0.499 -0.179378 0.892629 -0.228251 0.344874
-0.519398 -1.25708 0.499 0.394278 -0.915957 -0.0519762 -0.0535274
1.58908 -0.590712 0.499 -0.260998 -0.224783 -0.379151 -0.858835
0.781376 -1.28673 0.499 0.668309 0.397938 0.192946 0.598147
-1.68663 -3.41093 0.499 -0.0128978 -0.865259 -0.423671 -0.267701
-3.07804 0.299997 0.497783 -0.0719882 -0.707163 0.696513 0.0980249
-2.32627 0.935669 0.500257 0.943635 -0.168548 0.134427 0.251146
0.926024 3.08139 0.499 -0.112834 -0.672313 -0.615791 0.395051
0.0908429 1.39132 0.501763 -0.294788 0.02141 0.899391 -0.322083
-3.6311 -2.49248 0.499485 -0.00795039 -0.81604 -0.0283434 -0.577245
-0.94388 2.0839 0.499 0.0338021 0.120811 -0.348966 -0.928701
-3.80011 -0.438025 0.498985 -0.359371 0.618173 0.432941 -0.548887
-0.287468 0.468259 0.497153 -0.156501 -0.261666 -0.637264 0.707766
-2.26602 2.39665 0.5101 -0.170579 -0.522158 -0.781478 -0.295881
0.26369 -2.52913 0.499 -0.38466 -0.842198 0.361779 0.10888
