98.2 1.19849 -1.34299 1
0.117486 -0.491087 0.499 -0.507132 0.143777 -0.830998 -0.177729
1.68533 2.12378 0.499 -0.426442 0.527087 0.607986 -0.413133
0.652162 0.608851 0.503922 -0.0542366 -0.579835 0.78442 -0.213387
-2.52669 -1.29197 0.498929 -0.471626 0.129142 0.870978 -0.0478435
-4.66322 -1.66647 0.522054 0.363166 0.274473 -0.101412 -0.884585
1.85052 0.582772 0.499 0.0778715 -0.840313 -0.520588 -0.12961
-1.35581 -0.305634 0.500272 0.0266391 0.173129 0.929036 0.325897
-3.67911 -1.76598 0.507569 -0.26008 -0.158929 -0.181567 -0.934951
-0.252662 -3.89871 0.499 0.127213 0.597178 0.048959 -0.790442
-2.34622 -0.26491 0.496858 -0.693271 -0.720058 0.0252239 -0.0159678
-1.76469 -4.34034 0.499 -0.0556995 0.966965 -0.247168 0.0279967
-0.55096 -1.30011 0.499 0.422752 -0.886917 -0.0281194 0.184035
1.59654 -0.614737 0.499 -0.0909566 -0.477709 -0.423332 -0.764402
0.749775 -1.26632 0.499 0.524326 0.539115 0.415624 0.51156
-1.52447 -3.34306 0.499 0.0795503 -0.910656 -0.389373 0.112984
-3.34006 -0.227751 0.500187 0.0156422 -0.812062 0.543482 0.211987
-2.40119 0.742122 0.498912 0.891846 -0.0539464 0.413032 0.176368
0.795389 2.96678 0.499 0.0799527 -0.640745 -0.634831 0.424314
-0.0696082 1.30689 0.498351 -0.292926 -0.0404278 0.825256 -0.481157
-4.06245 -2.68669 0.501509 0.213686 -0.861259 -0.0206899 -0.460589
-1.05568 2.13784 0.499 0.255306 0.0239642 -0.36608 -0.894556
-4.13798 -0.823838 0.496303 -0.490787 0.715854 0.146388 -0.474606
-0.598187 0.334247 0.502197 0.029514 -0.281491 -0.604402 0.744708
-2.60978 2.3743 0.552198 -0.0271061 -0.343193 -0.844519 -0.410208
0.378839 -2.54826 0.499 -0.444748 -0.716314 0.208025 0.495802
