32.2 0.139902 1.79455 1
-0.243801 0.751319 0.499088 -0.853101 0.513455 0.00121662 0.0926329
1.33543 -0.228298 0.499 -0.436168 0.540809 -0.606868 0.385999
0.172721 -3.23965 0.499 0.611765 -0.737987 0.254593 -0.127675
1.64085 2.07818 0.499 -0.842182 0.0045505 -0.533086 -0.0807969
0.155874 -0.168799 0.499 0.329101 0.0610897 0.900221 -0.278501
-0.876537 -3.19541 0.499 0.272057 0.199968 0.477855 -0.810957
0.0602621 -2.19771 0.499 -0.0291768 -0.482749 0.617057 0.620761
0.346323 -1.18828 0.499 0.988311 -0.0961542 0.0874416 0.0796866
-1.15203 -0.107452 0.499 -0.21159 0.886865 0.126596 -0.390735
1.66163 -1.19494 0.499 -0.551655 0.190504 -0.231232 -0.778407
-0.556002 1.70452 0.498932 0.502457 0.658695 0.380347 -0.411089
1.89697 0.829343 0.499 0.270834 0.846168 0.00125156 0.458962
-1.92665 -3.05492 0.499003 0.607915 0.453289 0.550692 -0.348864
-1.51374 2.00249 0.500281 -0.169716 -0.363357 -0.421758 -0.813196
-0.93003 -1.08555 0.499 0.830626 0.453999 -0.258146 -0.193147
3.76607 1.03946 0.499 -0.262872 -0.273995 0.118986 -0.917424
-2.4448 0.10903 0.499 -0.921332 0.286988 0.230529 -0.125068
0.986404 1.24657 0.499 0.152316 0.494046 0.639893 -0.568556
-2.07378 -2.06579 0.498997 -0.0871094 0.7346 -0.0648026 -0.669757
2.93908 1.76115 0.499 -0.329756 0.743662 0.0650158 0.577928
-1.9867 -1.0688 0.499 0.0878059 0.909632 0.285551 0.288653
2.55748 3.84617 0.499 0.431167 0.659886 0.610466 -0.077319
-1.49468 0.94294 0.499 0.449279 0.758619 0.41192 0.230145
2.90677 -1.64468 0.499 -0.396344 -0.0204341 0.791147 -0.465383
-1.07787 -2.15826 0.499 0.522336 0.734541 -0.432742 -0.0186648
