116 -1.7476 0.43117 1
-1.62476 -1.6195 0.499 0.512174 0.506314 -0.56747 -0.399127
-0.660386 3.60351 0.499 0.22337 0.369972 0.881486 0.190288
2.41072 2.02437 0.499 0.0143957 -0.527015 -0.785279 -0.324629
-1.26924 1.18785 0.499 -0.253122 0.930704 0.199393 -0.173098
1.41197 -0.286099 0.499 0.742084 -0.130534 -0.482912 0.446171
-2.30146 4.87231 0.499 0.633133 -0.266586 0.561141 0.461731
-2.47534 -1.02992 0.499 -0.144387 -0.934195 0.263092 0.192911
-2.14962 2.219 0.499 -0.853494 0.014623 0.0105094 -0.520792
-3.59442 -1.31668 0.499 0.104155 -0.214358 -0.86984 -0.43195
0.215658 1.12075 0.499 0.294176 0.428335 0.818662 -0.244505
-2.52361 1.07167 0.498487 0.346357 0.508524 0.356054 -0.703325
0.306305 0.108945 0.499 -0.799826 -0.173779 0.107374 0.564403
2.56247 -2.2563 0.499062 -0.283776 0.837778 -0.0628305 -0.462224
-2.99776 -2.25914 0.499 0.876865 0.210502 -0.194878 -0.385771
-3.14897 1.98988 0.499 -0.211024 0.629895 -0.151012 0.732049
-4.71371 1.66731 0.499 -0.0154949 0.442238 -0.310917 -0.84114
-2.32242 3.83134 0.499 -0.1355 -0.454689 0.289942 -0.831163
-3.50218 4.94482 0.499 0.36403 0.204058 0.115485 0.901391
1.17914 1.48861 0.499 -0.372668 0.288942 -0.502334 -0.72477
-2.88104 2.99088 0.499 -0.0644014 0.248184 -0.920338 -0.295355
-1.15278 2.43993 0.499 0.503874 -0.138239 0.318573 -0.790893
-4.23146 2.89863 0.499 -0.853259 -0.198922 -0.319305 -0.361141
-0.640971 -0.758268 0.499 0.202654 -0.468213 -0.321315 0.797787
1.8235 -1.38003 0.499 -0.510662 -0.711827 0.071716 0.476847
-1.961 0.246899 0.499513 -0.122705 -0.178892 0.881232 0.419965
