51.1 1.33611 1.20616 1
-0.21851 2.66474 0.499 -0.23644 0.507611 -0.190746 0.806253
0.435392 -2.40266 0.498993 -0.496345 0.0743703 -0.162211 0.849587
1.92653 0.247424 0.499008 0.812519 0.118532 0.41798 -0.388658
1.97045 -0.786653 0.499 -0.554415 0.821357 -0.0188957 -0.132812
1.72509 2.76425 0.499 -0.0988069 -0.96325 -0.0463153 -0.245443
-0.164061 -1.4671 0.499 0.913513 0.302158 -0.236593 0.134972
1.81586 1.2545 0.499 -0.823442 -0.295768 -0.0299737 -0.483286
2.63646 2.217 0.499 -0.587428 0.321032 -0.726552 0.154886
-0.288427 1.4552 0.499004 0.891577 -0.326176 -0.313972 -0.0110479
0.687252 -3.89364 0.499 0.956356 0.126038 0.25988 -0.0442681
3.19039 3.17737 0.499 0.510988 -0.104052 0.551907 -0.65074
1.40979 -1.91998 0.499 -0.274824 -0.318543 0.544523 0.725601
-0.566678 -0.519233 0.498841 -0.629502 -0.113016 -0.766997 0.0516728
1.03998 2.01923 0.499 -0.512175 0.401267 0.565587 -0.506727
0.134731 0.540896 0.498998 0.908852 0.149181 -0.376935 -0.0982487
3.08666 0.341076 0.499 -0.365541 0.316726 0.687927 0.54113
-2.28437 -0.795602 0.499 -0.168871 -0.860966 0.459167 -0.139231
0.936099 -1.02496 0.499 -0.534433 0.578221 -0.397795 -0.470958
-2.46807 -1.9812 0.498999 -0.786873 0.255782 -0.404983 0.389096
3.73953 1.2266 0.499 0.636326 0.574735 0.513766 0.0285251
-1.33341 0.118708 0.499207 0.105499 -0.614759 -0.648433 0.436436
4.08888 3.68482 0.499 -0.0686519 -0.801964 -0.569938 0.165261
-1.30833 1.55629 0.499 0.0272264 0.611591 0.76427 0.20275
1.21821 -3.03542 0.499007 0.775716 0.625998 -0.0175671 0.0779932
0.962276 -0.0231641 0.49899 0.202837 -0.880555 0.310218 -0.295373
