6.3 1.72085 0.527896 1
3.73391 1.0204 0.499 0.928199 0.367904 0.0551536 -0.00712731
5.32811 1.92619 0.499 0.928199 0.367904 0.0551536 -0.00712731
2.93681 -3.11004 0.499 0.928199 0.367904 0.0551536 -0.00712731
1.4513 4.38996 0.499 0.928199 0.367904 0.0551536 -0.00712731
4.78463 1.0204 0.499 0.928199 0.367904 0.0551536 -0.00712731
2.23639 -4.69204 0.499001 0.995313 0.0749459 0.041221 -0.0451114
4.8571 -2.56656 0.499 0.928199 0.367904 0.0551536 -0.00712731
5.90782 -2.56656 0.499 0.928199 0.367904 0.0551536 -0.00712731
3.8426 -0.791196 0.499 0.928199 0.367904 0.0551536 -0.00712731
4.8571 -0.791196 0.499 0.928199 0.367904 0.0551536 -0.00712731
0.835357 1.74504 0.499 0.928199 0.367904 0.0551536 -0.00712731
1.37884 2.65083 0.499 0.928199 0.367904 0.0551536 -0.00712731
1.18566 -4.69204 0.499001 0.995313 0.0749459 0.041221 -0.0451114
-0.215367 5.29576 0.499 0.928199 0.367904 0.0551536 -0.00712731
4.34985 -1.69699 0.499 0.928199 0.367904 0.0551536 -0.00712731
3.80637 2.83199 0.499 0.928199 0.367904 0.0551536 -0.00712731
2.17594 0.0421369 0.499 0.928199 0.367904 0.0551536 -0.00712731
0.364343 4.42619 0.499 0.928199 0.367904 0.0551536 -0.00712731
0.364343 -1.91438 0.499 0.928199 0.367904 0.0551536 -0.00712731
0.871589 3.5204 0.499 0.928199 0.367904 0.0551536 -0.00712731
2.93681 -1.29844 0.499 0.928199 0.367904 0.0551536 -0.00712731
3.00927 3.48417 0.499 0.928199 0.367904 0.0551536 -0.00712731
-0.758845 0.87547 0.499 0.928199 0.367904 0.0551536 -0.00712731
5.29188 0.150833 0.499 0.928199 0.367904 0.0551536 -0.00712731
1.88608 -3.07381 0.499 0.928199 0.367904 0.0551536 -0.00712731
