60.6 -1.33908 1.20286 1
-0.0425265 3.54153 0.499 0.771547 -0.32654 -0.158128 -0.522572
-0.870586 -0.264115 0.499 -0.216777 -0.634004 -0.426811 -0.607354
1.84753 -1.3311 0.498985 0.00411658 0.0992214 -0.988726 0.112063
1.71825 -2.64918 0.499243 0.68577 0.142445 -0.214115 0.680869
0.761567 1.76496 0.499 -0.812032 0.473349 0.197159 0.278699
-1.9623 -0.453188 0.499012 -0.444115 0.130783 0.388525 -0.796684
1.17703 0.0106374 0.499 -0.903906 0.374782 -0.20603 -0.00659949
2.14302 -0.346886 0.499 -0.578086 0.327697 0.29834 0.685146
-0.45932 2.09669 0.499 0.426454 -0.43765 -0.379527 0.694664
-0.479605 -1.30344 0.498976 -0.711514 -0.163769 0.368385 0.575517
2.35703 0.779519 0.499 0.135469 0.784493 0.455341 -0.398602
0.95496 -2.00333 0.498426 0.134529 0.0148856 -0.629127 -0.765427
-2.5982 0.316779 0.498988 0.00916106 -0.687075 0.679434 -0.257319
0.49936 0.778567 0.499042 -0.142875 0.619462 0.344931 -0.690563
-0.744036 1.10976 0.499 -0.145961 0.83557 0.528977 0.0264846
2.54434 -2.04741 0.499014 0.431198 -0.220406 -0.776834 -0.402515
-1.714 -2.19556 0.499 -0.681731 0.124113 -0.566646 -0.445816
0.508026 -1.09311 0.499022 -0.427262 -0.887668 0.041518 -0.166642
-2.66023 -2.68652 0.499 0.650313 -0.386689 -0.20403 -0.621238
3.14661 -0.980345 0.499 0.0164227 -0.0801059 -0.728275 -0.680388
-2.9532 -1.42571 0.499 -0.524695 -0.424294 -0.579231 0.457342
1.0688 3.35568 0.499 -0.160682 -0.772444 0.611845 -0.0561898
-1.85545 1.32726 0.499 -0.725435 0.37152 -0.561712 -0.142113
0.105879 -2.53239 0.499767 0.614609 0.355659 -0.229628 -0.665608
0.147626 -0.159705 0.498958 0.431698 0.753555 -0.240023 -0.433796
