39 0.720434 -1.64954 1
-1.71485 2.16835 0.499 -0.3303 0.757692 0.423776 -0.370429
1.19166 -1.65507 0.499 -0.181595 0.125384 0.289184 -0.93149
-1.30246 -1.72901 0.499 0.0895131 -0.905705 -0.413259 0.0300524
2.43664 -0.474585 0.499 0.633417 -0.591203 0.181843 -0.464969
-1.01397 1.29928 0.499 0.455685 -0.841287 0.277803 0.0861029
-2.23168 -3.04188 0.499 0.325623 -0.395473 0.749232 0.419788
-1.10149 -0.665105 0.499 -0.596457 -0.772575 -0.108547 0.188641
-0.604997 0.367726 0.499 0.554148 -0.721936 -0.119194 0.396888
-2.28058 -0.0843492 0.499 -0.265097 -0.418165 0.837778 -0.230194
1.78154 -2.48398 0.499 0.233285 -0.887466 0.397018 -0.018947
-1.81322 3.47941 0.499 0.839911 -0.182772 0.470254 0.200011
2.63265 -1.47094 0.499 -0.549119 0.41695 -0.560294 -0.459011
-4.27491 -3.42601 0.571658 -0.324435 0.0986482 0.86332 0.373749
-3.35319 1.70428 0.525946 0.948852 -0.0081458 0.210372 -0.23528
-2.41059 -1.22881 0.499 -0.023562 0.412185 0.74299 0.526795
5.21849 -1.21542 0.499 0.250699 -0.493368 0.58108 0.596727
-4.27925 -0.713266 0.49875 0.281158 -0.692124 -0.259257 -0.612127
0.945372 -0.535867 0.499 -0.451778 0.502867 0.583951 0.449469
-4.25475 -2.39228 0.498979 0.478524 -0.448404 0.608863 -0.446357
4.48407 -0.132307 0.499 -0.44105 -0.405664 -0.642979 -0.476958
-3.72088 -1.54783 0.542533 -0.987558 0.133579 -0.0829209 -0.00313048
2.72364 2.86192 0.499 -0.830217 -0.0241025 0.0158489 0.556694
-3.18783 0.605688 0.499 -0.885046 -0.0783323 0.410481 0.205091
3.85708 -3.20807 0.499 -0.0082955 -0.464027 -0.00140404 0.885781
-3.00465 -2.38115 0.499 -0.215058 0.469554 0.82917 -0.213885
