18.7 -1.56298 0.892802 1
2.37824 1.02199 0.498998 -0.638594 0.213168 -0.130442 -0.727833
3.94144 1.77116 0.499 -0.507117 0.185667 0.00522994 -0.841625
1.68241 -3.15163 0.499 -0.285764 0.08296 -0.105466 -0.948859
0.513015 4.49416 0.499 -0.388658 -0.109688 -0.413121 -0.816238
3.38333 0.911699 0.499 -0.250287 0.171402 0.00585625 -0.952861
0.650772 -3.16567 0.499 -0.647512 -0.148109 0.104483 -0.740186
2.32416 -2.37757 0.498975 0.526687 0.519458 0.414454 -0.530087
2.64312 -1.4274 0.499016 0.888746 -0.300841 -0.079281 -0.33666
1.84987 0.172233 0.499124 0.328155 0.202006 -0.636596 -0.668022
3.35441 -0.717104 0.499009 -0.383729 0.418954 -0.295293 -0.768135
-0.102927 1.84924 0.499 -0.388658 -0.109688 -0.413121 -0.816238
0.440551 2.75503 0.499 -0.388658 -0.109688 -0.413121 -0.816238
-0.303941 -2.78281 0.499 -0.697119 -0.175084 -0.151891 -0.678454
-1.15365 5.39996 0.499 -0.388658 -0.109688 -0.413121 -0.816238
1.78025 -0.827748 0.498925 0.777872 -0.0534037 -0.148227 -0.608353
2.86809 2.93619 0.499 -0.388658 -0.109688 -0.413121 -0.816238
0.854808 0.0717509 0.498948 -0.51251 0.17533 -0.212775 -0.813216
-0.573942 4.5304 0.499 -0.388658 -0.109688 -0.413121 -0.816238
-0.573942 -1.81018 0.499 -0.388658 -0.109688 -0.413121 -0.816238
-0.0666955 3.6246 0.499 -0.388658 -0.109688 -0.413121 -0.816238
0.724774 -0.96002 0.499 0.47441 0.345869 0.0589284 -0.807364
2.07099 3.58837 0.499 -0.388658 -0.109688 -0.413121 -0.816238
-1.69713 0.979671 0.499 -0.388658 -0.109688 -0.413121 -0.816238
3.97134 0.0914178 0.499 -0.450455 0.143713 -0.0901139 -0.876536
0.752069 -1.96845 0.499 -0.17427 -0.540767 -0.395533 -0.721633
