71.2 1.62338 -0.777589 1
1.57724 0.402462 0.498952 0.218352 -0.17416 -0.950522 0.13601
-2.32489 0.296816 0.499375 -0.371546 0.101559 0.140543 0.912078
2.03612 -2.77935 0.499 0.777197 0.477023 0.35685 -0.202664
-0.377998 -1.73791 0.499001 0.505595 0.254193 -0.203102 -0.799068
0.640192 -0.649134 0.499 0.171296 0.908866 0.372248 0.0777946
-3.11768 -1.52504 0.499 -0.688441 -0.685652 -0.110238 0.209234
0.438368 0.555125 0.499 -0.504815 0.398898 0.151178 0.750458
3.32436 -0.364005 0.499004 0.308279 -0.403854 -0.469998 -0.721781
1.13674 1.30024 0.499049 0.460643 0.51887 0.640271 0.329598
-2.20136 -0.695119 0.498628 -0.979822 0.138249 0.0372328 0.139464
2.18754 2.09827 0.499 -0.875211 0.354893 0.0393363 0.326358
0.92269 -1.68281 0.499 -0.101631 -0.906065 -0.222989 -0.344955
-3.34281 0.212583 0.498997 0.179671 -0.318813 -0.594815 -0.715731
0.137656 1.68039 0.498998 -0.155264 -0.388302 -0.584937 -0.694956
-0.875055 1.77506 0.499002 0.527999 -0.20696 -0.57037 -0.594191
3.22741 -3.04277 0.499 0.154296 0.218593 -0.914668 0.302973
-1.50356 -1.99838 0.499 -0.1799 -0.829635 -0.460054 -0.260175
-0.692711 0.153623 0.499002 0.0943237 0.629398 0.764646 -0.101377
-1.43933 -3.18766 0.499 0.803592 -0.490953 0.191949 -0.276334
2.00939 -1.57014 0.499 0.113069 0.92706 -0.00977018 -0.357322
-4.16985 -1.1732 0.499678 0.824549 -0.0855859 -0.035189 0.558171
2.32781 -0.281059 0.498996 -0.628524 0.162179 0.760434 0.0198799
-2.14456 1.78668 0.499 0.602184 -0.790727 -0.0951262 -0.0554656
-0.938745 -0.890464 0.498999 0.505792 0.40775 0.678041 0.343767
-1.42167 0.852229 0.498993 -0.504873 -0.0942683 -0.438603 -0.737458
