48.1 0.131527 -1.79519 1
-3.01019 2.8661 0.498985 -0.333978 -0.37832 0.671449 -0.542669
0.228584 -2.82671 0.499 -0.252577 -0.158673 0.130047 -0.945577
0.349001 0.390264 0.500094 0.115444 -0.84319 -0.513971 -0.107406
0.966973 -1.00902 0.499 -0.0215756 -0.272175 0.546908 -0.791421
-1.00588 2.85926 0.499 -0.67883 0.43852 -0.588713 -0.0175375
-0.800984 -1.93183 0.499 0.0817106 -0.221944 0.490964 0.838462
-0.111146 1.27284 0.494904 0.457525 0.716784 -0.364216 -0.379788
0.0142408 2.25556 0.502437 -0.0183929 0.543346 0.306017 0.781531
-2.58594 1.9552 0.499027 -0.323617 -0.693176 0.36243 0.532376
0.647447 -3.86263 0.499 -0.609372 -0.168461 -0.192167 0.750573
0.665127 3.00611 0.500392 0.0113179 0.326951 -0.683663 0.652365
0.987959 -2.16357 0.499 -0.329337 -0.28315 -0.556121 -0.708585
-1.61519 0.00965968 0.499452 0.042013 0.914736 0.401752 -0.00941735
-1.58708 2.03837 0.497657 0.901093 0.37585 -0.00514187 -0.216199
-1.58623 0.999519 0.498543 -0.334351 -0.0463918 0.335653 0.879429
1.31537 -0.0495079 0.499 0.147423 0.367099 0.561265 -0.72697
-3.62015 0.933166 0.498628 0.918542 0.193413 0.0183346 0.34429
0.116707 -1.53552 0.499 -0.352209 0.284125 -0.529654 -0.717418
-3.58578 -0.182132 0.499 0.49379 -0.844386 -0.192735 -0.0776996
2.46777 0.231803 0.499 -0.171802 -0.161653 0.864695 0.443458
-2.62071 0.914245 0.499402 -0.309668 0.557037 0.297148 -0.710998
2.553 2.81282 0.499 -0.490782 0.633533 -0.597942 0.0153019
-3.63468 2.0735 0.499017 -0.162544 -0.581272 -0.792325 0.089008
1.60277 -3.56136 0.499 -0.834149 -0.208092 0.115848 0.497465
-0.672452 0.409752 0.498994 -0.6835 -0.609932 -0.0147775 -0.40074
