13.5 0.364609 1.76269 1
3.34638 1.3732 0.499 -0.0224484 0.687185 0.559594 -0.462739
4.94058 2.27899 0.499 -0.0224484 0.687185 0.559594 -0.462739
2.54928 -2.75724 0.499 -0.0224484 0.687185 0.559594 -0.462739
1.06377 4.74276 0.499 -0.0224484 0.687185 0.559594 -0.462739
4.39711 1.3732 0.499 -0.0224484 0.687185 0.559594 -0.462739
1.6814 -3.38739 0.499 0.555482 -0.0843654 0.649724 -0.512036
3.88375 -2.19967 0.499 0.202215 0.868508 0.452114 0.0198856
4.5426 -1.44049 0.499 0.879764 0.462534 0.0823622 0.07276
3.25399 -0.13519 0.499 0.261947 0.739584 0.40943 -0.465581
4.4828 -0.413643 0.499 -0.0101643 0.677187 0.552569 -0.485779
0.447831 2.09784 0.499 -0.0224484 0.687185 0.559594 -0.462739
0.991309 3.00363 0.499 -0.0224484 0.687185 0.559594 -0.462739
0.676862 -3.33927 0.499 0.540429 -0.147395 0.672681 -0.483436
-0.602894 5.64856 0.499 -0.0224484 0.687185 0.559594 -0.462739
3.58114 -1.08426 0.499 0.389965 0.741884 0.404372 -0.366086
3.41885 3.18479 0.499 -0.0224484 0.687185 0.559594 -0.462739
1.78841 0.394937 0.499 -0.0224484 0.687185 0.559594 -0.462739
-0.0231837 4.77899 0.499 -0.0224484 0.687185 0.559594 -0.462739
-0.0231837 -1.56159 0.499 -0.0224484 0.687185 0.559594 -0.462739
0.484063 3.8732 0.499 -0.0224484 0.687185 0.559594 -0.462739
2.54928 -0.945643 0.499 -0.0224484 0.687185 0.559594 -0.462739
2.62174 3.83697 0.499 -0.0224484 0.687185 0.559594 -0.462739
-1.14637 1.22827 0.499 -0.0224484 0.687185 0.559594 -0.462739
4.90435 0.503632 0.499 -0.0224484 0.687185 0.559594 -0.462739
1.44096 -2.39646 0.499 0.279625 0.553514 0.598289 -0.507427
