58.3 1.68543 0.63193 1
0.716807 2.73886 0.499 0.445078 0.199561 -0.631468 0.602768
-0.145981 -2.34675 0.498987 0.277234 -0.129876 -0.431921 -0.848362
3.36398 -3.07481 0.499 -0.341656 -0.549839 0.146253 0.748036
2.5245 -3.72244 0.499 -0.128443 0.709734 0.53484 0.440143
1.51609 1.25664 0.499 0.288236 0.715554 0.451381 -0.448506
-1.14679 -1.74532 0.498953 -0.22681 0.680224 0.664985 -0.208919
1.49998 -0.957515 0.499345 -0.266343 0.776951 0.376628 -0.428438
3.05195 -1.8107 0.499 -0.9028 0.196838 0.0361396 0.380658
0.0265919 -0.369147 0.499036 -0.278436 -0.38642 -0.726275 0.495658
-0.207429 -3.47906 0.499 0.2969 -0.157017 0.246098 0.909193
2.82375 -0.555448 0.499 0.840769 -0.151552 -0.490728 0.171248
1.25931 -3.51286 0.4987 -0.626161 -0.108047 -0.659199 -0.402126
-1.44221 -0.767766 0.499121 -0.0707736 -0.437485 0.453735 -0.773125
0.914577 0.148896 0.499 0.894217 0.0966886 0.185222 -0.395878
-0.226089 -1.35247 0.49931 -0.049988 -0.0166158 0.066689 0.996382
4.80295 -4.39939 0.508788 0.190393 0.0166958 -0.636148 -0.747521
-1.08511 -2.76054 0.498985 -0.50316 0.831419 -0.0860842 0.219461
0.847346 -2.60255 0.499186 0.229588 -0.712332 -0.201132 -0.631995
-1.79506 -3.48345 0.499014 0.134783 0.719067 -0.542647 0.412687
4.38202 -3.45805 0.499 0.392609 0.00336849 -0.844192 0.364947
-2.24108 -1.47808 0.499 -0.625271 0.736916 0.225203 0.12359
1.76458 2.91908 0.499 -0.50468 -0.283114 -0.257775 -0.773755
-1.20509 0.214618 0.50985 -0.344414 0.773609 0.0156285 -0.531661
0.601963 -4.34668 0.499 -0.501495 -0.247042 0.522553 0.643747
0.74028 -1.60844 0.498501 0.541453 0.595982 -0.566555 0.175067
