96.9 -0.803051 -1.61093 1
-0.125861 -0.365977 0.499 0.0782676 0.0218782 -0.960652 -0.265601
1.06507 1.78073 0.499 -0.752646 -0.43186 0.446034 0.219258
0.467281 0.524592 0.499 -0.144365 -0.678322 0.154635 0.703652
-2.3698 -1.68469 0.499 -0.445007 -0.645284 -0.369081 0.499356
-4.88534 -1.91832 0.499 0.22151 -0.387596 0.869877 -0.209802
1.57773 0.575652 0.499 0.656423 -0.391042 -0.644299 0.0327628
-1.50174 -0.261769 0.499772 -0.749086 0.22238 0.0296208 0.62333
-3.45997 -1.6028 0.499 0.228118 -0.893124 -0.112843 -0.370888
0.317324 -3.54632 0.499 -0.150533 -0.807601 0.36061 -0.441679
-2.62728 -0.357308 0.499 0.184749 -0.769359 -0.610605 0.0334155
-1.01024 -3.82012 0.499 -0.0164759 0.425356 0.00117603 -0.904875
-0.555783 -1.27998 0.499 0.613242 -0.185913 -0.243303 0.72813
1.72124 -0.489001 0.499 0.771997 -0.631532 0.0713089 -0.0101461
0.713377 -0.974083 0.499 -0.680995 0.522777 0.504167 0.0936227
-0.667248 -2.81011 0.499 0.511572 -0.0763566 -0.024752 0.855483
-3.67861 -0.538746 0.499 0.303131 -0.40708 -0.0149811 0.861495
-2.35761 0.611775 0.499 -0.200752 0.532935 0.638407 0.517799
0.342451 2.68928 0.499 0.785537 -0.0751706 -0.594024 -0.156258
-0.691323 1.44718 0.499 0.179462 -0.472243 0.572323 -0.64593
-4.59964 -3.18421 0.499 0.238766 -0.0837797 0.853447 0.455631
-1.42122 2.58701 0.499 0.895435 0.0631858 0.00722908 -0.440627
-5.85152 -0.029854 0.499 -0.492016 0.595959 0.389807 -0.500803
-0.779903 0.427567 0.498226 0.392123 0.113535 -0.592408 0.694552
-2.99597 2.00346 0.499 0.686741 0.100367 0.178961 -0.697342
0.958594 -2.39419 0.499 0.231087 0.435241 -0.714177 0.497107
