85.5 1.79295 0.159108 1
1.39021 -0.534935 0.498987 0.667071 -0.000832625 0.313835 0.675665
0.372717 1.31804 0.499 -0.199444 0.215376 0.691347 -0.660208
2.32431 -1.19172 0.499 -0.540195 0.191537 0.236215 -0.784669
1.58913 -3.31985 0.499 0.60997 -0.527444 0.590528 0.031879
-0.577677 -2.54997 0.496876 0.888447 -0.259071 -0.283466 0.251378
-0.545347 4.02613 0.499 -0.530356 -0.239348 0.0938224 0.807857
0.991744 0.420678 0.499 -0.623746 -0.0314926 0.780486 0.0281118
0.664763 -1.28538 0.499 0.145732 -0.781617 0.546844 -0.262296
3.90832 -0.328011 0.499 0.733971 0.168016 0.109507 0.648896
-0.0655846 -0.0961448 0.499 -0.613555 -0.312603 -0.517794 -0.50766
3.78713 -1.87312 0.499 0.412646 -0.494024 -0.57402 0.506127
2.76457 -2.43948 0.499 0.315937 0.78942 0.144456 0.506094
0.462283 3.67346 0.499 0.205757 -0.610136 -0.431438 0.63187
1.83416 1.30664 0.499 -0.177624 -0.586156 0.523484 0.592313
2.89424 -0.30262 0.499 -0.0473764 0.570747 -0.799626 -0.180561
-1.44489 -1.51501 0.499 -0.326536 -0.524331 -0.460367 0.637584
-0.659256 0.975217 0.499 0.790215 -0.0400878 0.582134 -0.187278
0.274902 2.37609 0.499 -0.656057 -0.560936 0.269109 -0.427224
-2.16049 2.91894 0.499 -0.0410049 0.492746 -0.630129 -0.598713
0.383061 -2.26844 0.506578 0.468066 0.53782 -0.701169 0.00515579
-0.921031 2.26378 0.499 0.149364 0.611619 0.706945 0.322244
-1.07352 -0.521566 0.499 0.420554 0.606463 0.648099 0.187896
1.98802 0.266676 0.499013 -0.456321 -0.755737 0.348871 -0.314519
-1.83338 0.387378 0.499 -0.365623 -0.537753 -0.615044 -0.44594
2.64161 2.33856 0.499 0.112712 -0.319425 -0.24796 0.907623
