88.7 -1.78678 0.217735 1
0.70586 -1.08993 0.499003 0.156829 0.760626 -0.161219 -0.608984
0.297572 1.41537 0.499 -0.25982 0.47714 -0.640835 0.542367
1.66649 -0.768192 0.498997 -0.712877 0.449084 0.514022 0.160968
1.53483 -3.36647 0.499001 0.022761 0.863365 -0.499073 0.0707792
-0.983607 -2.09456 0.499 -0.277178 0.0828426 0.552541 -0.78167
0.477648 5.43816 0.499211 0.470762 0.516339 0.588265 -0.407089
0.09348 -0.29738 0.499 0.746432 0.458968 -0.474985 0.0811006
-0.453315 -1.14151 0.499 -0.312345 0.568704 0.534312 -0.541782
3.41671 -0.59552 0.499 0.0580554 -0.0847777 -0.370961 -0.922947
-0.897899 -0.138384 0.499 -0.122105 -0.375848 0.458677 0.795892
2.13243 -1.73855 0.499 -0.318078 0.0700422 -0.515352 -0.792675
1.03547 -2.21443 0.499 0.635956 0.0514933 0.394788 -0.661098
0.881821 4.45873 0.499 -0.562733 0.0271364 0.50075 -0.657149
1.32909 1.08599 0.499 0.724487 0.655825 0.107179 -0.183097
2.43648 0.205164 0.499 -0.256444 -0.555767 -0.457058 -0.645335
-2.85275 -1.13525 0.499 0.646893 -0.757165 -0.00488321 -0.0905882
-1.2119 1.89044 0.498999 -0.115943 0.174589 0.621896 -0.754534
-0.733798 2.78463 0.499001 0.118126 -0.3669 0.691844 0.610559
-3.21202 5.40257 0.499 0.295691 -0.146189 -0.777138 0.535959
-0.00169535 -2.28897 0.499 0.0801927 -0.154791 -0.214126 -0.961124
-1.71746 3.58796 0.499 0.181743 0.971618 0.147281 0.0351669
-2.68307 -0.0235894 0.499 0.504061 0.809681 -0.257065 0.155743
1.09417 0.0780805 0.499 0.154935 0.492291 0.752096 0.409874
-2.91906 2.29725 0.499 -0.581683 -0.652873 -0.0331689 0.484046
3.54148 1.45016 0.506544 -0.530756 -0.367787 0.681599 -0.344172
