81 -1.12906 1.40187 1
1.77313 0.725483 0.499 -0.212357 0.663638 -0.608939 0.379056
-0.382919 1.0326 0.499 0.285836 0.344752 0.693381 0.564505
2.2587 -1.35613 0.497337 0.391753 0.602653 -0.517376 0.464393
-0.220734 -2.82884 0.499 -0.607201 0.339561 -0.713516 0.0830673
-1.62553 -2.66457 0.499 -0.524543 -0.518301 0.0488434 0.673671
-2.85835 1.43671 0.499 0.172675 0.636254 0.350174 0.665389
2.42177 1.79219 0.499 -0.427385 0.0296965 -0.391336 -0.814442
1.59889 -0.301752 0.499 0.0815576 0.734604 -0.398704 0.542901
3.71591 1.15498 0.499 -0.0688692 -0.377308 0.918114 -0.0998127
-0.0149233 0.0931441 0.499 -0.111855 0.563798 0.517342 0.634017
3.20633 -1.03332 0.498887 -0.966478 0.245466 -0.0742431 0.0124441
1.39108 -2.2991 0.499 -0.276463 -0.930199 -0.0618745 0.233385
-0.833914 2.48074 0.499 0.676829 0.025242 -0.169962 -0.715806
2.81937 3.96748 0.499 0.632445 0.59885 -0.181933 -0.456391
2.6069 -0.0887679 0.497368 0.405359 0.369343 0.357774 -0.755823
-0.514148 -1.59631 0.499 -0.879707 0.452311 0.128999 0.0699225
-1.49821 -0.0574933 0.499 -0.528234 -0.49253 -0.439691 -0.533905
1.39791 1.67976 0.498996 -0.0865272 0.917328 0.084021 0.379424
-2.39601 0.54275 0.499 -0.437033 -0.256422 -0.823131 -0.25633
1.26234 -1.28441 0.504797 -0.457588 0.334197 0.10057 0.817809
-1.27524 1.52297 0.498997 0.53126 -0.439298 0.391331 -0.609623
0.362706 -0.863663 0.499356 0.206464 -0.387004 -0.603481 -0.665891
3.44797 2.38036 0.499 -0.50466 0.298385 -0.789682 0.180794
-1.44513 -1.07044 0.499 -0.21807 0.896554 0.0387491 0.383583
1.21008 3.76371 0.499 0.902276 -0.404576 0.133908 0.0654668
