87.3 -0.298961 1.775 1
1.20569 -0.672534 0.499 -0.132579 0.788369 -0.46672 0.378246
0.499609 1.57872 0.499 -0.654182 -0.124433 0.298186 0.683848
2.21783 -0.801502 0.499 -0.588271 0.184298 0.746363 0.250828
2.19985 -3.25428 0.499 0.166286 0.712513 0.428563 0.530103
-0.658484 -2.10809 0.499 0.648009 0.587549 0.483357 -0.0351587
0.349086 5.66769 0.499 -0.00774225 0.679802 -0.156864 0.716382
0.672753 0.177634 0.499 0.48037 -0.0551962 -0.376104 0.790407
0.250758 -1.04917 0.499 0.318065 0.262143 0.870539 -0.268844
3.82756 -0.289583 0.499 0.000598028 0.576812 -0.717516 -0.390458
-0.340718 0.0464296 0.499 -0.161639 -0.968589 0.187875 0.0202821
3.67969 -1.77329 0.517328 0.591228 0.155247 -0.402302 -0.681544
2.75478 -2.1619 0.498838 -0.195149 0.731169 -0.425107 -0.496582
0.859074 4.33548 0.499 0.832171 0.251519 0.371925 -0.325427
1.74756 1.27285 0.499 0.813787 0.126155 -0.337677 0.455861
2.8343 0.162228 0.499 -0.624604 0.0976447 -0.144346 -0.761249
-2.0468 -1.11536 0.499 0.436102 -0.74295 -0.361388 -0.356706
-0.756294 1.68434 0.499 0.5526 0.463122 0.649014 -0.24276
-0.114005 2.75756 0.499 0.426203 -0.540463 0.716043 0.116329
-2.56245 4.49348 0.499 -0.363369 0.238408 -0.871367 -0.227695
0.356058 -2.12016 0.499 -0.245857 0.672906 -0.255838 -0.649075
-1.17629 3.18832 0.499 -0.0220943 0.69404 0.165104 0.7004
-1.78732 -0.0778567 0.499 0.238237 0.77122 -0.21194 0.550949
1.75364 0.208108 0.499 0.444863 -0.157832 0.746827 0.46844
-2.27691 1.66598 0.499 -0.256045 -0.88703 -0.0901466 -0.373486
3.3538 2.052 0.499 0.530287 0.308214 -0.0355244 -0.789011
