69.2 -1.17097 -1.36705 1
0.612029 2.71235 0.499001 0.805919 -0.376956 -0.322084 0.323514
-2.23353 2.78591 0.508196 0.716453 0.413224 0.555078 -0.0884777
1.44277 0.0141724 0.498975 0.153101 -0.741802 0.545971 -0.35806
-0.266935 -0.83304 0.498993 0.625153 -0.452068 0.515165 0.373394
0.169334 1.47875 0.502261 0.384538 0.48789 0.545532 -0.562573
-2.22705 0.329867 0.499001 -0.0510124 -0.0384424 -0.857747 0.510089
-0.349695 2.3294 0.499137 -0.783738 0.11577 0.360863 -0.492067
2.34687 1.92798 0.500637 0.671155 -0.462298 -0.475815 0.330805
0.355471 3.72961 0.499018 0.696883 -0.0338807 0.698616 -0.158563
-1.97499 1.36803 0.498909 0.38224 -0.12533 0.0668708 -0.913079
1.45611 3.51854 0.499 -0.227861 0.420224 -0.447088 -0.756045
0.442104 -0.109273 0.499001 0.0151163 -0.0111643 -0.474796 0.879895
-3.2084 2.48314 0.499166 -0.35241 0.218517 0.760061 0.500364
-2.12786 3.83893 0.498563 0.0602679 0.835707 -0.545709 -0.012811
-3.22129 3.84438 0.499832 -0.417651 -0.79393 -0.253492 0.361919
2.04 -0.833693 0.499 0.611859 -0.426101 -0.654117 0.127273
-1.23919 -0.559979 0.499002 0.370783 0.0266732 -0.41686 0.82948
-0.825599 1.45535 0.492432 -0.503273 -0.198219 -0.158811 -0.825957
-1.49459 -1.54402 0.499003 0.478872 -0.776028 0.398419 -0.098611
1.49277 1.02081 0.498769 0.452132 -0.703693 0.139732 -0.52997
-3.0138 1.49162 0.49833 0.536819 0.301586 0.113793 -0.779693
1.3508 2.02173 0.498105 -0.2709 0.389568 0.158759 -0.865821
-4.15702 3.43272 0.499624 -0.357624 0.242003 -0.891344 0.138004
-0.809966 0.470322 0.506285 -0.653712 -0.230968 0.719766 -0.0353777
-1.37032 2.28102 0.499552 -0.197312 -0.517771 -0.736014 -0.388928
