74.1 -1.07418 1.44435 1
1.33673 -0.761878 0.49819 -0.814098 0.365499 -0.221875 -0.392971
-1.72824 -0.272283 0.49901 0.287448 -0.0324714 -0.8911 -0.349657
1.86501 -3.38853 0.499 0.00503712 0.644685 -0.311619 0.698033
-0.548834 -3.18147 0.499 -0.927286 -0.0193975 -0.081209 0.364924
0.332691 -2.14674 0.499 -0.591225 -0.324608 -0.586561 0.448362
-3.21033 -1.22072 0.498992 0.299311 0.78593 0.328643 0.429791
0.353597 -0.584287 0.499382 -0.294195 0.316168 -0.501037 0.749966
3.08764 -1.55306 0.49488 0.0807507 0.374706 0.378922 0.842314
2.17651 0.225101 0.498403 -0.0597279 0.31297 -0.941586 0.109082
-1.51822 -1.41469 0.499 0.381152 0.542679 0.740524 -0.108839
3.02529 1.06996 0.499 0.871283 -0.0384235 -0.416891 0.25611
0.59399 -3.23456 0.499 -0.0112181 0.219311 0.891721 0.395741
-2.24786 0.576613 0.499 -0.511748 0.40774 0.580252 0.484943
1.83038 1.29565 0.531456 -0.276155 -0.0806343 0.57625 0.764966
1.174 0.217941 0.503202 -0.0141073 -0.498548 -0.80152 0.329874
2.43989 -2.49411 0.498956 -0.874917 0.0274959 -0.438713 0.203211
-2.53193 -1.95901 0.499009 0.937772 0.167796 0.304014 -0.00176268
-0.67153 -0.281 0.499038 -0.156847 -0.279227 -0.853467 0.411126
-2.69117 -2.97543 0.499 0.379996 0.258255 -0.654237 -0.600734
1.44704 -2.41276 0.499044 -0.706481 -0.598635 -0.267382 0.266511
-2.96641 -0.191126 0.499 -0.76514 -0.0701496 0.491108 -0.410429
2.09912 -1.40521 0.498847 0.449535 0.76809 -0.394865 0.228118
-0.101447 1.59371 0.499 -0.834105 0.334985 -0.397841 0.183785
-0.396618 -1.41748 0.499001 0.540612 -0.130277 -0.573493 0.601558
-1.04352 0.781913 0.499 -0.572272 -0.0615429 0.696842 0.427935
