59.8 -0.209296 1.78779 1
0.329821 3.3572 0.499 0.697707 0.0299164 -0.636694 -0.327004
-0.447587 -0.987608 0.498998 0.058733 -0.418954 -0.241513 -0.873326
2.37796 -2.03136 0.499234 -0.150574 0.0878341 -0.976207 0.128966
2.29136 -3.11449 0.498969 0.360968 0.290518 -0.38164 0.799782
1.06905 1.40653 0.498999 -0.585596 0.488676 0.426017 0.486603
-1.47895 -0.906462 0.49903 -0.472815 0.40586 0.654641 -0.427983
1.54315 -0.405623 0.499 -0.96124 0.25305 -0.0697951 0.0843353
2.47352 -1.03115 0.498893 -0.516599 -0.261856 0.134761 0.803988
-0.213719 1.12744 0.499 0.132539 -0.49506 -0.763074 0.393785
-0.0753321 -1.98468 0.498997 -0.3056 -0.112364 0.204574 0.92311
2.54389 0.0108225 0.499 0.16385 0.921461 -0.111071 -0.334254
1.45981 -2.45583 0.505997 -0.11932 -0.0563707 -0.596428 -0.791744
-2.09505 0.0270067 0.499 0.277273 -0.45637 0.718984 -0.444869
0.833789 0.404007 0.499 0.168154 0.770525 0.498142 -0.360375
-0.446115 0.141943 0.499 -0.248181 0.530449 0.319664 0.744879
3.21238 -2.70018 0.49903 0.459802 0.266849 -0.567731 -0.628534
-1.27476 -2.323 0.499 -0.877455 0.322409 -0.196053 -0.296121
0.870657 -1.60846 0.499001 0.00278227 -0.850101 0.0511445 -0.524123
-2.18993 -2.82951 0.499 0.534915 0.207604 -0.57356 -0.584633
3.52915 -1.5829 0.532579 -0.102474 -0.305788 -0.627139 -0.709006
-2.5961 -1.36036 0.499 -0.816698 -0.33245 -0.168596 0.440519
1.40358 3.29232 0.499 -0.0926596 -0.594453 0.62479 -0.497672
-1.51856 1.02177 0.499 -0.833797 0.501244 -0.14242 -0.182354
0.387854 -3.06512 0.499 0.467855 0.77618 0.106046 0.409158
0.535234 -0.661852 0.499 0.377419 0.780914 -0.417226 -0.271387
