67.7 -1.56936 0.881531 1
0.623197 3.66756 0.499 0.739499 0.178923 -0.642167 0.093539
-1.87565 2.94648 0.499002 0.344145 0.782364 0.351423 0.382064
1.48532 1.52272 0.499023 0.399819 -0.636424 0.532912 -0.388734
0.0327307 -0.558305 0.499 0.369977 -0.130668 -0.261303 0.881909
1.16202 2.47133 0.498991 0.756859 -0.354637 0.548679 0.0186579
-1.35064 0.525515 0.499 0.0755836 -0.305242 -0.94919 0.0123759
-0.0539496 2.91003 0.499 0.178633 0.0833052 0.905965 -0.374671
2.87805 3.30779 0.499 0.152428 0.333832 -0.550184 0.75008
0.103225 4.545 0.499 0.68 -0.0727047 -0.34795 0.641284
-0.741634 1.49998 0.499 0.6966 0.373797 0.470971 -0.391421
2.48019 4.26327 0.498991 0.670666 0.259932 0.197033 -0.666199
0.752245 0.837098 0.498987 -0.299348 -0.0623929 -0.601183 0.738293
-2.72017 2.401 0.499066 0.279277 -0.584672 0.674546 0.353766
-1.76891 3.96355 0.499 -0.870973 0.434357 -0.211714 0.0889817
-2.76924 3.96631 0.498994 0.15623 -0.918571 -0.110339 -0.345897
1.7327 0.539552 0.499 0.0380566 0.0432051 -0.450939 -0.890696
-0.992501 -0.601764 0.499 0.0555187 -0.141969 -0.987802 -0.0317675
0.230109 1.8566 0.499 -0.00384638 -0.421009 0.412984 -0.807577
-1.61585 -1.41341 0.499 0.65061 0.0458931 -0.757872 0.0151839
2.215 2.28729 0.499 0.294914 -0.391745 0.735849 -0.466998
-2.68935 1.37856 0.499 0.00540402 0.716763 0.611752 0.334636
1.73883 3.34796 0.499 -0.547548 0.759573 -0.184505 -0.298659
-3.59695 3.40517 0.499006 -0.512427 0.460942 0.203762 -0.695293
-0.338811 0.554051 0.499 0.251036 -0.9526 -0.115012 -0.1277
-0.979689 2.48595 0.498998 -0.000348549 -0.29833 -0.0168993 -0.954313
