48.5 0.639034 -1.68275 1
-2.53676 2.64734 0.499 -0.334337 -0.336335 0.777673 -0.412701
0.324617 -2.86845 0.498945 -0.273161 0.222776 0.25119 -0.901475
0.569003 0.233928 0.499294 0.195205 -0.843598 -0.476033 -0.153722
1.07706 -0.988776 0.499082 0.0870848 0.0146874 0.378527 -0.921367
-0.543328 2.68549 0.499807 -0.74133 0.425418 -0.511734 -0.0870499
-0.70637 -1.94914 0.498997 0.190981 -0.318761 0.548376 0.749133
0.167981 1.18457 0.500449 0.334023 0.718492 -0.488015 -0.366113
0.374192 2.18577 0.498993 -0.0147353 0.521635 0.393714 0.756749
-2.14023 1.70829 0.499002 -0.282883 -0.803875 0.175466 0.492924
0.706556 -3.96784 0.498999 -0.670163 -0.45333 0.0223163 0.587261
1.09197 2.89353 0.499039 -0.0106934 0.180395 -0.82254 0.539233
1.07204 -2.20389 0.499055 -0.555838 -0.0197135 -0.362455 -0.747851
-1.4788 -0.114543 0.499 0.187279 0.915316 0.275724 0.226052
-1.1399 1.88322 0.498919 0.849179 0.391686 -0.0128203 -0.353996
-1.31733 0.8888 0.499005 -0.239007 -0.254025 0.345865 0.871048
1.51034 -0.0895476 0.555275 0.375679 0.431806 0.525328 -0.629634
-3.37626 0.601425 0.499 0.81494 0.37729 -0.292112 0.328929
0.243557 -1.55355 0.499021 -0.272049 0.414022 -0.630816 -0.5972
-3.45098 -0.614223 0.499 0.548052 -0.658033 -0.277894 -0.435209
2.44922 0.250472 0.511068 0.357938 -0.147659 0.877458 0.283098
-2.3732 0.634203 0.499 -0.410891 0.728277 0.310151 -0.452313
2.69887 2.83782 0.499 -0.709219 0.551633 -0.387362 0.206542
-3.20098 1.86846 0.499 -0.0922693 -0.752611 -0.651473 -0.0254088
1.62662 -3.57468 0.499001 -0.636264 -0.486356 0.454261 0.390221
-0.423936 0.29619 0.498587 -0.752908 -0.485032 -0.0101334 -0.444715
