60 -0.525464 1.72159 1
0.240351 3.41768 0.499 0.745126 -0.0316537 -0.525231 -0.409777
-0.530997 -0.785709 0.499 0.013404 -0.487521 -0.281208 -0.826478
2.24679 -1.82482 0.499001 -0.122811 0.102713 -0.980517 0.113818
2.16135 -2.9683 0.499528 0.473402 0.260641 -0.374178 0.753623
0.982698 1.42986 0.499 -0.676432 0.435193 0.359078 0.473403
-1.59494 -0.779136 0.499 -0.480471 0.334161 0.62932 -0.511312
1.49473 -0.292993 0.499311 -0.960179 0.18436 -0.190249 0.0887312
2.34369 -0.810358 0.498682 -0.537189 -0.123132 0.135038 0.823427
-0.270746 1.38403 0.499 0.224597 -0.490648 -0.707411 0.456498
-0.159263 -1.7981 0.498999 -0.421354 -0.155931 0.236304 0.861572
2.50383 0.216375 0.499 0.13288 0.928979 0.0449096 -0.342525
1.33236 -2.32792 0.498762 -0.0627248 -0.0214641 -0.596944 -0.799539
-2.21621 0.113529 0.499 0.241029 -0.511625 0.729977 -0.383768
0.784914 0.438668 0.498339 0.0287721 0.731675 0.524188 -0.434801
-0.516759 0.39828 0.499 -0.259085 0.636811 0.383758 0.616504
3.05438 -2.5175 0.498392 0.467268 0.171812 -0.624063 -0.602235
-1.38056 -2.27688 0.499 -0.858494 0.252082 -0.274582 -0.352204
0.802782 -1.42226 0.499216 -0.124579 -0.873122 0.0960313 -0.461428
-2.30796 -2.77888 0.499 0.595775 0.0801412 -0.476903 -0.641244
3.44958 -1.41393 0.499536 -0.0886487 -0.224834 -0.620372 -0.746143
-2.67919 -1.36322 0.499 -0.754433 -0.397179 -0.284391 0.438408
1.32577 3.32179 0.499 -0.0788387 -0.653303 0.648514 -0.382634
-1.59662 1.11163 0.499 -0.841577 0.452132 -0.234765 -0.179472
0.326713 -2.91595 0.499 0.578537 0.805702 0.011893 0.126481
0.442205 -0.496149 0.499445 0.416968 0.756456 -0.384437 -0.325762
