48.4 0.515162 -1.72471 1
-2.65536 2.69829 0.499 -0.339013 -0.345039 0.748725 -0.453243
0.301394 -2.86115 0.498971 -0.27192 0.131316 0.215967 -0.928533
0.529428 0.26502 0.499188 0.170657 -0.841511 -0.493812 -0.137423
1.04552 -0.983514 0.49881 0.0754833 -0.0656657 0.415883 -0.903898
-0.664113 2.72446 0.511286 -0.732505 0.422068 -0.529708 -0.0685894
-0.730269 -1.94585 0.498995 0.159858 -0.294068 0.539851 0.772354
0.103232 1.20184 0.509659 0.366764 0.721998 -0.451524 -0.374605
0.282001 2.19654 0.499086 -0.0119936 0.531313 0.381395 0.756373
-2.24925 1.76765 0.498991 -0.303433 -0.77669 0.225599 0.503772
0.691276 -3.94514 0.499005 -0.667835 -0.380169 -0.027241 0.639317
0.985507 2.91778 0.498829 -0.00365482 0.218026 -0.78631 0.578072
1.04958 -2.19813 0.499029 -0.507936 -0.0837821 -0.423268 -0.745537
-1.51386 -0.0873843 0.499004 0.159933 0.922307 0.31171 0.163117
-1.25025 1.9138 0.498866 0.862836 0.391771 -0.00959267 -0.319278
-1.38548 0.919209 0.499056 -0.267733 -0.203162 0.347244 0.87548
1.46716 -0.0780669 0.563587 0.346868 0.457228 0.518403 -0.633942
-3.4379 0.6807 0.498999 0.855966 0.328104 -0.212266 0.338545
0.209198 -1.55211 0.498923 -0.292182 0.385472 -0.609296 -0.62833
-3.48474 -0.509949 0.499 0.536331 -0.722244 -0.263443 -0.348297
2.41173 0.238603 0.499009 0.274392 -0.144518 0.893351 0.325188
-2.43512 0.700445 0.499001 -0.383119 0.695721 0.304589 -0.525754
2.66304 2.82788 0.499 -0.657842 0.585353 -0.443964 0.165836
-3.30964 1.91598 0.499 -0.116644 -0.713105 -0.691207 0.0104434
1.62083 -3.57509 0.498995 -0.705648 -0.419708 0.382596 0.423704
-0.477977 0.320877 0.499014 -0.741507 -0.511218 -0.0161655 -0.434237
