75.9 -1.35584 -1.18394 1
-0.225049 -0.833848 0.499 0.553508 -0.186931 0.051008 0.80999
-3.09457 -0.124332 0.499 -0.178956 -0.125186 0.00333156 0.975855
1.51276 -4.56372 0.499 0.765616 0.511272 0.357468 0.157003
-1.33793 -4.76617 0.499 -0.72472 -0.377333 -0.116754 0.564596
-1.40311 -3.2192 0.499 -0.461274 -0.488608 0.280952 0.685241
-4.10084 -0.899229 0.499 0.551349 -0.0713514 -0.419385 -0.717662
-1.06704 -0.214945 0.499 0.0458475 0.672357 0.73724 0.0480749
1.64692 -1.50244 0.499004 0.830817 -0.249073 -0.489414 0.0904386
2.25029 0.114121 0.499 0.60457 -0.164454 -0.0400548 0.778361
-2.3205 -1.25375 0.499 -0.0884056 0.2191 -0.840313 -0.487908
3.42371 -0.0985916 0.499 0.694091 0.49707 0.514785 -0.0784496
-0.266852 -4.46616 0.499 -0.261997 -0.355058 0.876342 -0.193172
-2.99921 1.34365 0.499 0.814186 0.0877972 -0.571215 -0.0557271
1.77571 1.81211 0.499 -0.312241 0.784807 0.530979 -0.0681568
1.19076 0.277472 0.499 0.917654 -0.147027 -0.023085 0.368458
0.821336 -2.69796 0.499 0.41188 0.406512 0.559723 0.593138
-3.54369 -1.73803 0.499 -0.0406153 -0.993567 0.0953104 0.0457196
-2.09555 -0.0332787 0.499 -0.143235 -0.694437 0.229175 0.666873
-4.2404 -2.71282 0.499 -0.619255 -0.696043 -0.201569 0.302353
-0.388509 -3.29231 0.499 -0.744745 0.588685 -0.197962 -0.244164
-4.11304 0.133335 0.499 -0.640991 0.576627 -0.293489 0.412912
0.649922 -1.42508 0.498996 0.260758 0.0565174 0.959265 0.0928563
0.635944 1.19956 0.498998 0.758335 -0.532021 -0.0390003 0.374647
-1.26987 -1.99003 0.499 0.00357852 -0.827565 0.504967 0.245218
-1.03305 1.07562 0.499 0.117147 0.965191 -0.147145 0.181744
