60.1 -0.678197 1.66735 1
0.194199 3.44445 0.499 0.76349 -0.0700207 -0.465093 -0.44257
-0.575468 -0.688244 0.499272 -0.012137 -0.523555 -0.305751 -0.795147
2.17965 -1.725 0.499 -0.104201 0.111648 -0.981646 0.114231
2.07857 -2.89704 0.498945 0.511184 0.246571 -0.365293 0.737871
0.9462 1.46809 0.502145 -0.713497 0.42529 0.333044 0.446241
-1.6547 -0.718773 0.499 -0.481748 0.298263 0.607097 -0.557127
1.44433 -0.222006 0.503198 -0.957441 0.181615 -0.208353 0.0831364
2.30358 -0.729311 0.498008 -0.55716 -0.0553381 0.166592 0.811639
-0.300687 1.50886 0.499 0.267602 -0.485586 -0.670476 0.493008
-0.203913 -1.70742 0.499 -0.47869 -0.168079 0.253409 0.823644
2.48184 0.315951 0.499 0.123465 0.921386 0.120684 -0.348196
1.26579 -2.26773 0.499052 -0.0303241 -0.00894023 -0.604215 -0.796194
-2.27847 0.153441 0.499 0.21484 -0.541329 0.730835 -0.355931
0.752325 0.490865 0.498286 -0.0321253 0.715397 0.50801 -0.478646
-0.553477 0.522972 0.499 -0.257082 0.686365 0.415563 0.538628
2.97115 -2.43332 0.499057 0.464364 0.115865 -0.653584 -0.586318
-1.43502 -2.25723 0.499 -0.840939 0.221437 -0.318676 -0.377137
0.762813 -1.36773 0.499001 -0.170082 -0.885432 0.0803219 -0.425006
-2.36731 -2.7573 0.499 0.620357 0.00915697 -0.427896 -0.657251
3.40247 -1.33633 0.499044 -0.0746403 -0.195637 -0.63017 -0.747691
-2.72278 -1.36778 0.499 -0.719077 -0.418314 -0.340713 0.438013
1.2849 3.33333 0.499 -0.0797067 -0.679958 0.652662 -0.324554
-1.63769 1.15342 0.499 -0.837112 0.431256 -0.285691 -0.177883
0.294911 -2.8449 0.499 0.618778 0.784494 -0.0330061 -0.0243702
0.390395 -0.440062 0.499753 0.425209 0.754182 -0.355328 -0.352348
