116.5 -1.75809 -0.386147 1
-1.90095 -1.36803 0.499 0.717291 0.103619 -0.687712 -0.0425406
-0.791911 3.84029 0.499 0.177761 0.222285 0.913165 -0.291755
2.44055 2.1465 0.499 0.0132577 -0.59034 -0.776667 0.219344
-1.16857 1.38342 0.499 0.175391 0.654838 0.210119 -0.704468
1.59952 -0.300531 0.499 0.737457 -0.00436725 0.0142078 0.675231
-2.66392 4.87441 0.504471 0.616774 -0.34205 0.688531 0.168868
-2.78861 -0.817051 0.499 -0.597599 -0.749748 0.219931 0.179953
-2.2158 2.42105 0.499 -0.728628 0.329441 -0.526559 -0.288627
-3.9063 -1.11433 0.499 0.172 -0.197485 -0.958956 0.108714
0.311104 1.30555 0.499022 -0.0719058 0.450965 0.556401 -0.694174
-2.48001 1.34756 0.499 0.245586 -0.0117056 0.0523192 -0.967891
0.515101 0.293277 0.499 -0.810203 0.4158 -0.0477746 0.410364
2.39098 -2.45448 0.499 -0.212691 0.719196 -0.416458 -0.513889
-3.32721 -2.07962 0.499 0.834893 -0.23886 -0.357228 -0.34393
-3.23263 2.13449 0.501762 -0.0407679 0.832962 0.33739 0.43667
-4.85252 1.74745 0.499 0.0775586 0.0021403 -0.727654 -0.681542
-2.55725 3.92607 0.499337 -0.30001 -0.55816 -0.047901 -0.772112
-3.88544 4.82625 0.53998 0.38828 0.0773872 0.488477 0.777586
1.29401 1.60247 0.499 -0.00161375 0.164954 -0.852051 -0.496786
-3.07263 3.10576 0.498829 0.281243 0.298706 -0.911937 -0.00694467
-1.19134 2.58224 0.499 0.252678 -0.637972 0.03769 -0.726447
-4.4281 3.06251 0.499 -0.681464 0.208078 -0.618256 -0.331768
-0.795118 -0.48315 0.499 0.035841 -0.333604 0.12861 0.933211
2.09127 -1.42983 0.499 -0.40423 -0.0229755 0.148586 0.902215
-1.93046 0.479487 0.499 -0.473027 0.322521 0.819407 -0.0282511
