14.1 0.143441 1.79428 1
3.28319 1.38222 0.499 -0.125878 0.605448 0.558987 -0.552378
4.87739 2.28802 0.499 -0.125878 0.605448 0.558987 -0.552378
2.48609 -2.74821 0.499 -0.125878 0.605448 0.558987 -0.552378
1.00058 4.75179 0.499 -0.125878 0.605448 0.558987 -0.552378
4.33391 1.38222 0.499 -0.125878 0.605448 0.558987 -0.552378
1.5956 -3.30331 0.498999 0.43017 -0.147488 0.694288 -0.557822
3.74284 -2.19738 0.499 0.138197 0.845222 0.515632 -0.0249998
4.33763 -1.38218 0.498902 0.891341 0.441091 0.0912962 0.0511411
3.11147 -0.0260744 0.499 0.241909 0.71281 0.32194 -0.574227
4.40846 -0.384919 0.498916 -0.120649 0.616055 0.529309 -0.570747
0.384636 2.10686 0.499 -0.125878 0.605448 0.558987 -0.552378
0.928114 3.01265 0.499 -0.125878 0.605448 0.558987 -0.552378
0.59625 -3.24356 0.499001 0.411966 -0.222345 0.714381 -0.520103
-0.666089 5.65758 0.499 -0.125878 0.605448 0.558987 -0.552378
3.40723 -1.01779 0.499201 0.426624 0.716749 0.405039 -0.374441
3.35565 3.19381 0.499 -0.125878 0.605448 0.558987 -0.552378
1.72522 0.403959 0.499 -0.125878 0.605448 0.558987 -0.552378
-0.0863788 4.78802 0.499 -0.125878 0.605448 0.558987 -0.552378
-0.0863788 -1.55256 0.499 -0.125878 0.605448 0.558987 -0.552378
0.420868 3.88222 0.499 -0.125878 0.605448 0.558987 -0.552378
2.40971 -0.92388 0.499 -0.071752 0.640032 0.567867 -0.51258
2.55855 3.84599 0.499 -0.125878 0.605448 0.558987 -0.552378
-1.20957 1.23729 0.499 -0.125878 0.605448 0.558987 -0.552378
4.84339 0.515775 0.498994 -0.125189 0.604005 0.560558 -0.552522
1.36283 -2.30312 0.499 0.240141 0.438994 0.61614 -0.608266
