81.7 -1.7434 0.447834 1
1.92512 0.886128 0.534528 0.476064 0.804866 -0.351256 0.0466248
-0.123117 1.4001 0.499 -0.173037 0.459044 0.853997 -0.173281
2.12358 -0.863994 0.502263 0.655825 0.344189 -0.0773927 0.667412
-0.116344 -2.64348 0.499 0.474395 0.511555 -0.714141 0.0571294
-1.70889 -2.62736 0.499 -0.634206 0.384164 -0.215571 0.635397
-2.7163 1.90703 0.498991 0.201088 0.835959 0.414383 -0.298368
2.38372 1.75544 0.497532 0.249771 -0.420084 -0.548064 -0.6788
1.34444 0.111728 0.500169 0.113961 0.747488 -0.550393 0.354037
3.66238 1.26247 0.499 -0.609365 -0.312426 0.72727 -0.0462894
0.162708 0.434863 0.499 -0.0884387 0.881721 0.433129 -0.164763
3.26655 -0.711715 0.499 -0.796478 0.432787 0.0224459 0.421681
1.46494 -1.97078 0.499 -0.360805 -0.453845 0.34266 0.739208
-0.443353 2.66574 0.499 0.179899 -0.58764 0.378756 -0.691997
2.26915 3.7959 0.523772 0.499122 0.341281 -0.141731 -0.783784
2.4948 0.0480573 0.496325 0.490092 0.244079 0.347289 -0.761331
-0.602293 -1.27165 0.499 -0.570047 0.7542 -0.267866 -0.18568
-1.49341 0.238271 0.499 -0.327259 -0.520362 -0.780897 0.11102
1.43921 2.1201 0.534928 0.0840075 0.869463 0.0413568 -0.485043
-2.34195 0.979805 0.499009 0.010116 -0.401434 -0.729277 0.553989
1.08117 -1.00676 0.49901 -0.39544 0.492717 0.426965 0.646961
-1.14541 1.7051 0.499 0.141178 -0.860998 0.423796 -0.243205
0.16896 -0.596656 0.49899 0.15892 -0.739592 -0.617867 -0.21445
3.2682 2.22101 0.512971 0.0692002 -0.0356966 -0.987922 0.133968
-1.59318 -0.801297 0.499 0.0830715 0.992038 0.0943292 0.00783791
1.33799 4.14566 0.499076 0.402932 -0.524869 0.718646 0.213791
