87.1 0.0294756 1.79976 1
1.26351 -0.651375 0.499 -0.0696226 0.70649 -0.458892 0.534268
0.51951 1.56482 0.499 -0.617031 -0.135873 0.487174 0.602887
2.26098 -0.834374 0.499 -0.563913 0.207701 0.782871 0.161166
2.16805 -3.25315 0.499 0.331843 0.581446 0.459182 0.583911
-0.616592 -2.14775 0.499 0.765013 0.540544 0.34663 0.0491504
0.285644 5.49511 0.499 -0.101842 0.52878 -0.134545 0.831816
0.746867 0.209659 0.499 0.403815 -0.173041 -0.243923 0.864576
0.337822 -1.07065 0.499 0.404771 0.177979 0.847796 -0.292788
3.87242 -0.281503 0.499 0.0537447 0.608364 -0.760783 -0.219578
-0.275669 0.0374006 0.499 -0.234482 -0.951695 0.146438 -0.133604
3.94804 -1.89088 0.507943 0.693948 0.109155 -0.411717 -0.580526
2.92591 -2.18333 0.499 -0.234697 0.773502 -0.502522 -0.30673
0.847837 4.28024 0.499 0.937861 0.177396 0.190401 -0.229554
1.79314 1.28738 0.499 0.787555 -0.0446193 -0.326158 0.520948
2.87722 0.120691 0.499 -0.648617 0.217847 -0.178769 -0.707022
-1.94418 -1.1485 0.499 0.332848 -0.776751 -0.414 -0.338341
-0.709289 1.61089 0.499 0.640542 0.442775 0.59261 -0.206082
-0.034645 2.7259 0.499 0.391898 -0.569179 0.72277 -0.00738173
-2.48186 4.32771 0.499 -0.410102 0.294657 -0.823247 -0.259343
0.39548 -2.13149 0.499 -0.23012 0.743689 -0.327541 -0.535433
-1.11188 3.0955 0.499 0.0182123 0.641831 0.207835 0.73792
-1.6718 -0.121132 0.499 0.273926 0.739166 -0.155147 0.595422
1.81323 0.218954 0.499 0.455813 -0.286377 0.76088 0.362332
-2.19368 1.53849 0.499 -0.269986 -0.836739 -0.108339 -0.463937
3.30986 2.09834 0.499 0.613302 0.317155 -0.276998 -0.668241
