105.6 1.69361 -0.609662 1
1.95584 -1.70212 0.499 -0.0718037 -0.544905 0.731896 0.402805
3.43429 1.39259 0.499001 0.0663266 -0.42648 0.255673 0.865071
4.29151 0.669302 0.499 0.596152 0.623252 -0.470074 0.187591
-1.34432 -0.96906 0.499 -0.573013 0.628746 -0.376631 -0.366722
-0.27926 1.39832 0.499 0.477588 -0.1341 0.164935 -0.852481
5.61708 0.718628 0.499 -0.251828 0.787669 0.560924 -0.0390529
0.657584 -1.96184 0.499041 -0.68485 0.39336 -0.116924 0.602144
-0.5754 -1.66456 0.499 0.00662799 0.51628 0.447387 -0.730244
-0.799043 -3.51431 0.499 0.180241 0.0701761 0.158611 -0.96821
0.245043 -1.03769 0.498996 -0.464631 0.0246999 0.853381 0.235052
-2.31954 -1.37828 0.499 0.56469 0.67705 0.0239626 0.471333
0.224491 -2.86966 0.499001 -0.88465 0.0638232 0.367936 0.279184
3.43866 -0.883573 0.499 -0.413492 0.0994577 0.499514 0.75473
1.23032 -3.25354 0.499 -0.336944 -0.681611 0.235495 -0.605325
-2.52405 -0.167495 0.499 -0.740611 0.236662 -0.38498 -0.497269
-2.99832 1.07053 0.499 -0.229666 -0.36506 -0.114582 0.894905
0.802464 2.27639 0.499 0.311254 0.079718 0.184698 0.928791
2.73498 2.33039 0.499 0.0941312 -0.208329 0.632529 -0.740031
2.86235 0.572442 0.498999 -0.511044 0.606159 -0.142351 0.592572
-1.81858 0.72764 0.499 -0.369691 0.348064 0.515082 0.690559
0.442051 -0.0456244 0.499004 -0.246064 0.118925 0.960839 0.045805
-1.80367 2.74656 0.499 0.857812 0.011414 -0.250484 -0.44865
2.43646 -0.425482 0.499 -0.123836 0.989579 -0.000544885 -0.0734661
1.655 0.424948 0.499 -0.940533 -0.105982 -0.322532 -0.0117556
-1.57351 -2.18041 0.499 -0.753044 -0.254666 -0.103136 0.597857
