73.9 -0.793014 1.6159 1
1.5076 -0.820515 0.499467 -0.782506 0.283241 -0.0921798 -0.546774
-1.44018 -0.347457 0.499204 0.169081 -0.174959 -0.861192 -0.446261
1.91561 -3.29113 0.499002 -0.0282142 0.562518 -0.350622 0.748225
-0.493522 -3.05151 0.499 -0.935482 0.0828786 0.0132747 0.343261
0.537965 -2.07508 0.498999 -0.612174 -0.255268 -0.615073 0.426342
-3.09268 -1.29578 0.4992 0.247703 0.692954 0.34127 0.584801
0.52112 -0.653446 0.498007 -0.216178 0.209747 -0.554291 0.775909
3.29851 -1.63065 0.541232 -0.0499193 0.320555 0.569209 0.755483
2.18008 0.193266 0.499006 -0.140381 0.318022 -0.935084 0.0690821
-1.48237 -1.43764 0.499 0.493006 0.377443 0.774849 0.118705
2.97929 1.15484 0.499 0.805054 -0.223834 -0.465314 0.292009
0.725976 -3.14511 0.499 0.0905237 0.299954 0.886872 0.339547
-2.22706 0.487808 0.499 -0.52349 0.276635 0.664911 0.45533
1.83976 1.19031 0.541856 -0.203087 -0.149072 0.61433 0.747752
1.15218 0.234545 0.499 -0.295062 -0.534486 -0.712223 0.346411
2.72343 -2.53941 0.499 -0.901174 -0.0426199 -0.42777 0.055504
-2.41509 -2.02852 0.498844 0.913108 0.257825 0.303353 -0.0879591
-0.440039 -0.375178 0.504521 -0.184896 -0.113322 -0.884581 0.412903
-2.49664 -3.04569 0.499004 0.405135 0.421971 -0.59062 -0.555855
1.59107 -2.31262 0.498991 -0.699866 -0.635782 -0.175938 0.273888
-2.97386 -0.271026 0.499003 -0.611137 0.0237622 0.687065 -0.392286
2.29363 -1.48765 0.499003 0.496591 0.64384 -0.544105 0.206925
-0.185397 1.6134 0.499 -0.895371 0.414026 -0.11886 0.112986
-0.238602 -1.41788 0.499108 0.451786 -0.0385494 -0.654471 0.605037
-1.03789 0.7036 0.499 -0.508938 -0.186092 0.770142 0.336501
