37.4 -0.870875 -1.5753 1
-1.78413 1.6249 0.499 -0.448427 -0.672112 0.113296 -0.578224
0.80762 -1.42501 0.499 0.0934417 -0.847832 -0.126372 -0.506439
-1.37107 -2.29493 0.499 0.66622 0.302321 -0.229936 0.641781
1.82403 -0.110864 0.499 0.184697 -0.866403 0.279531 0.370264
-1.15701 0.746811 0.499 0.046436 0.314026 0.410469 0.854837
-2.41214 -3.16071 0.499 -0.670406 0.330175 0.332404 0.575368
-1.305 -1.2052 0.499 0.401095 -0.0767197 -0.599655 0.688223
-0.799346 -0.196686 0.499 0.179638 0.60363 -0.045776 0.775413
-2.4369 -0.292048 0.499 -0.712255 -0.468678 -0.19098 0.486374
1.3292 -2.28553 0.499 -0.343859 -0.456384 0.261603 0.777842
-1.93231 2.85152 0.499 -0.419535 0.521836 0.627798 0.396922
2.03347 -1.09877 0.499 0.317258 0.00927708 -0.818604 -0.478695
-4.47934 -3.61762 0.499 -0.80576 0.46312 -0.368584 0.0204025
-3.49823 1.62271 0.499 -0.100002 -0.0293284 0.952214 0.287102
-2.47052 -1.40776 0.499 -0.919364 0.287177 0.0271735 -0.26751
4.46103 -0.89534 0.499 -0.466764 -0.05589 0.591466 0.655115
-4.2473 -0.785956 0.499 0.455249 -0.465591 0.0699859 0.755695
0.55426 -0.34763 0.499 -0.603543 0.673097 -0.261201 -0.338305
-4.27667 -2.63287 0.499 -0.58414 -0.580724 0.337641 0.455564
3.70482 0.102735 0.499 0.168077 -0.451505 -0.876227 -0.010975
-3.82817 -1.73707 0.499 -0.0366908 -0.195933 -0.974374 -0.104205
2.26883 2.88303 0.499 -0.462457 0.446956 -0.757694 0.110738
-3.19943 0.464822 0.499 -0.40058 0.0276991 -0.915824 0.00590918
3.21776 -3.05069 0.499 -0.191343 0.434982 -0.0245612 0.879531
-3.0749 -2.41065 0.499 -0.80507 -0.372992 -0.0533516 -0.458142
