82.8 -1.30919 -1.23532 1
1.32541 0.55951 0.498994 0.589948 0.613555 0.51215 -0.114953
-0.032843 1.6088 0.498946 -0.106558 0.168969 0.450684 -0.870046
1.92781 -1.08245 0.499 0.884989 -0.322641 -0.0476751 0.332302
0.229659 -2.50562 0.499 0.782302 -0.413076 0.430622 0.178706
-1.65476 -2.72022 0.499 0.218948 0.966003 0.107771 -0.0853527
-2.3634 2.45022 0.499 0.187557 -0.255965 -0.390973 -0.86397
0.969341 1.50846 0.497426 0.161186 -0.200745 -0.713699 -0.651424
0.810922 -0.405046 0.499 0.0484811 0.334669 -0.831547 0.440653
3.34484 0.368728 0.499019 -0.755972 -0.00794598 0.654458 0.0113297
0.193948 0.634689 0.499054 0.0637025 0.255347 -0.292473 -0.919347
3.32734 -0.682527 0.516076 -0.116179 0.728779 0.240073 0.630673
1.64003 -2.06268 0.498999 -0.398917 0.522402 0.596893 0.460087
-0.400668 3.26181 0.499 -0.779535 -0.622777 0.0165012 -0.0648176
1.56797 2.71724 0.499 -0.674203 0.13784 -0.622749 -0.372335
2.43745 -0.0631046 0.499011 0.722666 0.0701531 0.336354 -0.599749
-1.06088 -1.28426 0.499153 -0.0320905 0.918052 -0.380786 -0.10561
-1.36047 0.506094 0.499 -0.0561747 0.0446812 -0.17137 0.982589
0.511833 2.45792 0.498994 0.144189 0.384826 -0.896751 -0.164186
-2.13315 1.46691 0.499 0.295208 -0.0978042 0.706846 0.635338
0.574727 -1.53843 0.499 -0.423586 0.0853231 0.901616 -0.019592
-1.07241 1.76502 0.498993 -0.787538 -0.569986 0.233158 0.023173
-0.340301 -0.520664 0.499 -0.561374 -0.731964 -0.379797 0.0695876
2.34796 1.36411 0.499 0.0850744 -0.177401 -0.970227 0.141249
-1.80385 -0.569034 0.499 0.806209 0.414026 -0.0127896 -0.422428
1.10116 3.91128 0.551616 -0.495928 -0.0326277 0.861002 -0.108012
