74.7 -1.67052 0.670355 1
0.746852 -0.739923 0.499 -0.550518 0.584365 -0.566465 0.185914
-2.24585 -0.184074 0.498989 0.351996 0.0651645 -0.930362 0.0792418
1.68847 -3.72825 0.499 0.203935 0.853132 -0.0914455 0.471397
-0.782253 -3.6287 0.498589 -0.825632 -0.212412 -0.312721 0.41883
-0.292336 -2.42256 0.499419 -0.534082 -0.427285 -0.437896 0.583465
-3.55828 -1.0509 0.498989 0.49346 0.82089 0.253129 -0.136246
-0.238376 -0.390867 0.499 -0.474797 0.62299 -0.138443 0.60604
2.57588 -1.4528 0.499 0.465033 0.416963 -0.0593572 0.778693
2.18312 0.260871 0.499 0.23399 0.310554 -0.864404 0.318765
-1.77959 -1.32269 0.499068 0.106767 0.665665 0.358885 -0.645517
3.13885 0.761343 0.499 0.900188 0.398981 -0.103514 0.140571
0.224663 -3.5573 0.499102 -0.267562 -0.0199424 0.883045 0.385026
-2.53165 0.910507 0.499 -0.140721 0.856848 0.109526 0.483749
1.78859 1.5538 0.499001 -0.485613 0.202917 0.515015 0.676583
1.12305 0.380271 0.499001 0.598786 -0.281512 -0.703059 0.260604
1.83608 -2.50946 0.499 -0.71872 0.403924 -0.258695 0.503352
-2.90337 -1.80659 0.499011 0.890614 -0.224164 0.340096 0.202217
-1.22238 -0.09503 0.499016 -0.0842614 -0.569863 -0.64846 0.497651
-3.26432 -2.82309 0.499 0.225891 -0.297079 -0.782278 -0.498757
0.757054 -2.6648 0.499 -0.818449 -0.328505 -0.469935 0.0372414
-3.24612 -0.020169 0.53125 -0.961901 -0.0473198 -0.0196692 -0.268554
1.58138 -1.33652 0.499 0.289276 0.908143 0.180787 0.242718
0.134893 1.4776 0.499 -0.187459 0.050557 -0.921535 0.336269
-0.760968 -1.53874 0.49858 0.579943 -0.40249 -0.244192 0.66486
-1.07194 0.958598 0.499 -0.647824 0.402926 0.393182 0.513209
