10.7 1.17625 1.36251 1
3.5783 1.25887 0.499 0.482326 0.784979 0.359352 -0.148444
5.1725 2.16466 0.499 0.482326 0.784979 0.359352 -0.148444
2.78119 -2.87157 0.499 0.482326 0.784979 0.359352 -0.148444
1.29569 4.62843 0.499 0.482326 0.784979 0.359352 -0.148444
4.62902 1.25887 0.499 0.482326 0.784979 0.359352 -0.148444
2.01192 -3.8538 0.499 0.894108 0.0504617 0.328941 -0.299704
4.40869 -2.31726 0.499 0.553147 0.798314 0.210747 0.110949
5.31862 -1.90248 0.499005 0.846861 0.508811 0.0702367 0.137857
3.64289 -0.469649 0.499 0.562055 0.744569 0.335027 -0.132168
4.70188 -0.551974 0.499031 0.482719 0.784687 0.359133 -0.14924
0.679745 1.9835 0.499 0.482326 0.784979 0.359352 -0.148444
1.22322 2.8893 0.499 0.482326 0.784979 0.359352 -0.148444
0.9612 -3.8538 0.499 0.894108 0.0504617 0.328941 -0.299704
-0.370979 5.53423 0.499 0.482326 0.784979 0.359352 -0.148444
4.11216 -1.35961 0.498969 0.585913 0.744045 0.269408 -0.174705
3.65076 3.07046 0.499 0.482326 0.784979 0.359352 -0.148444
2.02032 0.280606 0.499 0.482326 0.784979 0.359352 -0.148444
0.208731 4.66466 0.499 0.482326 0.784979 0.359352 -0.148444
0.208731 -1.67592 0.499 0.482326 0.784979 0.359352 -0.148444
0.715977 3.75887 0.499 0.482326 0.784979 0.359352 -0.148444
2.78119 -1.05997 0.499 0.482326 0.784979 0.359352 -0.148444
2.85366 3.72264 0.499 0.482326 0.784979 0.359352 -0.148444
-0.914458 1.11394 0.499 0.482326 0.784979 0.359352 -0.148444
5.13627 0.389302 0.499 0.482326 0.784979 0.359352 -0.148444
1.73047 -2.83534 0.499 0.482326 0.784979 0.359352 -0.148444
