51.2 1.23972 1.30502 1
-0.160084 2.68214 0.499 -0.228445 0.543943 -0.308912 0.745997
0.402316 -2.36954 0.499002 -0.482235 0.0335241 -0.235746 0.84306
1.96094 0.265687 0.498999 0.775607 0.159978 0.492497 -0.360953
1.9855 -0.76528 0.499 -0.602926 0.786513 -0.0387287 -0.127978
1.78258 2.78252 0.499 -0.00245091 -0.985886 -0.0388613 -0.162825
-0.160263 -1.45232 0.499 0.898619 0.359703 -0.230249 0.100416
1.8576 1.27471 0.499 -0.803453 -0.376107 -0.0185165 -0.461155
2.69543 2.23048 0.499 -0.547991 0.287894 -0.78368 0.0516564
-0.250617 1.47391 0.499 0.928602 -0.249246 -0.274889 -0.00332383
0.657562 -3.88197 0.499 0.935522 0.220027 0.276356 -0.00374788
3.2395 3.19798 0.499 0.449093 -0.136922 0.667047 -0.57846
1.40262 -1.90939 0.499 -0.242529 -0.327059 0.47768 0.778482
-0.553802 -0.507918 0.498492 -0.621961 -0.146152 -0.769277 -0.00416294
1.08799 2.04572 0.499 -0.589994 0.325279 0.559678 -0.482557
0.157021 0.548944 0.499 0.894828 0.211393 -0.36575 -0.144298
3.12539 0.369852 0.499 -0.462385 0.306139 0.617835 0.557457
-2.27231 -0.842512 0.499 -0.055732 -0.880407 0.470871 -0.00762615
0.947299 -0.999233 0.49894 -0.54456 0.558127 -0.405993 -0.47657
-2.42164 -1.97418 0.499 -0.731579 0.140935 -0.522577 0.414539
3.76548 1.27916 0.499 0.577401 0.617804 0.533483 0.0179296
-1.333 0.120639 0.499685 0.209281 -0.587915 -0.679848 0.385181
4.13046 3.72367 0.499 0.0362071 -0.777941 -0.600573 0.181134
-1.26938 1.55137 0.499 -0.118985 0.650087 0.715022 0.227974
1.17831 -3.01643 0.498998 0.717906 0.692473 -0.0249026 0.0668709
0.995028 -0.000744547 0.499061 0.229788 -0.880004 0.320512 -0.264694
