49.1 1.29391 -1.25132 1
-1.86154 2.44619 0.503143 -0.258975 -0.253064 0.926901 -0.0987127
0.455887 -2.8606 0.499 -0.272158 0.64033 0.490935 -0.5243
0.879233 0.0785342 0.498824 0.395074 -0.787355 -0.378645 -0.283932
1.30238 -1.00459 0.499053 0.0626206 0.47062 0.20217 -0.856576
0.0937074 2.55986 0.499 -0.823126 0.31076 -0.408293 -0.243287
-0.538437 -1.92325 0.499 0.437808 -0.460717 0.473491 0.609812
0.568639 1.14483 0.499 -0.00883374 0.699815 -0.621191 -0.352567
1.00363 2.13096 0.499 -0.066656 0.483013 0.365102 0.793067
-1.58754 1.47206 0.500255 -0.125989 -0.928384 -0.0740289 0.341686
0.794705 -4.05238 0.498998 -0.461406 -0.837643 0.230656 0.179601
1.74231 2.80962 0.499 -0.0105674 -0.0172607 -0.984312 0.17527
1.1999 -2.1874 0.499243 -0.715955 0.254873 0.132453 -0.636321
-1.2334 -0.28302 0.498864 0.158395 0.801164 0.0376064 0.575876
-0.484601 1.74062 0.499 0.699189 0.472096 0.013758 -0.536723
-0.913715 0.736531 0.498826 0.0386962 -0.521217 0.198835 0.829036
1.86301 -0.0989893 0.499299 0.503567 0.328011 0.592033 -0.536961
-3.01614 0.178713 0.498948 0.329914 0.64273 -0.679167 0.129564
0.450145 -1.5281 0.498705 -0.204118 0.56988 -0.666606 -0.434981
-3.25392 -1.18777 0.499 0.528579 -0.0643226 -0.20369 -0.82157
2.76539 0.341027 0.498988 0.684471 -0.168092 0.706216 0.0670996
-2.02814 0.34163 0.499119 -0.621422 0.694696 0.361272 0.0267281
2.89373 2.94562 0.499 -0.917889 0.183895 -0.0651255 0.345574
-2.57128 1.64235 0.498144 0.176973 -0.883016 -0.334306 -0.277855
1.6433 -3.52335 0.499002 -0.0214329 -0.741198 0.64748 0.175886
-0.118154 0.133209 0.498749 -0.709126 -0.500297 0.00588709 -0.496799
