47.6 -0.507357 -1.72702 1
-3.62025 3.22871 0.498962 -0.289141 -0.404047 0.587931 -0.638342
0.119885 -2.7214 0.499 -0.143273 -0.598838 0.0801673 -0.783862
-0.046852 0.366034 0.499014 0.376009 -0.782999 -0.495281 0.0150516
0.977444 -0.973589 0.499643 -0.187963 -0.620159 0.639535 -0.413603
-1.39208 3.26852 0.499 -0.426061 0.602755 -0.674392 -0.0188151
-1.09432 -1.97417 0.499 -0.0790578 0.0723115 0.375574 0.920579
-0.650844 1.58508 0.499 0.68698 0.616649 -0.280715 -0.26268
-0.468411 2.63988 0.499 0.1849 0.657929 0.355714 0.637502
-3.17673 2.25334 0.509831 -0.212379 -0.554874 0.556333 0.58095
0.588063 -3.68068 0.499 -0.401495 0.111671 -0.48696 0.767595
0.236739 3.35359 0.499 0.171425 0.496337 -0.451357 0.721484
0.901198 -2.05895 0.499 0.0381847 -0.560068 -0.578343 -0.591933
-1.85069 -0.0345439 0.498907 -0.282616 0.724738 0.594376 -0.20396
-2.16739 2.29695 0.499 0.967574 0.225312 0.11364 -0.0110131
-1.82079 1.28185 0.498999 -0.511523 0.108446 0.22876 0.821129
1.52069 -0.122989 0.499 -0.504448 -0.0908945 0.63066 -0.5827
-3.93121 1.41262 0.498981 0.87399 0.0511553 0.345117 0.338258
0.0814432 -1.42073 0.498612 -0.223897 -0.111044 -0.534364 -0.807462
-3.75055 0.414059 0.49889 0.43424 -0.82875 -0.0435502 0.350304
2.57528 0.268107 0.499 -0.748457 -0.15932 0.390029 0.51216
-2.89074 1.28933 0.499 -0.211271 0.195262 0.337196 -0.896402
2.37132 2.83738 0.499 -0.215824 0.552732 -0.744851 -0.305131
-4.16677 2.38782 0.511226 -0.192855 -0.367379 -0.904307 0.100344
1.58186 -3.48784 0.499 -0.776471 0.0991969 -0.404437 0.472951
-1.03897 0.549053 0.499086 -0.561494 -0.7855 0.0441712 -0.256445
