49.5 1.60248 -0.819791 1
-1.47429 2.44043 0.498998 -0.200642 -0.12263 0.964744 0.118209
0.522704 -2.81053 0.499 -0.301157 0.730696 0.59892 -0.129162
1.14487 -0.00610696 0.499007 0.579745 -0.649134 -0.290586 -0.397593
1.45132 -0.963561 0.49911 -0.0150516 0.701411 0.155143 -0.695505
0.488035 2.53306 0.499549 -0.859685 0.120232 -0.31711 -0.382005
-0.42179 -1.85748 0.499 0.631088 -0.480321 0.310065 0.52429
0.824907 1.16629 0.499 -0.304727 0.613339 -0.609778 -0.398908
1.39489 2.11279 0.498419 -0.174172 0.482889 0.266567 0.815735
-1.2724 1.40396 0.498999 -0.0378526 -0.960479 -0.178063 0.210572
0.836624 -4.06233 0.499 -0.123277 -0.94978 0.273541 -0.0888622
2.11015 2.8174 0.499206 0.12344 -0.0772432 -0.98009 -0.134982
1.29148 -2.15149 0.499 -0.72367 0.253953 0.475424 -0.431024
-1.03828 -0.41775 0.499 -0.0467227 0.685144 -0.129378 0.715302
-0.0566657 1.6922 0.499 0.508006 0.57632 0.103344 -0.631748
-0.6295 0.631337 0.499001 0.308486 -0.63725 0.0573787 0.703886
2.15325 -0.065054 0.498993 0.530562 0.323438 0.683852 -0.38241
-2.80384 -0.0529627 0.499 -0.151345 0.668169 -0.711808 -0.154839
0.576727 -1.44801 0.49889 -0.246553 0.631565 -0.611279 -0.408258
-3.13614 -1.5223 0.499 0.362545 0.404154 0.0230842 -0.839457
3.00839 0.463755 0.499003 0.805152 -0.118842 0.581038 0.00108312
-1.82593 0.257579 0.499 -0.770858 0.425543 0.362715 0.305171
3.09112 3.06049 0.503319 -0.937473 -0.128256 0.0235453 0.322707
-2.25493 1.59127 0.499 0.480366 -0.779319 -0.0916692 -0.391801
1.6263 -3.44881 0.499 0.440908 -0.694094 0.562578 0.0856719
0.139987 -0.0171247 0.498997 -0.57583 -0.610445 0.047234 -0.541799
