102 -1.57771 0.866508 1
1.08203 0.334777 0.499004 0.236879 -0.618274 0.14274 0.735697
2.48754 4.25524 0.529547 -0.671552 0.224703 0.152956 -0.689297
1.87641 1.90894 0.499 -0.515237 0.809616 0.115966 0.256136
-0.599967 1.72363 0.499051 -0.339787 0.0480269 0.416528 -0.841868
-1.61684 1.81869 0.498725 0.123616 0.203852 0.0915574 0.966841
2.87168 1.57021 0.499 -0.130685 -0.362401 0.766112 0.51445
0.33749 1.23669 0.499 -0.321069 0.916185 0.0610628 -0.231929
-0.686963 0.343513 0.499 -0.530855 0.78848 -0.124215 0.284715
-0.581875 -2.65933 0.499 0.273941 0.513443 -0.556472 0.593019
-0.172464 2.62721 0.498942 0.0386283 0.979583 -0.0370539 -0.193783
-2.10837 -2.00367 0.499 0.069862 -0.678379 0.368108 -0.631995
-0.251483 -0.831469 0.499 -0.847465 0.258664 0.350192 -0.303748
2.03725 0.038912 0.498996 -0.875837 -0.458137 -0.112658 0.101623
0.661258 -1.34971 0.499 0.374437 -0.468668 -0.265305 -0.754825
-2.14487 -0.97828 0.499 0.184723 0.469979 0.658534 -0.55797
-2.65125 4.98918 0.499 0.608574 -0.0790491 -0.778294 -0.132846
-1.05703 4.02637 0.499 0.335491 -0.00113455 0.929047 0.155937
1.64392 5.00378 0.499 0.37186 -0.430316 -0.617852 0.54296
1.55599 3.30385 0.499 0.121281 0.555809 -0.810972 0.136716
-2.17252 0.0441804 0.499 0.284203 0.768065 -0.0697821 0.569592
0.447888 3.50849 0.499 -0.884087 0.0958984 -0.405182 0.212182
-1.98817 3.0894 0.499 -0.107422 0.921829 -0.321197 0.188479
0.826628 2.11222 0.499 0.948337 0.249268 -0.0071971 -0.19614
0.595537 5.30358 0.49905 0.187752 0.743996 0.503263 0.397424
-0.9189 -1.6299 0.499 -0.232642 0.315907 0.105455 -0.913761
