107.4 0.475227 1.73613 1
2.47808 -2.54362 0.499 0.589043 0.128934 -0.61525 0.507811
4.22997 0.761863 0.499 0.72274 0.342603 -0.503646 -0.326514
5.70128 0.476755 0.499 -0.384499 0.654486 -0.0777772 -0.646343
-1.34921 -1.40605 0.499 -0.754743 -0.640688 0.13978 -0.0184958
0.326107 0.945535 0.499 -0.0368383 0.311444 0.9356 -0.162169
6.23211 1.40158 0.512314 -0.886169 0.109442 0.222222 0.391593
1.18362 -2.69317 0.499027 -0.880229 -0.177012 -0.354573 0.261039
-0.614584 -2.187 0.499 -0.839078 -0.0406865 0.239014 0.486997
-0.978584 -3.30546 0.50591 -0.661505 0.68655 0.168583 0.25028
0.412629 -2.01777 0.498326 0.335216 -0.166197 -0.29959 0.877641
-2.57488 -1.41892 0.499 0.140578 0.861424 -0.476269 -0.106557
0.286011 -3.42074 0.504147 0.104647 -0.751661 0.4608 0.460128
4.51518 -0.914543 0.499 -0.370033 -0.371843 -0.676725 0.516576
1.83343 -3.4724 0.498809 0.473665 0.0958082 0.875424 0.00974367
-2.64583 0.17446 0.499 -0.304292 -0.480963 0.81926 -0.0699608
-3.4519 0.896862 0.499 0.307643 0.115078 -0.287654 -0.899649
1.61818 1.67236 0.499 0.0929245 0.0991616 -0.430181 -0.892455
3.34558 1.69977 0.499 0.0376732 0.389838 -0.158717 0.90632
3.7865 -0.138419 0.499 -0.15923 -0.763984 -0.509491 -0.362481
-1.27055 1.24238 0.499 0.538203 0.566527 -0.537374 0.317197
0.400157 -0.997617 0.524182 0.270115 -0.50708 0.245419 0.780818
-1.91703 2.79347 0.499 -0.156719 0.938339 0.215735 -0.220038
3.35145 -1.46626 0.499 -0.721668 -0.646376 -0.236281 -0.0745978
2.31693 -1.18876 0.499 0.774592 -0.54732 0.309205 0.0695766
-2.05582 -2.28448 0.499 0.483361 -0.790308 0.187051 0.326782
