100.2 0.987343 1.50504 1
0.912704 -0.0100538 0.498994 -0.463646 -0.774775 -0.0771816 -0.422845
2.56123 3.34157 0.499 -0.0152282 0.705566 0.684877 -0.181352
1.57669 1.2302 0.499005 0.127881 -0.0296056 0.931904 0.338119
-1.00098 0.439068 0.498875 0.174752 0.369271 0.760291 -0.505033
-2.60348 0.253819 0.499 -0.582614 -0.584387 -0.120375 -0.551872
2.57591 1.15448 0.49902 0.292327 -0.751434 0.227768 -0.545906
-0.000632641 0.400516 0.499014 -0.0376309 0.389423 0.767721 0.507483
-1.5741 -0.387564 0.499089 0.406602 -0.712071 0.571912 -0.0233733
-0.311944 -3.65192 0.499001 -0.546115 0.502497 -0.0195116 0.669981
-0.62913 1.36912 0.499014 -0.137625 -0.376947 0.320924 0.857892
-1.65327 -3.26845 0.499 0.667065 0.487935 -0.480374 0.293571
-0.0458851 -1.16654 0.498982 0.337743 0.052885 0.649686 -0.679
1.89198 -0.223001 0.499006 -0.664109 0.129987 0.434049 -0.594696
0.952182 -1.25861 0.499018 0.450134 -0.108276 -0.878326 -0.11916
-1.53524 -2.04383 0.496724 0.426958 0.897609 -0.068628 -0.0854112
-2.57439 2.77351 0.499 -0.550403 0.536951 0.615499 0.17292
-1.32808 2.62657 0.499 0.857606 -0.275563 -0.246164 0.357744
1.46628 4.06677 0.499 -0.248206 -0.687134 -0.679962 -0.0623927
0.986819 2.45206 0.499 -0.663598 0.171855 0.426057 0.590406
-2.18065 -1.19191 0.49895 -0.767923 -0.547667 0.327328 -0.0566704
-0.220336 2.28689 0.500775 -0.890219 0.0673458 0.300704 -0.335486
-2.61203 1.45145 0.499 0.0460612 -0.867507 0.454037 0.197892
0.573717 1.21926 0.498964 -0.0929151 0.180937 -0.920199 0.334459
-0.435735 3.67122 0.499 -0.101361 -0.893911 0.150517 0.409871
-0.544208 -2.16557 0.503838 0.614988 0.187725 0.2509 -0.723601
