90.4 -0.241418 -1.78374 1
0.252615 -1.90645 0.499 0.554869 0.532043 -0.371653 -0.520504
0.236172 0.852884 0.499 0.455901 0.493097 -0.285697 0.683657
1.20259 -1.09817 0.499 0.565839 0.719095 0.341368 -0.214935
0.598123 -3.89604 0.499021 0.166542 -0.708943 -0.637485 0.251548
-1.7493 -2.49353 0.499 -0.460738 0.440653 -0.424271 -0.64307
0.893946 2.56705 0.499 -0.0393064 0.00365994 0.822603 -0.567244
-0.283068 -1.05965 0.499 0.702809 0.178503 -0.667348 0.169833
-1.02616 -1.73632 0.499 -0.0396996 0.961608 -0.230897 -0.1429
3.22976 -1.4292 0.499 -0.196276 -0.303613 -0.641601 -0.676493
-1.25285 -0.725331 0.499 0.101078 0.22202 0.942852 0.22698
1.47578 -2.645 0.499 -0.848487 0.326155 -0.23014 0.347461
0.376065 -2.90701 0.498993 0.862289 -0.310644 -0.349724 -0.194039
1.9411 1.63254 0.499 -0.0738212 -0.289241 -0.353451 -0.886545
1.27581 0.61662 0.499 0.847735 0.131731 -0.299526 -0.417464
1.94612 -0.405921 0.499 -0.613198 -0.247952 -0.750005 0.000615736
-3.49781 -1.6085 0.499 -0.189412 -0.911284 -0.0749011 -0.357875
-1.52529 1.53754 0.499 -0.274956 0.423875 -0.364705 -0.782125
-1.12338 2.46476 0.499 -0.109625 -0.486494 0.862476 -0.0862659
-3.51216 2.97576 0.498943 0.722332 -0.224725 -0.616853 0.21732
-0.597849 -3.25583 0.499 -0.662125 0.403195 -0.575678 -0.260038
-1.92343 3.35429 0.504619 0.776947 0.164843 -0.30181 -0.527343
-3.41341 -0.382451 0.499 0.796753 -0.293288 -0.454361 0.26967
0.410015 -0.296375 0.499 0.775452 0.350702 0.402835 -0.336757
-3.25633 1.98643 0.499142 -0.629608 0.382212 0.62739 0.252766
3.20804 -0.425779 0.499 0.0878031 -0.016909 0.688885 0.719335
