65.9 1.00167 1.49555 1
0.722925 2.81908 0.525468 -0.159197 0.429621 -0.440804 0.771865
-1.64288 2.03224 0.500353 0.558483 0.485403 0.0241968 0.672232
1.3589 0.896977 0.499181 0.370807 0.366883 -0.782719 -0.339486
0.335135 -1.16516 0.499 -0.277366 0.312646 -0.199073 0.886392
1.32709 1.98273 0.498997 0.423513 -0.622773 -0.655249 -0.0586473
-1.55345 -0.2261 0.498993 -0.601422 -0.0840691 -0.775358 0.173331
0.284572 1.91926 0.498851 0.837009 0.437471 -0.158706 0.287833
2.72986 2.58438 0.499 -0.716074 -0.370839 -0.524311 0.273523
-0.0890654 3.82351 0.499 -0.898658 0.258352 -0.087208 0.343603
-0.668742 0.619899 0.498992 0.445234 0.500567 -0.520677 0.52924
3.60911 4.05102 0.499 0.204398 0.406944 -0.799784 -0.391105
0.436728 -0.0815211 0.499016 -0.490761 -0.829523 0.240736 -0.114418
-2.64121 1.55395 0.499 0.2464 -0.27759 -0.857697 -0.35579
-1.01326 2.97446 0.498623 -0.824902 0.0218994 0.400456 0.398361
-1.97881 3.233 0.499353 -0.421406 -0.160656 -0.25835 -0.85432
1.45177 -0.100111 0.498815 0.24468 0.948892 0.183094 -0.0788133
-1.17316 -1.22035 0.499 -0.666488 -0.535452 -0.482764 -0.189799
0.292538 0.916019 0.49899 0.695845 0.604885 0.0988472 -0.374357
-1.82712 -1.99751 0.499 -0.796889 0.441458 -0.0653466 0.407201
2.211 1.42499 0.499004 0.678295 -0.232073 0.412293 -0.562203
-2.59474 -0.145941 0.499005 -0.210075 -0.682655 0.190152 0.673567
1.70213 3.0256 0.498958 0.573075 0.342347 0.441933 0.599232
-2.83482 2.71391 0.499025 0.700002 0.116009 0.667426 -0.226011
-0.532408 -0.406088 0.499 0.559183 0.0346917 -0.472416 -0.680392
-0.732896 1.62125 0.497786 0.175649 0.564403 -0.289213 -0.752963
