84.4 1.09147 -1.43132 1
1.22676 -0.199096 0.499042 0.67015 0.0138499 0.713308 0.20469
0.027707 1.32149 0.499104 -0.177008 0.0535014 0.155317 -0.970403
2.15701 -1.30758 0.499 -0.134833 -0.576327 -0.378505 -0.711619
0.95032 -3.15373 0.499 0.277693 -0.69506 0.661274 -0.0499498
-1.08519 -2.78905 0.499 0.987045 -0.118304 0.0956179 -0.0510292
-1.37107 3.21301 0.499 -0.558709 -0.455321 -0.40623 0.561698
0.856724 0.753746 0.498929 -0.626537 0.23411 -0.200305 -0.715906
0.721393 -1.06242 0.498958 -0.324056 -0.808381 -0.148713 0.468393
3.6338 -0.212133 0.499 0.171654 0.0576492 0.960154 0.212873
-0.0852481 0.0670651 0.498082 -0.293054 -0.170134 -0.716393 -0.609881
3.54682 -1.5729 0.499 0.311695 -0.0500718 0.263296 0.9116
2.23219 -2.46419 0.499 0.280227 0.781079 0.531475 0.170068
-0.0593821 3.39443 0.499 -0.455943 -0.310023 -0.284615 0.784217
1.59115 1.5011 0.498914 -0.817248 0.065831 0.40362 0.406032
2.62878 -0.415039 0.499 0.690335 0.170337 -0.629775 -0.312742
-1.36981 -1.58708 0.499 0.00807875 0.436392 -0.350136 0.828795
-0.841762 0.7761 0.499 0.399575 -0.0360291 0.896865 0.186212
0.20618 2.30765 0.498954 -0.705462 -0.386463 -0.556678 0.207558
-2.18415 2.15663 0.499 0.373314 0.0764677 0.0948332 -0.919672
0.419023 -2.04642 0.499 0.889392 -0.262521 0.183342 -0.326267
-1.05094 1.88375 0.499 -0.478964 0.559691 0.654387 -0.170637
-0.878488 -0.566708 0.499018 -0.358283 0.367781 0.82683 -0.229615
1.89932 0.552278 0.499086 -0.713867 -0.556625 -0.423277 0.0374151
-1.82174 -0.217498 0.499 0.19522 -0.540424 -0.781133 -0.244258
1.87475 2.63082 0.499 -0.460164 0.104426 0.596308 0.649431
