79.9 0.582923 1.703 1
0.922398 -0.106978 0.499 -0.824495 0.166551 -0.0431165 0.539082
-0.97236 0.363603 0.499 0.719902 -0.400788 0.0728869 0.561959
2.13137 -2.90422 0.499031 0.130421 0.102564 -0.978284 0.124224
-0.372975 -3.34817 0.499001 -0.717024 -0.217699 0.63368 0.192182
-1.45397 -2.95535 0.499 0.128424 -0.710768 0.570518 -0.390929
-3.11958 0.476346 0.499 0.0528594 -0.603515 0.0683992 0.792652
1.62157 1.35004 0.499 -0.387929 0.790811 0.276214 0.384492
1.19742 -1.25531 0.498934 -0.298555 0.301207 0.123077 0.897213
3.71064 0.771141 0.499 0.420261 -0.30912 0.687351 -0.505345
-0.383434 -0.60461 0.499 -0.0292699 -0.19963 0.300712 0.932128
4.62222 -1.6382 0.504036 -0.770571 0.460342 -0.439866 0.0287154
1.15208 -3.17607 0.499426 -0.159652 -0.564169 -0.647119 -0.487301
-1.37245 2.15204 0.499 0.366258 0.559992 -0.509808 0.540703
2.89817 3.37694 0.499 0.444363 0.682643 -0.579754 0.0206329
2.82449 -0.331291 0.499 0.663239 0.37281 -0.40921 -0.503661
-0.479193 -2.31333 0.498996 -0.777131 0.20939 0.519359 0.28721
-1.59478 -0.71633 0.499 -0.590702 0.130442 0.0700534 -0.793189
0.637614 1.00742 0.499 0.279846 -0.232818 0.0667875 0.928989
-2.56281 -0.374149 0.499 -0.486063 0.398533 -0.117469 -0.768841
0.86025 -2.21981 0.497251 0.151359 -0.1232 -0.0948567 0.976173
-1.84047 0.928475 0.499 0.729858 0.167106 -0.205421 -0.630226
0.179424 -1.49372 0.500296 0.0714659 0.164254 -0.428784 -0.88547
3.14331 1.99747 0.499 -0.766008 0.526478 0.355236 0.0992982
-1.31099 -1.72415 0.498994 -0.161243 0.75143 0.068163 0.636166
0.92388 2.94374 0.499 0.651273 -0.280636 -0.68094 -0.182779
