96 -1.72801 -0.503965 1
-0.0393617 -0.30979 0.498977 -0.0101357 0.0660112 -0.928473 -0.365346
0.838986 1.6425 0.499 0.110103 -0.904556 0.114488 0.395661
0.560393 0.509478 0.499 0.133643 -0.55234 -0.485709 0.664189
-2.05283 -1.86837 0.499 0.520822 -0.437872 -0.710521 -0.179364
-4.30172 -1.88523 0.499 0.200568 -0.51964 0.527664 0.64134
1.61094 0.598753 0.498164 0.562477 0.094876 -0.810498 -0.133081
-1.37872 -0.220905 0.499 -0.547108 -0.51064 -0.569407 0.34014
-2.99482 -1.38005 0.499133 0.547259 -0.818326 0.0182418 -0.174693
0.918432 -3.21947 0.499 0.0187464 -0.834636 0.446033 0.322625
-2.43447 -0.307433 0.499 0.654672 -0.159835 -0.692817 -0.256636
-0.274324 -3.47053 0.499 -0.097541 0.187739 0.257746 -0.942766
-0.356655 -1.26074 0.498962 0.375314 0.183619 -0.705932 0.571912
2.01386 -0.31076 0.499836 0.935203 0.0331444 0.167265 0.310353
0.902568 -0.677872 0.499018 -0.955734 -0.231545 0.181075 0.0131104
0.163302 -2.33837 0.499 0.576197 0.333451 0.018441 0.745967
-3.47029 -0.502611 0.498867 0.288855 -0.11696 -0.704151 0.638008
-2.09524 0.663648 0.499 -0.727897 0.201017 -0.000934455 0.655559
0.244356 2.56713 0.499 0.364475 0.573837 -0.402879 -0.612827
-0.923615 1.67836 0.499 0.741299 -0.218735 0.128675 -0.621348
-3.97864 -3.0424 0.499 -0.0088384 0.58522 0.174586 0.791808
-1.45643 2.95983 0.499 0.907015 0.400593 -0.0367316 0.124496
-5.47414 0.164841 0.499 -0.722258 0.0184877 0.586394 -0.366255
-0.598125 0.524328 0.499043 0.228237 0.0291561 -0.901725 0.365992
-2.8157 1.73499 0.499 0.363295 0.514712 0.77336 0.0707352
1.55456 -2.16363 0.499 0.205631 0.557506 -0.572137 -0.565299
