29 1.79947 0.0435674 1
0.884693 -0.209998 0.499 -0.250906 0.686895 0.382837 -0.564497
2.14944 -0.485025 0.499 0.228806 0.51002 0.434775 -0.706044
1.15607 -5.16789 0.521329 0.77627 -0.493236 -0.372473 -0.124041
1.88966 2.52054 0.499 0.736919 0.377854 0.476026 -0.295931
1.46579 -1.40084 0.499 0.678929 0.0772158 0.255184 -0.684086
0.229032 -4.27095 0.499 0.736157 0.0262097 -0.0743483 -0.672205
1.1556 -3.79414 0.499 0.399398 -0.470827 0.784219 0.0616719
1.40648 -2.73961 0.499 0.604612 -0.202163 -0.122375 0.760656
0.0885223 -0.821634 0.499 0.754184 0.652309 0.0576009 -0.0488016
2.23442 -2.14875 0.499 0.746433 0.31961 0.107005 -0.573792
0.402969 0.684433 0.499 0.980462 0.0231481 0.193089 0.0295782
2.28727 0.722179 0.499 0.0110494 -0.676311 0.684494 0.271936
-0.553775 -3.54477 0.499 0.79052 -0.183616 -0.452895 -0.36912
-0.778543 1.71401 0.504896 0.254197 0.707285 -0.642266 0.15042
0.329524 -1.99886 0.499 0.890329 -0.0119585 -0.049732 0.452435
3.63512 1.1371 0.499 0.637284 0.450464 -0.410983 0.471216
-1.07685 -0.351424 0.499 0.102496 0.626456 0.204318 -0.745186
1.12067 1.41741 0.499 0.484002 -0.490037 -0.607008 0.396417
-0.922209 -2.55161 0.499 0.928805 0.322443 -0.177067 -0.044703
2.76457 1.6887 0.499 0.183971 -0.665286 0.62723 -0.360737
-0.643034 -1.52962 0.499 0.860745 -0.0148304 0.499858 0.0950826
3.03184 3.34587 0.499 0.746897 -0.616568 -0.00750719 0.248862
-0.737255 0.711964 0.498536 0.728664 -0.636886 -0.00732788 0.251736
3.22277 -1.81672 0.499 0.786813 -0.261551 -0.291036 -0.4773
0.409925 -3.11683 0.499 0.791888 0.105583 -0.463386 0.383456
