34.3 -1.48435 1.01818 1
-1.21265 1.27224 0.499 0.385568 0.756784 -0.465702 0.248467
0.776811 -0.287616 0.499001 0.82435 0.0384289 -0.488752 0.283006
-0.798309 -2.69114 0.499 -0.724935 -0.478344 0.442054 -0.224153
1.34282 1.29413 0.498999 0.236063 -0.388556 -0.771727 0.444676
-0.728439 0.376662 0.499 -0.404651 -0.537858 -0.0646463 -0.736741
-1.89221 -2.90817 0.499 0.0300159 -0.569362 -0.350786 -0.742882
-0.94457 -1.57578 0.499 -0.74167 0.270031 0.5082 -0.344589
-0.470186 -0.589967 0.499 -0.186285 -0.656861 0.481221 -0.54978
-2.03406 0.00580139 0.499 0.392357 0.28586 -0.438176 -0.756533
1.16339 -1.21588 0.499002 -0.174499 -0.255886 -0.940605 0.139051
-1.45733 2.33523 0.499 0.375398 -0.653313 -0.136429 -0.643153
1.57833 0.322326 0.499 0.412742 0.568645 0.0830825 -0.706671
-3.30391 -3.07147 0.499 0.616328 -0.367334 0.38635 -0.579603
-2.66198 2.01713 0.499 -0.262746 -0.479037 -0.836199 -0.0475407
-1.88025 -1.05051 0.499 0.75515 -0.481443 0.0280785 -0.444041
3.69915 0.42509 0.499 -0.426228 -0.811248 -0.240757 0.319754
-3.49723 -0.134971 0.498387 -0.659357 0.628407 -0.412502 -0.0139368
0.518212 0.6953 0.498998 -0.372565 -0.584024 0.355116 -0.627698
-3.28879 -2.04561 0.49901 0.188461 0.279326 -0.781846 -0.524572
2.90075 1.2584 0.499 0.230861 0.594108 -0.439543 -0.632883
-3.11926 -1.06047 0.499603 0.516113 0.570809 0.466794 -0.435783
2.09334 3.62421 0.499 -0.141022 0.105577 0.340759 -0.923498
-2.51622 0.892162 0.499 0.481112 0.364048 0.575671 -0.551908
2.68479 -2.0455 0.499 -0.915625 -0.107416 -0.369447 -0.116622
-2.26649 -1.98035 0.499 0.985059 -0.0452648 -0.161794 -0.0378406
