73.3 0.168038 1.79214 1
2.44661 -1.14916 0.507839 -0.206635 -0.0434249 0.226874 -0.95076
-1.38067 -0.537974 0.499201 -0.28028 -0.410855 -0.664061 -0.558268
2.03754 -3.21846 0.498709 -0.10439 0.40399 -0.48477 0.768696
-0.376356 -2.69486 0.499 -0.828003 0.480024 0.201915 0.207891
0.949835 -1.92475 0.505537 -0.6927 0.0145701 -0.573869 0.436611
-2.79888 -1.57263 0.499 0.11009 0.230055 0.449515 0.856091
1.38656 -0.857974 0.499 0.167147 -0.181195 -0.427781 0.869617
4.10547 -1.91808 0.509619 -0.360516 0.165035 0.886673 0.237913
2.23341 -0.181113 0.506993 -0.256347 0.471136 -0.819862 0.20036
-1.41089 -1.55196 0.49889 0.521555 -0.277914 0.560932 0.57974
2.79775 1.36895 0.498997 0.422917 -0.723377 -0.37309 0.398334
1.08002 -2.91693 0.497177 0.316976 0.508077 0.800821 0.00834845
-2.20631 0.178664 0.499095 -0.535652 -0.046155 0.81501 0.216113
1.78806 1.14534 0.499003 -0.0552618 -0.403675 0.83475 0.370385
0.901561 0.458752 0.499 -0.84332 -0.294464 0.122892 0.432435
3.5058 -2.77032 0.532174 -0.876794 -0.106186 -0.338615 -0.324495
-2.09143 -2.31038 0.499018 0.749847 0.405576 0.360728 -0.378302
-0.327235 -0.412854 0.499 -0.284954 -0.0183761 -0.667325 0.687852
-1.91359 -3.34568 0.498997 0.45005 0.7582 -0.353936 -0.311957
2.17211 -2.10971 0.498249 -0.705255 -0.662779 -0.0548721 0.245618
-3.00798 -0.49996 0.499 0.0365495 0.311453 0.899668 -0.30374
3.14635 -1.82788 0.498016 0.616914 0.0573226 -0.776066 0.117697
-0.476578 1.6282 0.499 -0.577816 0.509046 0.612784 -0.177475
-0.161593 -1.43127 0.499 0.298337 0.0545887 -0.682168 0.665329
-1.05484 0.417826 0.505761 -0.330321 -0.435237 0.835057 -0.064323
