32.6 -0.209399 1.78778 1
-0.440003 0.894843 0.498999 -0.763577 0.619124 -0.165161 0.0797346
1.233 -0.1832 0.498998 -0.160346 0.490004 -0.777894 0.359257
-0.0236524 -3.09485 0.499 0.437474 -0.812026 0.374402 -0.0951552
1.56922 1.95839 0.499 -0.663908 -0.164162 -0.727601 -0.053618
-0.0277867 -0.0193331 0.499001 0.208379 -0.128318 0.89164 -0.380908
-1.09328 -3.05861 0.499281 0.276196 0.0257078 0.403781 -0.871788
-0.14255 -2.03892 0.499 -0.246742 -0.422959 0.659357 0.570502
0.176312 -1.01876 0.499 0.92785 -0.240791 0.282953 -0.032438
-1.35366 -0.0186598 0.498387 -0.123133 0.832602 0.0916159 -0.532183
1.55829 -1.1303 0.499002 -0.550161 0.0109983 -0.439365 -0.710042
-0.736294 1.86567 0.499 0.56194 0.470813 0.421851 -0.533479
1.81573 0.775329 0.499 0.242802 0.948113 0.0108972 0.204966
-2.2004 -3.01774 0.499 0.60932 0.353122 0.613819 -0.356735
-1.74283 2.04699 0.499 -0.127028 -0.442211 -0.478834 -0.747684
-1.13272 -0.99097 0.499616 0.890098 0.321495 -0.174942 -0.271592
3.7419 0.96276 0.499 -0.283118 -0.567732 0.0961266 -0.766997
-2.65632 0.102093 0.499 -0.948517 0.27601 0.0904383 -0.126312
0.897532 1.17523 0.499 0.0112666 0.266964 0.742104 -0.614724
-2.30865 -2.02193 0.499187 -0.0818521 0.65208 -0.151772 -0.73828
2.92036 1.70571 0.499 -0.363637 0.874799 -0.0788937 0.310275
-2.2142 -1.02643 0.498977 0.081458 0.916388 0.355253 0.165509
2.45766 3.84422 0.499 0.270058 0.619494 0.696333 -0.241693
-1.67552 0.926525 0.498997 0.336848 0.765399 0.53159 0.134575
2.85308 -1.6807 0.499 -0.612919 -0.159555 0.654587 -0.412781
-1.31036 -2.08163 0.498554 0.614141 0.699602 -0.35765 -0.0739892
