81.9 -1.79582 0.122663 1
1.71421 0.752932 0.526195 0.470299 0.854676 -0.218685 -0.0229073
-0.0467321 1.48744 0.499 -0.263234 0.42138 0.757229 -0.423971
2.06497 -0.903981 0.521713 0.741871 0.259968 -0.0555787 0.615594
-0.0731346 -2.60829 0.499 0.728626 0.425884 -0.528993 0.0888463
-1.71879 -2.63414 0.499 -0.55271 0.618701 -0.208243 0.51803
-2.66819 2.02097 0.499001 0.222052 0.71532 0.342104 -0.567428
2.08696 1.7337 0.498949 0.261308 -0.37629 -0.579243 -0.674242
1.10144 -0.0301121 0.497248 0.0772551 0.707722 -0.627552 0.315182
3.62938 1.18148 0.503253 -0.719684 -0.286702 0.624071 -0.101942
0.217481 0.511079 0.499 -0.0287307 0.850198 0.33132 -0.408125
3.2738 -0.639653 0.499 -0.685518 0.515881 0.0447416 0.511792
1.48847 -1.89894 0.499007 -0.367243 -0.221848 0.459959 0.777402
-0.329409 2.69651 0.499 -0.0456285 -0.693075 0.444136 -0.565958
2.11636 3.61395 0.498171 0.301872 0.310623 -0.262771 -0.862171
2.492 0.0410629 0.499123 0.522018 0.244028 0.377049 -0.725108
-0.626568 -1.20309 0.499867 -0.392493 0.814792 -0.361332 -0.226942
-1.48565 0.301576 0.499 -0.265449 -0.444153 -0.789421 0.330272
1.05486 2.20656 0.550251 0.0955576 0.772571 -0.263439 -0.56974
-2.32042 1.0829 0.498999 0.123529 -0.369851 -0.532982 0.75092
0.998979 -1.02824 0.503425 -0.381215 0.507736 0.548263 0.544323
-1.10531 1.73528 0.499 -0.0332399 -0.917622 0.371576 -0.137101
0.120523 -0.540247 0.498133 0.0949206 -0.796598 -0.594986 -0.0491285
3.07985 2.04933 0.526131 0.119194 -0.0886323 -0.982211 0.114889
-1.63226 -0.746234 0.499 0.222643 0.963441 0.110102 -0.100443
1.27014 4.25156 0.498806 0.211598 -0.498234 0.829496 0.137571
