111.5 0.613195 -1.69233 1
0.698969 -4.41482 0.499 0.233711 -0.690851 -0.485308 0.482265
0.739999 0.897231 0.499 -0.8906 -0.0305377 -0.161526 -0.424038
1.55951 0.0669972 0.499 0.602695 -0.742927 0.117731 -0.266381
-3.62709 -2.29442 0.499 -0.102881 0.220415 0.90827 -0.340408
-0.307344 -0.717113 0.498987 -0.554994 0.624216 -0.334028 0.436762
0.788726 2.45573 0.499 -0.249808 -0.148704 -0.444597 -0.84724
-0.629446 -2.8046 0.499 -0.00986609 0.0797936 -0.55415 0.828525
-2.54246 -1.89672 0.498995 0.775336 0.366763 0.268507 0.438455
-3.21604 -3.7794 0.499 -0.27491 -0.745427 -0.34635 -0.498803
-1.58266 -1.58642 0.499005 -0.490155 0.191138 -0.168626 -0.833534
-4.39105 -1.59919 0.507978 -0.821799 -0.333215 -0.123026 0.44551
-1.76424 -2.71371 0.499 -0.353638 -0.45257 -0.339021 0.745108
0.478835 -1.51319 0.499 0.374876 -0.35495 0.841677 0.1583
-0.729988 -3.85921 0.499 -0.438739 -0.781705 -0.0298069 0.442218
-3.52715 -0.696675 0.499 -0.332222 0.0181819 0.928583 0.16441
-4.85384 -0.712651 0.495127 -0.682116 -0.658709 -0.0464046 -0.314112
-0.896997 1.26262 0.499 0.296012 -0.159342 0.727732 -0.597824
-0.155196 2.11258 0.499 0.343573 0.37463 0.859197 0.0582314
0.651716 -0.431253 0.499012 -0.0976796 0.818724 0.535135 0.183795
-1.91445 1.23296 0.499 -0.855749 0.291977 0.423049 0.0589362
-1.42207 -0.428463 0.499 0.523264 0.473328 0.0896292 -0.702938
-2.886 1.52879 0.499 -0.305166 0.581847 -0.471568 -0.588176
0.820461 -3.32089 0.499 -0.124103 0.939715 0.267421 -0.173261
-0.575619 -1.69174 0.498997 0.154229 -0.0363437 0.193923 0.968136
-4.36774 -3.14638 0.499 -0.216584 -0.0477844 -0.100871 -0.969862
