12.5 0.699242 1.65863 1
3.442 1.34347 0.499 0.162094 0.775739 0.514821 -0.326977
5.0362 2.24927 0.499 0.162094 0.775739 0.514821 -0.326977
2.6449 -2.78696 0.499 0.162094 0.775739 0.514821 -0.326977
1.15939 4.71304 0.499 0.162094 0.775739 0.514821 -0.326977
4.49272 1.34347 0.499 0.162094 0.775739 0.514821 -0.326977
1.81788 -3.54339 0.499 0.719861 -0.0121845 0.54362 -0.431426
4.09708 -2.22404 0.499 0.323889 0.875583 0.350834 0.0732499
4.86344 -1.56864 0.498964 0.86882 0.481843 0.0721795 0.0881397
3.4719 -0.3197 0.499 0.322358 0.743876 0.501879 -0.301416
4.57384 -0.45194 0.499 0.170562 0.769829 0.510383 -0.343193
0.543447 2.06811 0.499 0.162094 0.775739 0.514821 -0.326977
1.08693 2.97391 0.499 0.162094 0.775739 0.514821 -0.326977
0.791201 -3.51193 0.499 0.713421 -0.0454011 0.55903 -0.420064
-0.507278 5.61883 0.499 0.162094 0.775739 0.514821 -0.326977
3.92642 -1.22307 0.499035 0.350945 0.758714 0.40774 -0.36734
3.51446 3.15507 0.499 0.162094 0.775739 0.514821 -0.326977
1.88403 0.36521 0.499 0.162094 0.775739 0.514821 -0.326977
0.0724326 4.74927 0.499 0.162094 0.775739 0.514821 -0.326977
0.0724326 -1.59131 0.499 0.162094 0.775739 0.514821 -0.326977
0.579679 3.84347 0.499 0.162094 0.775739 0.514821 -0.326977
2.6449 -0.975369 0.499 0.162094 0.775739 0.514821 -0.326977
2.71736 3.80724 0.499 0.162094 0.775739 0.514821 -0.326977
-1.05076 1.19854 0.499 0.162094 0.775739 0.514821 -0.326977
4.99997 0.473906 0.499 0.162094 0.775739 0.514821 -0.326977
1.56147 -2.5667 0.499 0.338174 0.694728 0.528847 -0.351159
