93 1.40326 1.12732 1
0.279527 -2.17046 0.505171 -0.964284 0.12337 -0.217299 -0.0878465
0.780408 0.709675 0.499 0.180075 -0.385343 -0.898677 0.107062
0.871161 -1.21161 0.499 -0.175246 -0.0786968 -0.981367 0.00370953
-0.0744847 -4.10514 0.499281 0.152983 0.607778 0.767162 -0.136616
-2.23969 -2.47135 0.499 -0.641595 -0.142134 0.0292694 0.753191
1.87941 0.84007 0.499 0.279095 0.330616 0.446793 0.783055
-0.268383 -1.34529 0.504735 -0.566532 -0.374349 -0.0507336 -0.732346
-1.19898 -1.89211 0.499 -0.132401 -0.827249 -0.501845 0.21513
3.37311 -2.80782 0.499 -0.619627 0.124327 0.738532 -0.234894
-1.12135 -0.853156 0.499042 0.57507 0.732206 -0.337375 0.139092
1.2787 -3.15612 0.499 0.963378 -0.235672 -0.127166 0.0138167
0.226495 -3.15996 0.498835 -0.825733 0.377172 0.10432 -0.406232
3.68843 -1.17006 0.499 0.557422 0.670602 0.489418 0.00662846
1.93877 -0.241542 0.499 -0.708662 0.13419 -0.31314 -0.617847
2.13776 -1.36537 0.499 -0.184614 -0.909642 0.343091 0.144078
-2.81838 -0.903732 0.499072 -0.778308 0.48549 -0.0424561 -0.395896
-1.01867 0.517625 0.499 -0.855442 -0.059636 0.0841911 0.507519
-0.105511 2.02569 0.499 0.705209 0.131307 0.463618 0.520093
-1.30026 2.12882 0.499 -0.576484 -0.0312536 0.778577 0.245982
-1.03109 -3.81925 0.498323 0.466053 -0.660574 0.106849 0.578809
-1.17271 3.13009 0.499 -0.841059 -0.15883 0.51708 0.00457643
-3.83279 -0.195434 0.499 -0.419527 -0.275051 0.236177 -0.832205
0.0777198 -0.163633 0.499 -0.491295 0.282126 -0.767407 -0.300203
-2.41607 0.0735094 0.51026 -0.147767 -0.151139 0.459521 0.862649
4.37106 -2.13018 0.499 -0.0848738 0.105071 -0.679734 -0.720915
