43.7 -0.331714 1.76917 1
-3.14835 4.80381 0.499 0.614274 0.60333 -0.433664 0.2657
0.682769 -1.2918 0.499 0.376579 0.26098 -0.858405 0.23069
-0.938257 0.472156 0.499 -0.749559 0.0190029 0.281337 0.598874
2.59193 -0.478725 0.499141 -0.489753 -0.286812 -0.823138 0.0180263
-1.71383 4.1972 0.499003 0.264749 -0.301707 0.915117 -0.0379748
-1.91392 -1.49435 0.499 -0.268516 -0.0295741 0.540737 -0.796635
-1.57217 2.32213 0.499 -0.45947 -0.561437 0.368116 0.581521
-1.11401 3.39705 0.498997 -0.376339 -0.750517 0.360139 -0.406685
-2.81277 2.43157 0.499 -0.275773 0.450153 0.544071 -0.652148
1.47328 -2.02786 0.499 -0.718361 0.286542 0.0919253 -0.627217
-0.882593 5.71274 0.499 -0.900246 -0.305881 -0.0349762 -0.307848
2.69273 -1.47365 0.500919 0.379269 0.528111 -0.0973549 0.753509
-2.72777 -0.412439 0.499 0.260358 0.458945 -0.748043 -0.402511
-2.10776 3.21417 0.499 -0.651349 -0.528062 -0.405517 0.363938
-2.0697 1.43813 0.499 0.377827 0.537076 0.170816 -0.734587
4.39714 -0.281931 0.499 0.263972 0.786812 -0.10342 -0.548224
-4.13392 1.84487 0.499 -0.624375 -0.77778 -0.0649746 -0.0314984
0.457253 -0.0497319 0.499 0.871196 0.464205 0.0419219 -0.15419
-3.806 0.605616 0.499 -0.722189 -0.103137 0.569297 -0.379087
4.83708 0.83009 0.499 0.0331934 0.782817 0.290937 0.549046
-3.08614 1.32919 0.499 0.186136 -0.0510832 -0.978628 0.0709283
2.42265 3.83898 0.499 0.611371 0.470747 0.567193 0.287949
-3.93775 2.92131 0.499 -0.359187 0.595122 0.597432 0.399861
3.36328 -2.21391 0.498966 0.437789 0.266082 0.563472 -0.648105
-2.13951 0.421553 0.499 -0.562943 0.593325 -0.566717 -0.0994619
