81.8 -1.77706 0.28645 1
1.82 0.819326 0.534851 0.473221 0.833498 -0.284899 0.013245
-0.0854636 1.4449 0.499 -0.222765 0.443742 0.814527 -0.300024
2.09386 -0.884911 0.516595 0.70067 0.302368 -0.0657066 0.642898
-0.0956773 -2.62506 0.499 0.610236 0.476576 -0.628783 0.0715482
-1.71479 -2.62994 0.499 -0.599661 0.506389 -0.216557 0.580586
-2.6929 1.96507 0.498996 0.21133 0.784632 0.384216 -0.438258
2.23398 1.74409 0.499397 0.257542 -0.398618 -0.561851 -0.677568
1.20718 0.00626376 0.498916 0.110158 0.715844 -0.602951 0.334489
3.65708 1.25109 0.498882 -0.67508 -0.295487 0.67231 -0.0703892
0.189521 0.474081 0.499 -0.0621291 0.873511 0.386537 -0.289322
3.27045 -0.674465 0.499 -0.745013 0.473404 0.0327923 0.468795
1.47624 -1.93369 0.499 -0.366684 -0.340965 0.402173 0.766513
-0.386786 2.68231 0.499 0.069337 -0.647476 0.417692 -0.633641
2.18833 3.70875 0.49871 0.402762 0.326483 -0.193357 -0.832949
2.49396 0.0466199 0.498532 0.505842 0.245053 0.363765 -0.742797
-0.613188 -1.23496 0.499 -0.483581 0.787873 -0.318108 -0.210267
-1.49017 0.270996 0.499 -0.295934 -0.48622 -0.791967 0.22091
1.24704 2.16333 0.54759 0.0910384 0.832501 -0.112594 -0.534768
-2.33182 1.03243 0.499004 0.069672 -0.388877 -0.640109 0.658924
1.05474 -0.978585 0.499009 -0.370624 0.519961 0.483783 0.598525
-1.12586 1.72134 0.499 0.0563617 -0.894731 0.400688 -0.189021
0.142612 -0.568473 0.498999 0.130674 -0.771678 -0.608612 -0.130496
3.17141 2.1195 0.524129 0.0975091 -0.0826654 -0.984179 0.122679
-1.61323 -0.772625 0.499 0.150542 0.982082 0.102962 -0.0474496
1.30536 4.19913 0.500099 0.308792 -0.514793 0.779257 0.179983
