75.6 -1.62628 -0.771509 1
-0.0148093 -0.805267 0.499 0.357021 0.175564 -0.212997 0.892382
-2.90381 -0.127293 0.499 0.0124224 -0.0213551 -0.37757 0.925651
1.52416 -4.34965 0.499 0.637661 0.680741 0.302655 0.195909
-1.22614 -4.46451 0.499 -0.728966 -0.337627 -0.240995 0.544554
-1.14461 -3.00858 0.498997 -0.496296 -0.472761 0.0472234 0.726607
-3.99438 -0.921559 0.499 0.643171 0.19556 -0.197894 -0.71339
-0.891608 -0.239899 0.499 -0.194384 0.783123 0.556913 0.19693
1.85615 -1.46413 0.499009 0.857933 -0.00092463 -0.422408 0.292442
2.20629 0.166588 0.499 0.614279 0.0364917 -0.293282 0.731652
-2.21382 -1.25451 0.499 -0.032895 0.366406 -0.587 -0.721177
3.32972 0.139427 0.499 0.730842 0.541193 0.414194 -0.0377175
-0.17153 -4.22003 0.499 -0.338037 -0.293347 0.894247 0.00106458
-2.90671 1.25756 0.499 0.716672 0.497369 -0.484002 0.0688988
1.75592 1.77077 0.499 -0.471217 0.685976 0.536313 0.140569
1.12136 0.400068 0.499116 0.946383 -0.0848386 -0.14232 0.277319
1.04253 -2.64515 0.499 0.0755795 0.601842 0.401175 0.686391
-3.41063 -1.73743 0.499 0.284525 -0.912505 0.221945 0.192669
-1.90663 -0.0280309 0.499 -0.0967225 -0.696891 -0.0412252 0.709428
-4.02606 -2.72576 0.499 -0.398819 -0.761401 -0.494271 0.13003
-0.144616 -3.12606 0.499003 -0.836435 0.356741 -0.352313 -0.221335
-3.92585 0.113893 0.499 -0.815224 0.424321 -0.325608 0.22213
0.859497 -1.38254 0.498991 0.22412 0.371561 0.885813 0.164465
0.512979 1.21706 0.498758 0.751302 -0.397898 -0.353548 0.390162
-1.17412 -1.86988 0.499 0.178641 -0.773423 0.364143 0.487139
-1.06728 1.06817 0.499 -0.165159 0.94968 -0.0408806 0.262982
