88.6 -1.75937 0.380297 1
0.745451 -1.04325 0.498982 0.109905 0.787199 -0.183303 -0.578479
0.309186 1.44248 0.499 -0.319327 0.43016 -0.623585 0.569328
1.7119 -0.757977 0.499018 -0.72839 0.409977 0.507796 0.20859
1.60908 -3.34833 0.498984 -0.027461 0.903795 -0.420545 0.0744437
-0.964258 -2.08102 0.499 -0.233007 0.132989 0.613738 -0.742528
0.486146 5.59421 0.496926 0.493509 0.598612 0.501417 -0.383007
0.133485 -0.247956 0.499 0.731875 0.456555 -0.491739 0.118778
-0.405468 -1.1197 0.499 -0.293268 0.552257 0.591568 -0.508972
3.4451 -0.558055 0.499 0.0470066 -0.0339018 -0.376088 -0.92477
-0.860942 -0.110307 0.499 -0.10706 -0.438726 0.428695 0.782482
2.21467 -1.69018 0.499 -0.267111 0.0783331 -0.497691 -0.821474
1.14939 -2.19724 0.499 0.580846 0.121881 0.384703 -0.706942
0.877277 4.46539 0.499 -0.478858 0.0513927 0.573513 -0.662674
1.35875 1.09504 0.499 0.730171 0.665465 0.0756461 -0.135223
2.46369 0.217644 0.499 -0.276536 -0.53631 -0.412448 -0.682485
-2.79689 -1.1183 0.499 0.665267 -0.737706 -0.0202853 -0.113128
-1.1753 1.90068 0.499014 -0.0810894 0.198538 0.656027 -0.723627
-0.695241 2.78984 0.498994 0.150326 -0.371221 0.689426 0.603563
-3.1677 5.35308 0.499 0.259216 -0.114935 -0.841635 0.459616
0.0204044 -2.26127 0.499 0.0497712 -0.100213 -0.183981 -0.97654
-1.68049 3.57491 0.499 0.131618 0.977122 0.140652 0.0901499
-2.62145 -0.0121323 0.499 0.458552 0.830707 -0.265107 0.171387
1.15284 0.0898653 0.499 0.155115 0.473057 0.738764 0.454295
-2.87623 2.26756 0.499 -0.542601 -0.716632 -0.0512934 0.435193
3.55525 1.53143 0.499 -0.477078 -0.347048 0.690075 -0.419226
