42.4 1.09524 1.42844 1
-2.42721 4.24782 0.499 -0.0324429 0.535901 -0.529417 0.656868
1.14817 -1.21931 0.499 -0.452304 0.122648 -0.523958 0.711228
-0.828108 0.070365 0.499 -0.0853274 -0.666055 0.740616 -0.0240559
2.87886 -0.322851 0.499 -0.940948 0.3242 0.0839317 -0.0496638
-1.30065 3.4642 0.499 0.922925 0.265567 0.230768 -0.156298
-1.79633 -1.76557 0.499 0.588933 0.659018 0.350541 -0.309797
-1.25105 1.6053 0.499 0.328538 -0.827657 0.433963 -0.136836
-0.860599 2.56417 0.499 0.274672 -0.335626 0.425707 -0.794156
-2.45092 1.77044 0.499 0.329899 0.582406 0.719642 0.184621
1.88319 -1.98106 0.499 -0.105006 0.864559 0.465521 -0.157483
-0.903523 5.29588 0.499 0.0526301 0.213538 0.703054 -0.676274
3.04631 -1.33716 0.499 0.175179 -0.579022 0.00965846 0.796211
-2.65647 -1.01558 0.499845 -0.528815 0.787089 -0.0747265 0.308644
-1.86581 2.63786 0.499134 -0.845305 -0.385866 0.173624 -0.326224
-1.84171 0.783632 0.498945 0.423256 0.855979 -0.00233566 0.296898
5.79935 -0.854275 0.537059 0.158448 0.809516 -0.0122275 -0.56518
-3.84282 1.2725 0.499 -0.162381 -0.390974 0.445377 -0.78893
0.916907 -0.0112287 0.499 0.573842 0.0729301 -0.791509 0.197233
-3.57168 0.0123604 0.499 0.416949 -0.0543621 0.837866 -0.348108
5.28039 0.292869 0.499 -0.00892809 -0.22284 0.675322 0.702995
-2.84988 0.824156 0.499 -0.839683 -0.101486 -0.512693 -0.147577
2.83055 3.7417 0.499 0.830613 -0.203735 -0.10061 0.508381
-3.51646 2.2742 0.499 0.180245 -0.129464 0.489892 0.843064
4.35606 -2.61786 0.499 0.759401 0.328749 0.299199 -0.475094
-2.11277 -0.177779 0.49821 -0.704358 0.125657 0.391049 0.57894
