118.8 1.23045 -1.31377 1
-2.38954 -1.41759 0.499001 -0.130119 -0.185678 0.973562 0.0277368
0.334001 2.84226 0.499 -0.530402 0.706902 0.243078 0.399847
3.29255 2.66936 0.499 -0.160098 -0.213595 0.907026 0.325653
0.601908 1.59318 0.499246 -0.177117 -0.190545 -0.532226 0.805641
3.1139 -0.484055 0.499 -0.0782691 -0.577752 0.802169 -0.128848
-1.26149 2.28575 0.499 0.157521 0.938617 0.163326 -0.259825
-3.49004 -1.45292 0.499 -0.341075 0.897213 0.163812 0.227688
-0.726725 0.194515 0.499 -0.92294 -0.322276 -0.204105 -0.0515928
-4.62944 -1.63584 0.51953 -0.104723 -0.625548 -0.1869 0.750194
1.50922 2.00584 0.497417 -0.479969 -0.1331 -0.732753 0.463667
-1.96707 -0.25225 0.497773 0.0905814 -0.631932 0.520625 -0.566928
2.11229 1.01065 0.499 0.969047 0.240035 0.0452173 0.03588
2.29977 -3.39888 0.499 -0.473214 -0.354882 -0.650275 0.476728
-3.95692 -2.38618 0.499002 -0.652865 -0.234175 -0.631343 -0.346894
-4.3369 -0.688864 0.49943 -0.0343954 -0.0254347 0.916348 -0.398091
-3.27087 0.836519 0.499001 0.244695 -0.830661 0.0963698 0.490754
-1.70718 0.715994 0.51234 0.576313 0.451521 -0.233798 -0.639789
-2.33674 2.79416 0.499 0.937533 0.238834 0.192111 0.164571
2.50636 2.01585 0.500482 -0.163214 -0.534248 0.0255164 0.829029
-2.98552 -0.281081 0.499 0.154742 -0.832806 0.384697 -0.366738
-0.494096 1.58541 0.498999 -0.646126 -0.2512 -0.692216 -0.20064
-2.46692 1.59541 0.499 -0.394941 0.740738 -0.340397 -0.423625
0.31972 -0.0663312 0.499 -0.108288 0.428183 0.807089 -0.391843
4.02194 -1.70245 0.499 0.589531 0.264426 -0.309398 -0.697714
-1.09661 -0.745579 0.498981 0.386707 0.044128 -0.227313 -0.892659
