77.8 1.39622 -1.13603 1
-0.821327 -0.945049 0.499272 -0.632321 0.112246 0.459446 -0.61358
-2.91741 -0.500344 0.499326 -0.0392675 -0.81878 0.353701 -0.450503
1.8402 -5.63497 0.499 0.798524 -0.278615 -0.521758 0.111806
-1.60691 -6.38205 0.504929 0.408707 -0.63728 0.646784 -0.0922158
-2.59671 -4.35212 0.499 0.809505 0.0632622 0.392733 -0.431811
-4.35603 -1.26103 0.498858 -0.607225 -0.634885 -0.335606 -0.339952
-0.595828 0.298856 0.498726 0.923727 -0.313914 0.207783 -0.0707936
0.87509 -1.71938 0.498891 -0.798773 -0.0119139 0.306527 -0.517554
2.9907 0.0327919 0.499 0.0884439 -0.8314 0.421048 -0.351668
-2.20952 -1.3309 0.50151 -0.273342 -0.592735 0.244952 0.716901
4.45277 -1.45627 0.499 0.762557 0.481261 0.271017 0.336816
-0.465467 -5.77225 0.499 0.829284 0.375363 -0.0760731 -0.406945
-2.85078 1.79872 0.541197 -0.792779 -0.383655 0.45871 -0.117881
2.34663 2.18986 0.499 0.851127 0.491275 -0.175321 -0.0591118
2.01879 -0.378772 0.499 0.521102 -0.670243 -0.306634 0.430351
-0.174502 -2.75592 0.499 -0.0842175 -0.232136 -0.670393 -0.69971
-3.17029 -1.63489 0.530797 -0.491338 0.425051 0.116342 -0.751255
-1.70708 0.0716485 0.499 0.134438 -0.550503 0.737817 -0.366741
-3.99547 -2.18615 0.498583 0.350279 0.335028 0.800744 -0.351952
-1.4896 -4.14844 0.499 0.541638 -0.040987 0.483879 0.686155
-3.84432 -0.0938685 0.498943 0.836401 0.358552 -0.212402 0.356032
-0.148793 -1.75647 0.498996 0.572415 -0.362466 -0.656411 -0.331791
1.86112 1.21122 0.499 0.0723927 -0.247423 0.797849 -0.544956
-1.48623 -2.45726 0.499 0.0983329 0.57603 0.266759 -0.766394
-0.344339 1.26762 0.499274 0.622575 -0.264446 -0.735134 0.0452456
