116.2 -1.7969 0.105513 1
-1.73961 -1.51287 0.499 0.623114 0.366098 -0.631853 -0.280112
-0.716945 3.70455 0.499 0.197158 0.323335 0.925483 0.00803238
2.41855 2.07945 0.499 0.0322374 -0.573814 -0.810032 -0.116392
-1.23356 1.27198 0.499 -0.101519 0.871819 0.224857 -0.42316
1.48328 -0.285401 0.499 0.77363 -0.0645628 -0.296379 0.556316
-2.46538 4.95547 0.499 0.620442 -0.323388 0.624176 0.347674
-2.60555 -0.93913 0.499 -0.327025 -0.888558 0.245603 0.207842
-2.18129 2.30518 0.499 -0.849755 0.132672 -0.22411 -0.458356
-3.72446 -1.23045 0.499 0.152346 -0.216041 -0.936028 -0.232312
0.264884 1.20196 0.502704 0.128796 0.451757 0.754342 -0.45858
-2.51067 1.18807 0.499009 0.316383 0.310627 0.263907 -0.856601
0.386528 0.189365 0.499 -0.847123 0.0571323 0.0308131 0.527417
2.48867 -2.3302 0.498995 -0.267571 0.794446 -0.205011 -0.505205
-3.1339 -2.18128 0.499 0.887557 0.0399717 -0.252006 -0.383585
-3.18547 2.06175 0.499 -0.154417 0.756516 0.0434987 0.633993
-4.77505 1.70407 0.499 0.0281726 0.266713 -0.493624 -0.827288
-2.42487 3.89966 0.498703 -0.213985 -0.519698 0.15301 -0.812842
-3.68771 5.04035 0.499 0.325676 0.11906 0.32428 0.880115
1.20868 1.54039 0.498263 -0.221736 0.22287 -0.667919 -0.674571
-2.95778 3.05323 0.499297 0.0970948 0.284856 -0.936059 -0.182273
-1.17345 2.50217 0.499 0.425817 -0.362472 0.232256 -0.795833
-4.31458 2.97017 0.499 -0.806401 -0.0527125 -0.459029 -0.369094
-0.706699 -0.641956 0.499 0.147807 -0.416396 -0.157806 0.883099
1.92541 -1.39458 0.499 -0.506347 -0.469591 0.0950276 0.716985
-1.95399 0.345214 0.498991 -0.298744 0.0249729 0.915289 0.269026
