106.9 1.19402 1.34697 1
2.40195 -2.34181 0.499 0.526163 -0.411786 -0.328257 0.667707
4.08463 0.918789 0.499 0.757146 -0.0554333 -0.633866 0.14789
5.38278 0.504828 0.499 -0.125739 0.909008 -0.274578 -0.28723
-1.27962 -1.31503 0.499 -0.952288 -0.18957 0.154694 -0.182428
0.224789 1.03593 0.499 0.308443 0.301015 0.761273 -0.484476
6.88787 0.792409 0.499 -0.888127 0.291159 0.273437 0.227353
1.1017 -2.88703 0.499 -0.715813 -0.236469 -0.190506 0.62881
-0.53538 -2.06966 0.499 -0.704642 0.286223 0.628529 0.162811
-0.833119 -3.89324 0.504367 -0.668504 0.569965 0.444865 -0.174176
0.580301 -1.9352 0.499 0.136544 -0.241843 0.050433 0.959335
-2.4474 -1.45159 0.499 0.337215 0.825305 -0.39399 0.223452
0.500197 -3.77344 0.499 -0.163643 -0.890185 0.152619 0.396862
4.26914 -0.917441 0.499 -0.515931 -0.441664 -0.222377 0.699497
1.76937 -3.68225 0.499 0.416865 -0.433339 0.79763 0.0471849
-2.56967 0.0999396 0.499 -0.492301 -0.26788 0.741035 -0.369793
-3.21861 0.896181 0.498999 -0.106426 -0.10287 -0.745498 -0.649865
1.46979 1.83649 0.499 0.202735 0.227147 -0.900009 -0.311909
3.25162 1.85609 0.499 0.610097 0.13899 0.241429 0.741738
3.60384 0.0371192 0.499 -0.725489 -0.503899 -0.455302 -0.111587
-1.35197 1.0724 0.499 0.375636 0.514293 -0.265059 0.723978
0.500068 -0.895268 0.499 0.220032 -0.523083 0.573848 0.590481
-1.81307 2.76113 0.499 0.265549 0.941601 -0.0473397 -0.201567
3.17336 -1.19042 0.499 -0.990581 -0.0627849 -0.121177 0.0110764
2.2201 -0.80412 0.499 0.232188 -0.948427 0.178014 -0.12201
-1.85296 -2.28687 0.499 0.0711173 -0.904384 0.209959 0.364621
