58.4 1.62374 0.77684 1
0.718371 2.77968 0.499 0.436643 0.171861 -0.686863 0.555001
-0.110474 -2.3004 0.498317 0.289725 -0.130449 -0.421042 -0.849568
3.37687 -3.10856 0.499 -0.281952 -0.611808 0.0230928 0.738688
2.53493 -3.75272 0.499 -0.182066 0.693629 0.441499 0.539268
1.50101 1.26287 0.499 0.251218 0.758501 0.489767 -0.348846
-1.1479 -1.69963 0.499002 -0.219533 0.678246 0.668634 -0.211461
1.50152 -0.957136 0.498939 -0.338888 0.774768 0.403096 -0.349861
3.05388 -1.83724 0.499 -0.91178 0.0612275 0.0197847 0.405607
0.0343879 -0.340745 0.499802 -0.308477 -0.411623 -0.7445 0.425591
-0.149216 -3.43943 0.499 0.3642 -0.0812256 0.195291 0.906985
2.81607 -0.573978 0.499 0.820756 -0.0448544 -0.556352 0.121737
1.2824 -3.51921 0.498957 -0.629153 -0.132786 -0.605645 -0.468752
-1.46945 -0.715825 0.498987 -0.0243358 -0.41416 0.471527 -0.778166
0.902004 0.149474 0.499178 0.895518 0.207362 0.173711 -0.353375
-0.210887 -1.30597 0.498759 -0.0354762 -0.00505224 0.0650327 0.99724
4.69977 -4.37586 0.489066 0.225262 0.158054 -0.582892 -0.764534
-1.03659 -2.72532 0.499002 -0.535493 0.825117 -0.0736678 0.164325
0.89139 -2.59792 0.499033 0.248934 -0.70509 -0.139909 -0.64908
-1.77537 -3.43183 0.498999 0.154126 0.692291 -0.605741 0.360631
4.34448 -3.45837 0.516826 0.366969 -0.0445545 -0.899136 0.234312
-2.24799 -1.46999 0.499 -0.675048 0.673071 0.244549 0.177432
1.74674 2.94573 0.499 -0.491639 -0.276293 -0.167321 -0.808676
-1.20699 0.267191 0.499203 -0.383454 0.788026 0.0286737 -0.480788
0.644357 -4.37799 0.499 -0.49137 -0.284509 0.447217 0.691091
0.742028 -1.60841 0.499073 0.474286 0.646186 -0.57555 0.161981
