25.5 0.294573 -1.77573 1
1.1675 -0.223055 0.499 0.604612 -0.761869 -0.0272605 0.230774
2.51585 -0.194972 0.499 0.177214 -0.657614 -0.121397 0.722082
1.20299 -5.21682 0.499 -0.575535 0.106232 0.214035 0.782089
1.21301 3.03161 0.499 -0.362487 -0.738528 -0.262749 0.504126
2.04058 -1.30711 0.499 -0.397533 -0.387245 -0.168987 0.814526
0.3262 -4.26932 0.499 -0.118261 -0.415553 0.0642256 0.899558
1.27148 -3.93611 0.499 -0.84458 -0.190163 -0.500504 -0.00438506
1.50551 -2.92221 0.498987 -0.813219 0.255545 0.522811 0.00631687
0.509442 -1.16578 0.499 -0.326951 -0.739284 0.588585 0.011381
2.32686 -2.35211 0.499243 -0.0266694 -0.785563 0.173309 0.593416
0.219509 0.530343 0.499 -0.569802 -0.642652 0.328866 0.392647
1.74047 0.6757 0.498802 -0.836188 -0.0319868 -0.491189 -0.241868
-0.563204 -3.80287 0.499 -0.0761267 -0.247693 0.336953 0.905161
-0.957085 2.62425 0.499 -0.406658 -0.447484 0.793849 -0.0647419
0.668349 -2.19926 0.499 -0.840887 -0.070875 0.516665 0.144717
2.56339 1.26102 0.499 -0.0951041 -0.402544 0.80916 0.41734
-0.529437 -0.827797 0.499 0.371953 -0.864886 0.0851305 0.326153
0.33698 2.01027 0.499 -0.555222 0.524079 0.632816 0.128895
-0.794574 -2.80438 0.499 -0.306032 -0.490025 0.675403 0.458313
1.63264 1.66873 0.499198 -0.551122 -0.317993 -0.72142 -0.27331
-0.297131 -1.8992 0.499 -0.850078 -0.480732 0.13976 0.163495
2.60187 2.82591 0.499 -0.587722 -0.305888 0.25935 0.702675
-1.16624 0.217217 0.499 -0.587722 -0.305888 0.25935 0.702675
3.37368 -1.77068 0.499 -0.333596 -0.073392 0.16525 0.925214
0.554988 -3.23183 0.49877 -0.446391 -0.0458476 0.864179 0.227658
