25.6 0.362394 -1.76314 1
1.16313 -0.231789 0.499 0.623608 -0.763941 -0.0535833 0.156958
2.50646 -0.209072 0.499 0.190902 -0.707394 -0.148347 0.664186
1.20821 -5.23295 0.499 -0.561547 0.0411579 0.22677 0.794699
1.23944 3.00576 0.499 -0.331851 -0.778391 -0.248411 0.471461
2.03241 -1.32493 0.499 -0.407198 -0.457769 -0.167708 0.772342
0.330519 -4.28063 0.499 -0.0960837 -0.473926 0.0537482 0.873655
1.27463 -3.94285 0.499 -0.871236 -0.200395 -0.446696 -0.0353785
1.50933 -2.92884 0.499005 -0.783993 0.243705 0.569943 0.0335686
0.501327 -1.17034 0.499 -0.268733 -0.749452 0.603873 -0.0379788
2.32975 -2.35722 0.498997 0.00265475 -0.821499 0.169774 0.544343
0.233894 0.520659 0.499 -0.531359 -0.670517 0.359064 0.373012
1.771 0.656279 0.49888 -0.853339 -0.0445883 -0.452539 -0.255014
-0.555839 -3.80675 0.499 -0.0525225 -0.303522 0.325716 0.893882
-0.944943 2.58608 0.499 -0.339815 -0.44795 0.825926 -0.0413868
0.665763 -2.20479 0.499 -0.801062 -0.0962058 0.571824 0.148532
2.58775 1.25358 0.499702 -0.0483113 -0.414706 0.807734 0.416233
-0.537982 -0.825441 0.499 0.389356 -0.882527 0.0615922 0.256426
0.36459 1.97596 0.499 -0.55768 0.468082 0.666858 0.158725
-0.791125 -2.80841 0.499 -0.252473 -0.521614 0.687355 0.437857
1.67476 1.65363 0.498418 -0.558776 -0.332442 -0.699181 -0.297318
-0.298869 -1.8986 0.499 -0.833747 -0.50218 0.192741 0.124626
2.62125 2.82951 0.499 -0.571686 -0.344829 0.281185 0.689349
-1.14686 0.220818 0.499 -0.571686 -0.344829 0.281185 0.689349
3.37646 -1.78325 0.499 -0.318954 -0.141513 0.163361 0.922798
0.558064 -3.23998 0.498998 -0.391519 -0.0800579 0.885669 0.236419
