16.9 -0.973179 1.51424 1
2.96414 1.30218 0.499 -0.411897 0.0828434 0.151754 -0.894678
4.55834 2.20798 0.499 -0.411897 0.0828434 0.151754 -0.894678
2.08338 -2.86617 0.499 -0.365024 0.153784 0.263645 -0.879545
0.681527 4.67175 0.499 -0.411897 0.0828434 0.151754 -0.894678
3.97367 1.36029 0.499 -0.409752 0.115619 0.134309 -0.894817
1.10472 -3.07974 0.499 -0.303869 -0.379132 0.505088 -0.713308
2.85728 -2.22927 0.499 0.210016 0.759836 0.540413 -0.294103
3.32266 -1.28348 0.499 0.975108 0.0936426 0.10373 -0.172148
2.42225 0.360989 0.499 0.22306 0.240756 -0.341818 -0.880591
3.88939 -0.349413 0.499001 -0.386856 0.383849 -0.067885 -0.8357
0.0655855 2.02682 0.499 -0.411897 0.0828434 0.151754 -0.894678
0.609064 2.93262 0.499 -0.411897 0.0828434 0.151754 -0.894678
0.119649 -2.90487 0.499 -0.356409 -0.482247 0.435595 -0.671317
-0.985139 5.57754 0.499 -0.411897 0.0828434 0.151754 -0.894678
2.39573 -0.807516 0.499 0.678192 0.382029 0.236266 -0.581626
3.0366 3.11378 0.499 -0.411897 0.0828434 0.151754 -0.894678
1.40617 0.323921 0.499 -0.411897 0.0828434 0.151754 -0.894678
-0.405429 4.70798 0.499 -0.411897 0.0828434 0.151754 -0.894678
-0.405429 -1.6326 0.499 -0.411897 0.0828434 0.151754 -0.894678
0.101817 3.80218 0.499 -0.411897 0.0828434 0.151754 -0.894678
1.36085 -0.881082 0.499 0.158696 0.505419 0.44894 -0.719597
2.2395 3.76595 0.499 -0.411897 0.0828434 0.151754 -0.894678
-1.52862 1.15725 0.499 -0.411897 0.0828434 0.151754 -0.894678
4.45505 0.481012 0.498998 -0.419956 0.13501 0.155575 -0.883858
0.974069 -1.9897 0.499 0.00886801 -0.288485 0.229252 -0.929592
