68.5 -1.75616 -0.394859 1
0.545282 3.78089 0.498768 0.941454 -0.277972 -0.190536 0.00955991
-1.99691 3.19927 0.498992 0.537265 0.608837 0.576319 0.0923129
1.37705 0.979749 0.499082 0.166361 -0.81918 0.510227 -0.202328
-0.0840432 -0.525046 0.498851 0.549014 -0.262501 0.281954 0.74174
0.716694 2.1087 0.498975 0.553465 -0.0387319 0.812891 -0.177158
-1.57101 0.584974 0.527259 0.252465 -0.234119 -0.854385 0.389199
-0.197508 3.11336 0.49934 -0.270456 -0.354582 0.409586 -0.795842
2.4749 2.66414 0.499066 0.558484 0.147373 -0.492784 0.650799
0.131875 4.70164 0.499 0.911325 -0.191124 0.350474 0.100627
-1.2404 1.5337 0.502874 0.503211 -0.227915 0.428923 -0.714743
1.6922 3.96004 0.498995 0.290309 0.321604 -0.0245191 -0.900939
0.497736 0.469247 0.49907 0.0042004 0.217651 -0.498417 0.839161
-2.83073 2.64728 0.499008 -0.264617 -0.212637 0.810536 0.477278
-2.11065 4.2107 0.499 -0.315067 0.882297 -0.349422 -0.0137777
-3.11412 4.0576 0.498994 -0.102348 -0.934275 -0.314235 0.133833
1.8039 0.0688988 0.498996 0.403649 -0.439285 -0.704731 -0.383994
-1.08411 -0.509441 0.499149 0.31836 0.128991 -0.818732 0.460093
-0.304521 1.89371 0.498982 -0.339757 -0.47695 -0.0456514 -0.809321
-1.58551 -1.41924 0.499 0.874332 -0.480955 -0.0602878 -0.0243134
1.74299 1.93437 0.507667 0.300244 -0.686891 0.483963 -0.451458
-2.7963 1.62382 0.499 0.133292 0.733252 0.406213 -0.52874
1.21633 3.03832 0.498907 -0.20195 0.492567 0.0762632 -0.843076
-3.9283 3.47701 0.499006 -0.541489 0.362705 -0.579133 -0.489734
-0.502353 0.65165 0.499163 -0.417366 -0.833982 0.238169 0.271211
-1.11838 2.65183 0.499 -0.232468 -0.579397 -0.489513 -0.608798
