13.7 0.292409 1.77609 1
3.32575 1.37703 0.499 -0.0578498 0.662181 0.562083 -0.492171
4.91995 2.28282 0.499 -0.0578498 0.662181 0.562083 -0.492171
2.52865 -2.75341 0.499 -0.0578498 0.662181 0.562083 -0.492171
1.04314 4.74659 0.499 -0.0578498 0.662181 0.562083 -0.492171
4.37648 1.37703 0.499 -0.0578498 0.662181 0.562083 -0.492171
1.6526 -3.35831 0.499 0.516004 -0.103392 0.666524 -0.528011
3.83722 -2.19808 0.499 0.179839 0.86212 0.473667 0.0068489
4.47591 -1.41752 0.499 0.883784 0.454617 0.0872258 0.0681267
3.20692 -0.0979968 0.499 0.254746 0.733389 0.381889 -0.501404
4.46309 -0.4081 0.499 -0.0449192 0.651189 0.554436 -0.516272
0.427201 2.10166 0.499 -0.0578498 0.662181 0.562083 -0.492171
0.970679 3.00746 0.499 -0.0578498 0.662181 0.562083 -0.492171
0.652488 -3.30686 0.499 0.498372 -0.171747 0.690312 -0.495579
-0.623524 5.65239 0.499 -0.0578498 0.662181 0.562083 -0.492171
3.51349 -1.05939 0.498183 0.402486 0.736356 0.401625 -0.366718
3.39822 3.18862 0.499 -0.0578498 0.662181 0.562083 -0.492171
1.76778 0.398766 0.499 -0.0578498 0.662181 0.562083 -0.492171
-0.0438136 4.78282 0.499 -0.0578498 0.662181 0.562083 -0.492171
-0.0438136 -1.55776 0.499 -0.0578498 0.662181 0.562083 -0.492171
0.463433 3.87703 0.499 -0.0578498 0.662181 0.562083 -0.492171
2.52323 -0.9408 0.499817 -0.0544428 0.663965 0.56265 -0.489502
2.60111 3.84079 0.499 -0.0578498 0.662181 0.562083 -0.492171
-1.167 1.2321 0.499 -0.0578498 0.662181 0.562083 -0.492171
4.88372 0.507461 0.499 -0.0578498 0.662181 0.562083 -0.492171
1.41535 -2.36452 0.499 0.266817 0.517876 0.606776 -0.540773
