20.8 -1.79044 -0.185305 1
1.76655 0.594416 0.499 -0.624858 0.696368 -0.339747 -0.0958974
3.27227 1.09137 0.499 -0.497151 0.687089 -0.120037 -0.516081
1.27249 -3.83505 0.499 -0.283955 0.340117 -0.414288 -0.795019
0.448052 4.1861 0.499 -0.339858 0.0467117 -0.904952 -0.251745
2.73974 0.153875 0.499 0.0678675 0.588971 -0.165758 -0.788055
0.330568 -3.45131 0.499 -0.712185 0.418348 -0.366729 -0.428121
1.72305 -2.92356 0.499 0.90414 0.261798 -0.0226971 -0.336865
1.94929 -1.94942 0.499 0.448091 -0.529237 -0.579341 -0.428354
1.20543 -0.324701 0.499 0.246355 0.341629 -0.906427 -0.0314485
2.80661 -1.29559 0.499 -0.354398 0.69646 -0.550696 -0.293394
-0.16789 1.54117 0.499 -0.339858 0.0467117 -0.904952 -0.251745
0.375588 2.44697 0.499 -0.339858 0.0467117 -0.904952 -0.251745
-0.608392 -3.03191 0.499 -0.672235 0.42533 -0.5257 -0.301386
-1.21786 5.03414 0.504662 -0.341344 0.0266988 -0.892006 -0.29512
1.15765 -1.33588 0.499 0.470994 -0.235451 -0.702412 -0.4789
2.6588 2.48523 0.499 -0.529004 -0.0612357 -0.788762 -0.307017
0.188738 -0.311931 0.499 -0.519254 0.689226 -0.452939 -0.22403
-0.638816 4.22209 0.499079 -0.33972 0.0467704 -0.904941 -0.251963
-0.674974 -2.02097 0.499 -0.375071 0.0691683 -0.90466 -0.190074
-0.131658 3.31653 0.499 -0.339858 0.0467117 -0.904952 -0.251745
0.092606 -1.31064 0.499 0.643334 0.207413 -0.619995 -0.398381
2.00602 3.2803 0.499 -0.339858 0.0467117 -0.904952 -0.251745
-1.76209 0.671604 0.499 -0.339858 0.0467117 -0.904952 -0.251745
3.55785 -0.556247 0.499 -0.406197 0.46673 -0.367732 -0.69422
0.61153 -2.21924 0.499 -0.43219 -0.256812 -0.850054 -0.15706
