108 -0.501823 1.72863 1
2.67902 -2.67706 0.499 0.425144 0.792619 -0.41529 0.136167
4.01982 0.763466 0.495222 0.547086 0.543441 -0.0194841 -0.636387
5.01025 0.837496 0.525109 -0.66926 0.545885 -0.0457426 -0.502004
-1.58188 -1.44849 0.497455 -0.433191 -0.885667 0.0358498 0.163259
0.372341 0.809909 0.499 -0.570266 0.194751 0.782231 0.158063
5.35613 2.04199 0.498941 -0.794438 0.0708989 0.198906 0.569454
1.21726 -2.1979 0.499 -0.61274 0.319258 -0.400087 -0.602125
-0.819358 -2.13065 0.499187 -0.878942 -0.231462 -0.113067 0.401376
-1.43883 -2.98722 0.499001 -0.375463 0.823425 -0.161925 0.393419
0.153413 -1.85507 0.499 0.535411 -0.185302 -0.301963 0.766692
-2.79936 -1.41034 0.498997 0.0291997 0.680314 -0.459682 -0.5701
-0.0967182 -2.95146 0.499 0.153574 -0.225771 0.868196 0.414341
3.98598 -0.825343 0.499007 -0.227891 -0.38108 -0.759013 0.476176
1.69803 -3.23113 0.499 0.0865932 0.70427 0.517549 -0.478172
-2.80995 0.228292 0.499 -0.203787 -0.620949 0.686543 0.318673
-3.79293 0.845029 0.499 0.664147 0.132765 0.357827 -0.642839
1.72634 1.43383 0.499 -0.0352351 -0.265044 0.35663 -0.895168
3.36618 1.49219 0.503348 -0.584815 0.546696 -0.443045 0.403517
3.2787 0.0797602 0.514995 0.269448 -0.812123 -0.335698 -0.393905
-1.24625 1.41332 0.499 0.653264 0.415334 -0.540937 -0.328834
0.120547 -0.720773 0.498986 0.273828 -0.424892 0.213089 0.836109
-2.11127 2.79128 0.499 -0.556711 0.629516 0.410787 -0.353604
3.48665 -1.82051 0.499403 0.00210895 -0.93366 -0.358153 -0.00105403
2.35504 -1.67074 0.499 0.822642 0.249267 0.400146 0.31782
-2.37297 -2.31579 0.499003 0.781988 -0.470469 0.23122 0.337181
