32.8 -0.383491 1.75867 1
-0.537199 0.955664 0.499 -0.686409 0.681772 -0.240795 0.0777612
1.18283 -0.162469 0.499 -0.00316387 0.459652 -0.817051 0.348049
-0.121678 -3.0298 0.499 0.325931 -0.84048 0.424698 -0.0836327
1.53357 1.89115 0.499 -0.552387 -0.230839 -0.800592 -0.0251918
-0.118472 0.0454263 0.499 0.139771 -0.224229 0.858528 -0.439449
-1.19516 -3.0195 0.499005 0.265789 -0.0639321 0.365061 -0.889944
-0.243795 -1.96688 0.499 -0.358237 -0.379466 0.676278 0.519923
0.091467 -0.941358 0.499 0.864935 -0.323571 0.37227 -0.0927535
-1.43968 0.00295717 0.499054 -0.0886364 0.789274 0.059693 -0.604671
1.50534 -1.11041 0.499 -0.525282 -0.0689433 -0.536763 -0.656666
-0.828009 1.93847 0.499 0.586617 0.352436 0.424675 -0.592723
1.77527 0.740973 0.499 0.238958 0.968213 0.0199286 0.0711671
-2.33712 -3.00651 0.499 0.61343 0.28979 0.634966 -0.369518
-1.85785 2.06103 0.499 -0.112981 -0.47682 -0.519956 -0.69966
-1.22846 -0.981058 0.498953 0.905665 0.265546 -0.118774 -0.308461
3.72998 0.917062 0.499 -0.291315 -0.687982 0.0660815 -0.6614
-2.76193 0.0912757 0.499 -0.949568 0.285743 0.0175687 -0.12792
0.853256 1.1322 0.499 -0.0544357 0.143474 0.75945 -0.632209
-2.43087 -2.00717 0.499 -0.0648151 0.611577 -0.205394 -0.761306
2.91116 1.67064 0.499 -0.350017 0.911472 -0.141887 0.163019
-2.3278 -1.01232 0.499 0.0949627 0.910578 0.390583 0.0963091
2.40791 3.83589 0.499 0.194324 0.57917 0.719129 -0.331139
-1.78458 0.947308 0.498993 0.306489 0.758526 0.570898 0.069125
2.82639 -1.70606 0.499 -0.704481 -0.213843 0.556453 -0.385147
-1.42821 -2.04141 0.498995 0.663506 0.668485 -0.32156 -0.097398
