18.3 -1.45446 1.06044 1
2.51825 1.09661 0.499 -0.588341 0.141262 -0.0739065 -0.792741
4.08753 1.88987 0.499 -0.486689 0.128613 0.033527 -0.863405
1.76507 -3.07975 0.499 -0.31081 0.0779697 -0.00817229 -0.947233
0.544017 4.54207 0.499 -0.403227 -0.0917481 -0.281527 -0.865871
3.52454 1.04528 0.499005 -0.302467 0.131686 0.0218375 -0.943767
0.745204 -3.13813 0.499 -0.586607 -0.231012 0.209307 -0.747473
2.44844 -2.31191 0.499 0.449532 0.573491 0.456043 -0.510934
2.81161 -1.35778 0.498997 0.921248 -0.255621 -0.00210448 -0.293181
1.99391 0.24462 0.499 0.308197 0.166087 -0.597947 -0.721033
3.48076 -0.612194 0.498998 -0.380663 0.387384 -0.248226 -0.80213
-0.0719248 1.89714 0.499 -0.403227 -0.0917481 -0.281527 -0.865871
0.471553 2.80294 0.499 -0.403227 -0.0917481 -0.281527 -0.865871
-0.216255 -2.80149 0.499 -0.646989 -0.285172 -0.0113453 -0.707074
-1.12265 5.44786 0.499 -0.403227 -0.0917481 -0.281527 -0.865871
1.91104 -0.791938 0.499 0.782626 0.0337075 -0.0516581 -0.619429
2.89909 2.9841 0.499 -0.403227 -0.0917481 -0.281527 -0.865871
0.99854 0.145183 0.499 -0.477544 0.110102 -0.143086 -0.859858
-0.542939 4.5783 0.499 -0.403227 -0.0917481 -0.281527 -0.865871
-0.542939 -1.76228 0.499 -0.403227 -0.0917481 -0.281527 -0.865871
-0.0356929 3.6725 0.499 -0.403227 -0.0917481 -0.281527 -0.865871
0.857748 -0.939807 0.499038 0.394833 0.393272 0.178429 -0.81093
2.10199 3.63627 0.499 -0.403227 -0.0917481 -0.281527 -0.865871
-1.66613 1.02757 0.499 -0.403227 -0.0917481 -0.281527 -0.865871
4.06871 0.203988 0.499001 -0.453885 0.12892 -0.036006 -0.880949
0.798751 -1.93998 0.498962 -0.14098 -0.524568 -0.265543 -0.796517
