77.9 1.49431 -1.00352 1
-0.816492 -0.936031 0.498974 -0.69509 0.180698 0.503873 -0.479907
-2.83592 -0.529634 0.498976 0.0200674 -0.857279 0.289285 -0.425422
1.86631 -5.66947 0.499 0.758837 -0.264113 -0.588395 0.090561
-1.53058 -6.2097 0.529755 0.446296 -0.665851 0.588422 -0.10593
-2.62297 -4.37506 0.504926 0.831292 0.146029 0.294447 -0.448253
-4.35092 -1.28062 0.498639 -0.57319 -0.644876 -0.290639 -0.413663
-0.472652 0.335573 0.499013 0.929643 -0.298495 0.215871 -0.00803504
0.869936 -1.71906 0.499034 -0.807273 0.0534541 0.385382 -0.443772
3.03971 0.0501446 0.499 0.0951222 -0.808554 0.409126 -0.412077
-2.04626 -1.34761 0.498341 -0.216278 -0.570456 0.314767 0.727135
4.51678 -1.50734 0.499 0.737567 0.508568 0.222318 0.384615
-0.467723 -5.81917 0.499 0.814395 0.458347 -0.135655 -0.329055
-2.76722 1.79469 0.531506 -0.804253 -0.313241 0.503497 -0.0393572
2.38784 2.22927 0.499 0.851653 0.472942 -0.225142 -0.0179963
2.07197 -0.39369 0.499 0.512893 -0.666712 -0.361035 0.402603
-0.205635 -2.76383 0.498799 -0.225644 -0.160694 -0.663883 -0.694638
-3.03514 -1.5815 0.50249 -0.45988 0.440178 0.107772 -0.763635
-1.57696 0.101901 0.499 0.15943 -0.587787 0.7103 -0.352934
-3.86944 -2.16317 0.499181 0.389157 0.321335 0.770959 -0.388487
-1.5357 -4.17341 0.499 0.560536 -0.154365 0.393235 0.712276
-3.7692 -0.110474 0.499 0.857124 0.341005 -0.271849 0.274138
-0.172904 -1.76212 0.499201 0.58325 -0.277326 -0.691886 -0.322805
1.9369 1.23137 0.499 0.0561382 -0.183636 0.804885 -0.561504
-1.48964 -2.45966 0.499 0.121267 0.662281 0.238631 -0.699809
-0.265831 1.33283 0.498987 0.58059 -0.284625 -0.761176 0.0501449
