89.5 -1.47362 -1.03366 1
0.42851 -1.47233 0.499 0.435135 0.557734 -0.128101 -0.695112
0.211881 1.1622 0.499 0.184827 0.67485 -0.536284 0.472033
1.3646 -0.912296 0.499 -0.297127 0.743599 0.556818 -0.220748
1.00866 -3.56888 0.499 0.36089 0.224033 -0.880358 0.211041
-1.3902 -2.2468 0.499004 -0.449695 0.0605249 -0.00883097 -0.891086
0.579862 4.0656 0.499046 0.121658 0.142456 0.76304 -0.618608
-0.156054 -0.644126 0.499065 0.803178 0.391377 -0.448573 -0.0225936
-0.823222 -1.41336 0.498996 -0.280493 0.737517 0.138034 -0.598614
3.2473 -0.962325 0.499 0.0568571 -0.362227 -0.463612 -0.806612
-1.1301 -0.4155 0.498935 -0.165379 0.0528498 0.740049 0.649757
1.65259 -2.16757 0.499002 -0.671741 0.163433 -0.621743 -0.36809
0.662565 -2.45841 0.499004 0.852415 -0.255286 0.176801 -0.420666
1.29774 3.14561 0.499 -0.47934 -0.214209 -0.0994105 -0.84526
1.20006 0.910226 0.499 0.785793 0.424218 0.137545 -0.428543
2.27517 0.037669 0.499509 -0.240246 -0.509241 -0.783534 -0.262737
-3.2388 -1.33514 0.499 0.334067 -0.941699 0.0218949 -0.0335012
-1.44239 1.74555 0.499 -0.268767 0.118092 0.173872 -0.939993
-0.994489 2.66855 0.499 -0.123505 -0.39397 0.78475 0.462279
-3.51713 4.01626 0.499293 0.62238 -0.241695 -0.525659 0.527171
-0.357992 -2.73304 0.499 -0.193055 -0.0515154 -0.558598 -0.805012
-1.95174 3.62864 0.499 0.675266 0.678813 0.102816 -0.269549
-3.11076 -0.175037 0.499 0.853281 0.432262 -0.240886 0.164426
0.688791 -0.0775295 0.499 0.335289 0.516297 0.787952 -0.0122516
-3.19789 2.47312 0.499 -0.738962 0.0222787 0.287102 0.609108
3.14991 0.50302 0.498492 -0.56369 -0.242703 0.71995 0.32407
