112.2 1.50382 -0.989208 1
0.516778 -4.66392 0.499 -0.310983 -0.714618 -0.589881 -0.211308
0.381587 1.06317 0.499 -0.383693 0.583006 0.594982 -0.398598
1.34478 0.043288 0.498995 0.117848 -0.393684 -0.133746 -0.901796
-3.02757 -1.76081 0.49878 0.311337 -0.183594 0.908764 -0.208593
-0.426205 -0.820012 0.498606 -0.673365 0.423653 -0.11941 0.594002
0.417799 2.67115 0.49902 -0.734136 0.556174 -0.242849 -0.304532
-0.723288 -2.92153 0.499 -0.6284 -0.399454 -0.355789 0.564768
-2.27705 -1.04852 0.499169 0.801504 -0.240325 0.252114 0.48608
-2.99279 -3.60445 0.528026 -0.717763 -0.172196 -0.187513 -0.648077
-1.30787 -1.25021 0.502844 -0.677897 0.427094 -0.405291 -0.44021
-4.11234 -1.69215 0.514204 -0.641731 -0.559247 0.0990453 0.515378
-1.9557 -2.6077 0.499 -0.214988 -0.764339 0.493466 0.355046
0.601829 -1.70504 0.516237 0.789924 -0.33851 0.511246 0.00765321
-0.974577 -4.03617 0.499 -0.119713 -0.800884 0.584453 0.0516561
-3.26287 -0.800819 0.496242 -0.0494824 -0.247844 0.959584 0.123788
-4.24056 -0.631288 0.499047 -0.496445 -0.758123 0.420111 0.0479573
-1.01553 1.15785 0.499 0.658051 0.0369829 0.460197 -0.594828
-0.522316 2.33039 0.49898 0.871068 -0.0323866 0.490065 0.00531164
0.511885 -0.509748 0.500291 0.331296 0.497496 0.586114 0.547002
-2.0261 1.15301 0.499 -0.810003 0.523375 0.251329 0.0825092
-1.47882 -0.219667 0.499083 0.509966 0.713165 -0.408535 -0.253828
-3.01511 1.40551 0.499 -0.376875 0.762958 -0.140641 -0.506044
0.546636 -3.54143 0.499 0.050486 0.696413 -0.100374 0.708791
-0.427476 -1.84998 0.499059 0.372884 -0.187026 0.123979 0.900338
-3.5017 -2.70995 0.551658 -0.399743 0.360423 -0.447576 -0.714127
