94.7 -1.10861 1.4181 1
0.29603 -0.643896 0.506799 -0.549345 0.175799 -0.673497 -0.462295
0.743504 1.23139 0.499018 0.732859 -0.366684 -0.42124 -0.38861
0.822017 0.221742 0.49899 -0.0799917 -0.432024 -0.856214 0.271761
-1.29564 -2.26777 0.499 0.25473 0.698261 0.000412019 -0.668987
-3.2008 -2.04664 0.498999 -0.000389916 -0.573824 -0.306318 0.759536
1.84225 0.645225 0.500211 -0.181875 0.671403 -0.715958 0.0595196
-0.921245 -0.322936 0.499 0.000325053 -0.745806 -0.190743 -0.638272
-2.01492 -1.48049 0.499001 0.655578 -0.722406 -0.0263435 -0.218295
2.07005 -2.99335 0.498987 0.0195023 -0.561304 0.549995 0.618113
-1.93279 -0.449701 0.499 0.366366 0.672022 -0.611491 -0.200605
0.977402 -3.17184 0.499 0.122878 0.468096 0.187989 -0.854662
0.00804662 -1.76633 0.499 -0.652775 0.219698 -0.724862 -0.0138985
2.75186 -0.56213 0.498997 0.408755 0.800053 -0.0399096 0.437311
1.73562 -0.39681 0.499007 -0.607608 -0.715284 0.331375 -0.0968101
1.62622 -1.87212 0.498189 0.7558 0.0676547 0.082118 0.6461
-2.97256 -0.506266 0.499 -0.381129 0.0460601 -0.914699 -0.126272
-1.45635 0.555273 0.499 -0.712779 -0.538085 -0.278698 0.353184
0.342635 2.16152 0.519138 -0.497798 0.865407 -0.0489509 0.0295152
-1.05302 2.11862 0.499 0.395197 0.333507 -0.804807 0.291338
-2.8018 -3.00974 0.499001 -0.0279226 0.281707 -0.768991 0.573162
-1.26834 3.2689 0.499 0.242408 0.00421419 -0.29891 0.92297
-4.68311 0.229259 0.499 -0.39881 -0.276814 0.825175 -0.288809
-0.214986 0.430252 0.499 -0.423063 0.0544919 -0.825964 -0.368554
-2.3233 1.12548 0.499 -0.124081 0.153936 0.319226 0.926824
2.67674 -1.99184 0.499015 -0.315758 0.208316 0.042699 -0.924704
