32.3 0.0529612 1.79922 1
-0.292501 0.788983 0.498406 -0.837834 0.53714 -0.0413967 0.0883215
1.30913 -0.220917 0.499 -0.372136 0.52534 -0.66376 0.38073
0.123737 -3.20163 0.499 0.574337 -0.757628 0.286358 -0.118893
1.62305 2.05005 0.499 -0.80478 -0.0417833 -0.587004 -0.0775248
0.108611 -0.126622 0.499569 0.30251 0.013951 0.903253 -0.304019
-0.931785 -3.15576 0.499 0.275378 0.157537 0.460452 -0.829055
0.00966872 -2.15619 0.499 -0.081917 -0.470849 0.628136 0.614033
0.30393 -1.14408 0.499 0.980712 -0.128995 0.137099 0.0526218
-1.20396 -0.0812925 0.499 -0.192023 0.875375 0.121439 -0.426729
1.63684 -1.17224 0.499 -0.561659 0.142869 -0.286047 -0.763089
-0.599304 1.74692 0.499046 0.518672 0.619446 0.392883 -0.439214
1.87677 0.817657 0.499 0.2616 0.879164 0.00200162 0.398287
-1.99498 -3.04381 0.499 0.607319 0.431643 0.568658 -0.348534
-1.57012 2.01646 0.498709 -0.157434 -0.38296 -0.430647 -0.801934
-0.980683 -1.05952 0.499 0.846473 0.42557 -0.237567 -0.214325
3.76013 1.0221 0.499 -0.268918 -0.352622 0.118471 -0.888429
-2.49757 0.109113 0.499 -0.931151 0.280564 0.196665 -0.124757
0.964296 1.23056 0.499 0.116151 0.441083 0.673616 -0.581547
-2.13192 -2.05301 0.499 -0.0892561 0.714636 -0.0837535 -0.688705
2.93451 1.7491 0.499 -0.34558 0.783181 0.0270248 0.516208
-2.04347 -1.05644 0.499 0.0822734 0.91332 0.302454 0.259998
2.53263 3.8475 0.499 0.39024 0.655263 0.636286 -0.116114
-1.53806 0.937889 0.499 0.418781 0.763779 0.444086 0.209886
2.89346 -1.65186 0.499 -0.453982 -0.0579969 0.765325 -0.452564
-1.13524 -2.14006 0.499 0.544883 0.728223 -0.414413 -0.0324802
