35.7 -1.78392 -0.240058 1
-1.63553 1.40661 0.499 0.796798 -0.421574 -0.11204 0.418133
0.621784 -0.82144 0.499 0.785856 -0.575662 -0.096536 0.204265
-1.22177 -2.5371 0.499 -0.5716 0.769789 0.0534855 -0.278996
1.39534 0.634715 0.499 0.320718 -0.456606 -0.183272 0.809359
-1.08678 0.518934 0.499 -0.488408 0.36282 -0.787907 -0.0949837
-2.32185 -3.00638 0.499 -0.538768 -0.170517 -0.824778 -0.0198432
-1.29902 -1.41993 0.499 0.231181 0.710844 -0.220564 -0.626584
-0.783634 -0.437249 0.499 -0.823628 0.294492 -0.196418 -0.443092
-2.38078 -0.153604 0.499 0.356432 -0.223216 -0.90691 0.0253932
1.07079 -1.71555 0.499 -0.120241 -0.0679807 -0.591966 0.794038
-1.83663 2.5435 0.499 -0.611265 -0.397067 -0.682393 0.0550612
1.61905 -0.344209 0.499 0.61094 -0.0111091 -0.190954 -0.768223
-3.99913 -3.32755 0.499 0.164311 -0.543209 -0.550136 -0.612598
-3.20444 1.81411 0.499 -0.702321 -0.0410467 -0.351618 0.617596
-2.312 -1.23876 0.499 -0.127719 -0.828738 -0.325239 -0.437151
3.87843 -0.196125 0.499 -0.610208 -0.22122 -0.0680285 0.757681
-3.997 -0.462278 0.499 0.0136593 0.788675 -0.27775 0.548324
0.360911 0.211496 0.499 -0.596767 -0.351341 -0.348153 -0.631837
-3.89793 -2.33211 0.499 -0.0211524 -0.064274 -0.927885 0.366676
3.09908 0.711592 0.499 0.642179 -0.0793401 -0.636474 -0.419777
-3.58921 -1.37576 0.499 0.844483 -0.0517223 -0.115719 -0.520367
2.0078 3.26459 0.499 -0.156135 0.0362382 -0.541381 -0.825358
-2.98956 0.674277 0.499 0.626592 -0.155918 -0.262933 -0.716895
2.76069 -2.52435 0.499 -0.558863 0.471555 -0.606907 0.311402
-2.85954 -2.13844 0.499 0.332786 -0.883764 -0.327245 0.0335463
