79.3 1.38677 1.14755 1
0.400299 -0.404447 0.499 -0.803083 0.208361 0.380666 0.408334
-1.47546 0.0485453 0.499 0.607135 -0.784751 -0.0232069 0.122536
2.08144 -3.88905 0.499 0.159775 -0.0651539 -0.984968 0.00810319
-0.588958 -3.97386 0.499 -0.172155 -0.392168 0.900551 0.0746659
-1.43145 -3.1796 0.499016 0.244835 -0.228164 0.485473 -0.807659
-3.35466 -0.0673536 0.499 -0.235066 -0.923444 0.0368062 0.301067
1.09003 1.0311 0.499 0.312472 0.512867 0.356706 0.715605
0.983365 -1.55948 0.49905 -0.378038 0.253601 0.507433 0.731632
3.59781 0.510932 0.499 0.393534 -0.382103 0.493024 -0.675319
-0.668226 -0.937186 0.499 -0.0941978 -0.416547 0.346077 0.835372
5.27896 -2.00989 0.499 -0.325223 0.714457 -0.52738 0.325041
0.868402 -4.04516 0.499005 0.134087 0.0376905 -0.817279 -0.559155
-1.70621 1.99348 0.499 -0.0978495 0.405018 0.0373892 0.908289
2.83546 2.99503 0.499 0.521499 0.549625 -0.625302 0.186945
2.68898 -0.387689 0.499 0.611193 0.000867755 -0.754802 -0.238152
-0.542014 -2.64215 0.498433 -0.844066 0.216218 0.444888 0.207068
-1.7526 -1.11702 0.499 -0.519845 0.387826 0.100745 -0.754455
0.0693452 0.708805 0.499 0.429285 -0.700838 0.285858 0.492773
-2.76706 -0.995265 0.499 -0.117584 0.606208 0.159433 -0.770238
0.374301 -3.1382 0.498999 0.603089 -0.283167 -0.05776 0.743481
-2.37139 0.522819 0.499 0.750338 0.259846 -0.477044 -0.3767
-0.0379642 -1.78222 0.499342 0.151175 0.382667 -0.59048 -0.694295
2.87134 1.72919 0.499 -0.4266 0.500312 0.738535 -0.149216
-1.4022 -2.11237 0.499006 -0.0367836 0.871742 0.076426 0.482568
0.662721 2.43359 0.499 0.427086 -0.298868 -0.8429 -0.133399
