117.2 -1.17774 -1.36123 1
-2.20373 -1.07354 0.499 0.384772 -0.569006 -0.51368 0.514116
-0.840358 3.84991 0.538538 0.0924637 0.0776974 0.5484 -0.827449
2.56405 2.25729 0.499 -0.209703 -0.428068 -0.326533 0.816186
-0.93907 1.59408 0.498933 0.688924 -0.144761 -0.0933513 -0.704069
1.93948 -0.386548 0.499 0.389567 -0.0678883 0.652064 0.64687
-2.36201 3.83438 0.499014 0.68386 -0.144894 0.714561 -0.0272667
-3.14185 -0.576776 0.499 -0.966687 -0.112002 0.21578 -0.0800616
-1.89329 1.84723 0.499053 -0.538976 0.381451 -0.749882 -0.0409456
-4.25393 -0.883069 0.499 -0.044415 -0.129314 -0.556783 0.819328
0.483049 1.48697 0.499 -0.341128 0.354413 -0.212974 -0.844195
-2.49263 1.00983 0.541497 -0.0451807 -0.5172 -0.0401928 -0.853726
0.881333 0.482101 0.499 -0.233958 0.970935 -0.0344637 0.0369013
2.24086 -2.78102 0.499 -0.0810888 0.510762 -0.814965 -0.261494
-3.70582 -1.88831 0.499 0.270045 -0.753631 -0.582823 -0.139403
-3.84546 0.812137 0.499158 -0.31307 0.0888234 0.944847 -0.0369016
-4.95332 1.81574 0.499 -0.00933316 -0.458097 -0.888624 0.0201877
-2.28856 2.78667 0.49904 -0.0633615 -0.586994 -0.261277 -0.763648
-4.03922 3.80939 0.499425 0.814415 0.247365 0.340389 0.399592
1.56124 1.69788 0.499 0.337252 0.0142757 -0.914174 0.224375
-3.57491 1.88977 0.499 -0.0639095 -0.64748 -0.669118 -0.359119
-1.15537 2.73205 0.499 -0.314161 -0.765391 -0.467095 -0.311931
-4.72743 2.97967 0.500326 -0.284815 0.713276 -0.640403 -0.0010348
-0.912361 -0.176701 0.501873 -0.209115 -0.148934 0.780902 0.569457
2.55573 -1.54955 0.499 0.156665 0.762959 0.256526 0.572314
-1.74124 0.361426 0.496572 -0.272739 0.458394 0.346873 -0.771471
