94.8 -1.2337 1.31072 1
0.268463 -0.603863 0.497131 -0.515213 0.157668 -0.693358 -0.478488
0.75068 1.27714 0.498996 0.744847 -0.421761 -0.390563 -0.338793
0.808633 0.258438 0.499 -0.0432818 -0.444574 -0.848142 0.284843
-1.35987 -2.22428 0.499 0.313277 0.641478 -0.0502925 -0.698451
-3.2897 -2.02031 0.499 0.0371315 -0.571636 -0.268399 0.774477
1.8157 0.656233 0.498497 -0.127469 0.647874 -0.750999 0.00330892
-0.960686 -0.301694 0.499 -0.0188542 -0.777934 -0.234706 -0.58256
-2.09465 -1.43431 0.499588 0.666825 -0.717126 -0.0236415 -0.201286
1.91313 -2.99114 0.49894 0.0693732 -0.556291 0.552135 0.61715
-1.97104 -0.448391 0.498411 0.399283 0.63982 -0.615832 -0.227935
0.944404 -3.18733 0.499059 0.04987 0.44018 0.202067 -0.873455
-0.0193803 -1.70455 0.499 -0.584707 0.223515 -0.779471 0.0241618
2.69649 -0.528782 0.499001 0.446251 0.775903 -0.0382997 0.444262
1.66236 -0.405315 0.498996 -0.624381 -0.712053 0.311516 -0.0780176
1.50781 -1.89468 0.499049 0.740565 0.122907 0.0647285 0.65747
-3.01565 -0.492497 0.499 -0.321303 0.0317908 -0.941731 -0.0943188
-1.50709 0.577653 0.499 -0.718495 -0.510382 -0.282699 0.378625
0.332709 2.21038 0.503792 -0.481982 0.871538 -0.0753091 -0.0494225
-1.04758 2.09866 0.499 0.491401 0.338596 -0.77997 0.188479
-2.89725 -2.99879 0.499 -0.0394439 0.330351 -0.736179 0.589366
-1.28584 3.25936 0.499 0.317833 0.0721202 -0.315063 0.891356
-4.74684 0.238467 0.499 -0.425753 -0.276776 0.818408 -0.268957
-0.244589 0.446528 0.499 -0.376102 0.0451265 -0.858929 -0.344604
-2.36236 1.18664 0.499 -0.0998209 0.200325 0.353846 0.908129
2.58964 -1.99156 0.498995 -0.287254 0.239348 0.0219066 -0.92721
