85.8 1.68247 0.639763 1
1.42173 -0.581036 0.498991 0.59044 0.0973575 0.120672 0.792048
0.445897 1.36086 0.499 -0.23888 0.180592 0.843999 -0.44496
2.33886 -1.11955 0.499 -0.560884 0.289818 0.44269 -0.636742
1.74205 -3.31948 0.499 0.705209 -0.392145 0.570637 0.152565
-0.547714 -2.49472 0.498997 0.922525 -0.169884 -0.235797 0.253942
-0.344355 4.29196 0.499 -0.468953 -0.181223 0.116497 0.856545
0.996548 0.368167 0.499 -0.439015 -0.208126 0.802554 0.346203
0.647067 -1.26835 0.498881 0.314831 -0.609808 0.625475 -0.371211
3.94836 -0.322772 0.499 0.678578 0.276727 -0.206562 0.648295
-0.0653117 -0.0905977 0.499 -0.637398 -0.412903 -0.383025 -0.525858
3.82329 -1.91357 0.499 0.425258 -0.428171 -0.757869 0.247912
2.88462 -2.38892 0.499 0.206113 0.809467 -7.79801e-05 0.5498
0.580683 3.78981 0.499 0.454664 -0.572961 -0.474798 0.489451
1.87235 1.29571 0.499 0.0674502 -0.679039 0.372735 0.628829
2.93703 -0.230898 0.499 -0.258822 0.61632 -0.704251 -0.239149
-1.49264 -1.45322 0.499 -0.303324 -0.701444 -0.501342 0.405743
-0.62615 1.07739 0.499 0.840351 0.039338 0.502387 -0.199674
0.263046 2.43505 0.499 -0.438243 -0.59832 0.452158 -0.49549
-2.17606 3.17206 0.499 -0.183823 0.526176 -0.676693 -0.481077
0.43435 -2.25321 0.498891 0.2974 0.643024 -0.705727 -0.00485401
-0.911386 2.4107 0.499 0.206272 0.574305 0.631372 0.478534
-1.14276 -0.462449 0.499 0.493996 0.618812 0.496115 0.356243
1.99457 0.238604 0.499009 -0.228046 -0.762869 0.521684 -0.306384
-1.85574 0.598157 0.499 -0.410896 -0.54854 -0.498208 -0.531091
2.81387 2.2933 0.499 0.298723 -0.279624 -0.545651 0.731328
