95.5 -1.77272 0.312195 1
0.0720263 -0.395345 0.498631 -0.203959 0.106481 -0.880228 -0.415044
0.788598 1.52994 0.499 0.570144 -0.804166 -0.112765 0.124644
0.67554 0.447212 0.49899 0.144916 -0.502832 -0.701721 0.483473
-1.79308 -1.98586 0.499 0.635522 0.0348781 -0.478159 -0.605194
-3.90137 -1.90439 0.499 0.191087 -0.535262 0.145431 0.809833
1.66156 0.661212 0.49901 0.318923 0.376833 -0.845192 -0.204784
-1.2295 -0.220671 0.499 -0.279392 -0.795379 -0.53519 -0.0537028
-2.63478 -1.36266 0.499 0.673415 -0.721266 0.0420169 -0.156599
1.32205 -3.08316 0.499 0.103463 -0.715487 0.449709 0.524533
-2.25782 -0.326597 0.499 0.607388 0.240912 -0.670757 -0.350893
0.209863 -3.31715 0.499 -0.079468 0.23468 0.314694 -0.916285
-0.21002 -1.35618 0.499524 0.0240063 0.247436 -0.890303 0.381522
2.28757 -0.360189 0.499 0.771803 0.478023 0.0713868 0.413181
1.15931 -0.532789 0.499 -0.821395 -0.544295 0.170339 -0.0060758
0.699712 -2.11746 0.499 0.623476 0.348707 0.0127072 0.699657
-3.30528 -0.463805 0.499 0.103579 -0.0383729 -0.950118 0.291677
-1.86763 0.666061 0.499 -0.769464 -0.155954 -0.223809 0.577506
0.263494 2.45782 0.499 -0.0733075 0.806108 -0.269375 -0.521779
-0.996593 1.89078 0.499 0.862523 0.107382 -0.273057 -0.412265
-3.55293 -2.98976 0.499 -0.0590007 0.597429 -0.310662 0.736944
-1.40329 3.12353 0.499 0.742407 0.407058 -0.207473 0.489991
-5.1896 0.233939 0.499 -0.63549 -0.181471 0.704273 -0.259269
-0.452656 0.492116 0.499 -0.00312725 0.0177107 -0.999697 0.0168202
-2.64173 1.54615 0.499 0.121998 0.492603 0.657633 0.556756
1.96698 -2.05555 0.499 -0.0215786 0.432725 -0.279368 -0.856877
