96.7 -1.08314 -1.43764 1
-0.133545 -0.335223 0.499001 0.091719 0.0137876 -0.95178 -0.292425
0.997664 1.75032 0.499 -0.622994 -0.595097 0.386958 0.328636
0.471456 0.525609 0.499 -0.0723135 -0.650465 -0.00210521 0.756083
-2.31649 -1.72791 0.499 -0.210628 -0.691397 -0.541657 0.429201
-4.77279 -1.90898 0.499 0.201606 -0.448651 0.870494 0.0175636
1.56891 0.586789 0.499 0.684566 -0.280208 -0.672899 -0.00775018
-1.48993 -0.252169 0.499 -0.7641 0.0845658 -0.160381 0.619094
-3.37322 -1.54824 0.499 0.317468 -0.898361 -0.0665858 -0.296189
0.433937 -3.47143 0.499 -0.132462 -0.874209 0.400801 -0.239941
-2.59947 -0.341169 0.49899 0.345947 -0.674139 -0.652466 -0.0120913
-0.863642 -3.73882 0.499 -0.0423678 0.336553 0.0657012 -0.938414
-0.523885 -1.26251 0.499002 0.600731 -0.075565 -0.333736 0.722518
1.76914 -0.448337 0.499 0.851856 -0.497747 0.13875 0.0856573
0.738392 -0.909989 0.499 -0.82034 0.379418 0.422477 0.0678021
-0.499631 -2.70177 0.499 0.535066 0.0565287 0.00102105 0.842916
-3.64941 -0.528802 0.499 0.333228 -0.320748 -0.174947 0.86918
-2.31859 0.620884 0.49901 -0.370052 0.526317 0.506788 0.573775
0.303609 2.66464 0.499 0.767981 0.07203 -0.560675 -0.301099
-0.754208 1.47716 0.498998 0.308204 -0.469911 0.501683 -0.657653
-4.47891 -3.15316 0.499 0.168256 0.119601 0.781287 0.589046
-1.446 2.67298 0.499 0.931195 0.144244 0.0395419 -0.332426
-5.78478 0.0153611 0.499 -0.591801 0.459724 0.428536 -0.504759
-0.75377 0.467198 0.499067 0.382758 0.0983004 -0.643671 0.655379
-2.97302 1.94534 0.499 0.665441 0.21099 0.401882 -0.592589
1.07399 -2.34553 0.499 0.295656 0.527951 -0.756054 0.249473
