13.2 0.469778 1.73762 1
3.37643 1.36604 0.499 0.031937 0.720233 0.551373 -0.419799
4.97064 2.27183 0.499 0.031937 0.720233 0.551373 -0.419799
2.57933 -2.7644 0.499 0.031937 0.720233 0.551373 -0.419799
1.09382 4.7356 0.499 0.031937 0.720233 0.551373 -0.419799
4.42716 1.36604 0.499 0.031937 0.720233 0.551373 -0.419799
1.72371 -3.43243 0.499 0.61049 -0.0585906 0.621119 -0.487936
3.95266 -2.20346 0.499001 0.237406 0.875504 0.419339 0.0358587
4.64151 -1.47634 0.499 0.875089 0.471375 0.0769076 0.0781641
3.32371 -0.192398 0.499 0.273443 0.744094 0.448122 -0.413208
4.51148 -0.423376 0.499 0.0431709 0.711607 0.545201 -0.44103
0.477881 2.09067 0.499 0.031937 0.720233 0.551373 -0.419799
1.02136 2.99647 0.499 0.031937 0.720233 0.551373 -0.419799
0.71253 -3.38931 0.499 0.598744 -0.11315 0.642362 -0.464837
-0.572843 5.6414 0.499 0.031937 0.720233 0.551373 -0.419799
3.68914 -1.12437 0.499 0.375596 0.748844 0.40684 -0.3642
3.4489 3.17763 0.499 0.031937 0.720233 0.551373 -0.419799
1.81846 0.387775 0.499 0.031937 0.720233 0.551373 -0.419799
0.00686697 4.77183 0.499 0.031937 0.720233 0.551373 -0.419799
0.00686697 -1.56875 0.499 0.031937 0.720233 0.551373 -0.419799
0.514113 3.86604 0.499 0.031937 0.720233 0.551373 -0.419799
2.57933 -0.952805 0.499 0.031937 0.720233 0.551373 -0.419799
2.65179 3.8298 0.499 0.031937 0.720233 0.551373 -0.419799
-1.11632 1.22111 0.499 0.031937 0.720233 0.551373 -0.419799
4.9344 0.496471 0.499 0.031937 0.720233 0.551373 -0.419799
1.47848 -2.44577 0.499 0.298164 0.602233 0.581608 -0.458416
