107.5 0.314392 1.77233 1
2.486 -2.58539 0.499 0.582023 0.246441 -0.631308 0.449407
4.25183 0.728593 0.499 0.689896 0.402945 -0.437124 -0.413039
5.641 0.518443 0.515523 -0.433484 0.606729 -0.0656939 -0.663065
-1.37029 -1.4262 0.499 -0.693397 -0.710603 0.11665 0.025237
0.339048 0.926229 0.499 -0.123442 0.298503 0.941275 -0.0982788
6.09378 1.52384 0.49558 -0.87709 0.0789168 0.213526 0.422955
1.19494 -2.60818 0.499032 -0.913234 -0.0967444 -0.381089 0.106844
-0.643682 -2.21198 0.499678 -0.835725 -0.0982459 0.134551 0.523267
-1.01211 -3.19316 0.496859 -0.634319 0.695503 0.0998782 0.322396
0.325034 -1.99666 0.49847 0.379758 -0.166667 -0.296717 0.860212
-2.60754 -1.41408 0.499 0.109335 0.850299 -0.480194 -0.185612
0.227648 -3.33719 0.497361 0.133413 -0.686511 0.541102 0.467025
4.55706 -0.91532 0.499 -0.317417 -0.332083 -0.75382 0.469811
1.84688 -3.40884 0.498845 0.443974 0.247689 0.857405 -0.0799568
-2.66816 0.187078 0.499 -0.27628 -0.515616 0.811045 -0.00380484
-3.50488 0.893087 0.499 0.386422 0.139065 -0.175784 -0.894672
1.64102 1.63655 0.499 0.0731232 0.0488658 -0.29703 -0.950809
3.35713 1.66668 0.499 -0.0891248 0.431982 -0.226883 0.868316
3.81582 -0.175387 0.499 -0.0214694 -0.779074 -0.498628 -0.379411
-1.26145 1.27447 0.499 0.564629 0.563146 -0.564455 0.213193
0.35692 -0.948954 0.52813 0.275667 -0.498797 0.232724 0.788066
-1.94475 2.7972 0.499 -0.235864 0.905821 0.261825 -0.23517
3.3797 -1.52252 0.499 -0.620671 -0.734265 -0.26348 -0.0787482
2.32888 -1.26644 0.499 0.834799 -0.424489 0.32968 0.119291
-2.10366 -2.28558 0.499 0.55102 -0.74504 0.186422 0.326404
