78.1 1.65215 -0.714434 1
-0.805317 -0.910543 0.499 -0.760268 0.288636 0.558127 -0.164851
-2.67625 -0.514118 0.49999 0.113898 -0.904737 0.182942 -0.367437
1.91732 -5.73109 0.499 0.670863 -0.215877 -0.708555 0.035903
-1.38983 -5.90892 0.541062 0.452433 -0.678513 0.564969 -0.125441
-2.37409 -4.18095 0.497311 0.766823 0.139782 0.251326 -0.573828
-4.13038 -1.11371 0.528571 -0.568454 -0.713391 -0.174833 -0.370629
-0.228084 0.416108 0.498999 0.932625 -0.246956 0.232896 0.122405
0.859066 -1.71102 0.499 -0.787308 0.165279 0.529755 -0.268678
3.13614 0.0921699 0.499 0.120307 -0.753067 0.38861 -0.517106
-1.72399 -1.3728 0.498994 -0.0889276 -0.508224 0.428753 0.7416
4.64319 -1.60218 0.499 0.662936 0.567786 0.116506 0.473878
-0.397671 -5.85978 0.507464 0.735147 0.575042 -0.252688 -0.255017
-2.60063 1.78994 0.495498 -0.794375 -0.167383 0.570797 0.123054
2.4689 2.31544 0.499 0.834265 0.446037 -0.318829 0.0583203
2.17707 -0.416147 0.499 0.503703 -0.640909 -0.470812 0.337424
-0.262969 -2.78037 0.499 -0.49501 -0.0259786 -0.587468 -0.639665
-2.75988 -1.515 0.498008 -0.439758 0.440605 0.0918066 -0.777208
-1.32004 0.169123 0.499 0.21212 -0.656832 0.655997 -0.30536
-3.60324 -2.05235 0.499883 0.419503 0.370941 0.682533 -0.469648
-1.36394 -4.14706 0.528575 0.59488 -0.254184 0.289849 0.705334
-3.61992 -0.136288 0.499 0.864285 0.311082 -0.383437 0.0959941
-0.224019 -1.75888 0.499 0.581604 -0.103068 -0.741943 -0.317229
2.08721 1.27906 0.499 0.0234028 -0.0546628 0.81844 -0.571508
-1.49797 -2.45712 0.499 0.148782 0.807975 0.186292 -0.538828
-0.111884 1.47026 0.499001 0.503356 -0.312526 -0.804127 0.0483731
