78 1.57985 -0.862595 1
-0.810995 -0.924527 0.499001 -0.738043 0.240436 0.537829 -0.328972
-2.75491 -0.550589 0.499618 0.0811856 -0.885998 0.227747 -0.395661
1.89208 -5.7015 0.499 0.716152 -0.24306 -0.650989 0.0652847
-1.44983 -6.04337 0.550239 0.465989 -0.682493 0.551051 -0.115759
-2.49697 -4.28407 0.521695 0.802025 0.150016 0.257969 -0.5174
-4.25457 -1.21185 0.514703 -0.565302 -0.676378 -0.235237 -0.409403
-0.349947 0.374665 0.499002 0.932894 -0.276219 0.224128 0.0563826
0.864677 -1.71628 0.498995 -0.803237 0.112922 0.46053 -0.360515
3.08825 0.069952 0.499 0.105887 -0.782234 0.398132 -0.467321
-1.88456 -1.3612 0.499084 -0.154057 -0.542269 0.375369 0.735737
4.58033 -1.55596 0.499 0.704502 0.537601 0.170709 0.430721
-0.470405 -5.8636 0.499013 0.783117 0.538154 -0.189962 -0.247048
-2.68366 1.79067 0.511816 -0.805061 -0.238672 0.541606 0.0396887
2.42867 2.27114 0.499 0.845799 0.457808 -0.27309 0.0213722
2.12481 -0.406134 0.499 0.507087 -0.657022 -0.416051 0.371601
-0.234018 -2.77328 0.499016 -0.365623 -0.0929491 -0.635369 -0.673785
-2.90362 -1.52687 0.496763 -0.439841 0.440512 0.105401 -0.775487
-1.44789 0.134422 0.499 0.185415 -0.623306 0.683052 -0.332492
-3.72731 -2.10564 0.49889 0.405517 0.342066 0.72778 -0.434607
-1.53072 -4.18266 0.509209 0.567498 -0.233616 0.31679 0.723197
-3.69432 -0.124608 0.499001 0.866413 0.325127 -0.329441 0.187322
-0.199025 -1.76165 0.498984 0.585304 -0.193114 -0.719978 -0.318995
2.01234 1.254 0.499 0.0400751 -0.119136 0.811734 -0.570341
-1.4935 -2.4596 0.499 0.1383 0.739892 0.211819 -0.62335
-0.188291 1.40043 0.498998 0.540613 -0.300476 -0.78412 0.051068
