65.5 1.47105 1.03731 1
0.667548 2.62697 0.499 -0.186467 0.463634 -0.149412 0.853199
-1.75408 1.82026 0.498998 0.695129 0.37746 0.0393758 0.610548
1.24401 0.691295 0.499 0.233323 0.246533 -0.940325 -0.0238864
0.406916 -1.37241 0.499 -0.384046 0.529368 -0.0624766 0.753906
1.28355 1.81718 0.498127 0.177803 -0.670145 -0.712699 0.106548
-1.66325 -0.409844 0.502592 -0.54761 0.000492982 -0.757003 0.356466
0.297595 1.65468 0.50008 0.814878 0.372346 -0.31239 0.315825
2.57705 2.31906 0.499 -0.775691 -0.339266 -0.476311 0.237341
-0.222499 3.61565 0.498998 -0.891188 0.448422 0.0685127 -0.00286539
-0.74377 0.359895 0.499232 0.498932 0.311512 -0.544918 0.597572
3.42368 3.73761 0.499 0.0363124 0.305534 -0.925259 -0.221872
0.275541 -0.341567 0.498976 -0.5013 -0.755333 0.396566 -0.144591
-2.69153 1.33004 0.499 -0.0222505 -0.0410699 -0.983333 -0.175709
-0.903904 2.71223 0.499 -0.796552 0.112164 0.395035 0.443702
-1.87101 2.99707 0.499 -0.541805 0.0103025 -0.457084 -0.705277
1.28087 -0.323986 0.499032 0.36407 0.867369 0.339181 0.00895983
-1.3933 -1.37324 0.497539 -0.721101 -0.575764 -0.363134 -0.129007
0.210454 0.658869 0.498572 0.744369 0.607698 -0.00105231 -0.276796
-1.97562 -2.18607 0.49935 -0.801539 0.447855 0.250713 0.306765
2.14802 1.24705 0.499002 0.551962 -0.355482 0.445396 -0.608764
-2.70631 -0.62488 0.499 -0.343545 -0.789638 0.116214 0.494918
1.66323 2.90341 0.499 0.789814 0.000431167 0.522948 0.320498
-2.77082 2.49848 0.499 0.778699 -0.184549 0.585443 -0.129716
-0.674808 -0.669056 0.499082 0.619984 0.143154 -0.489454 -0.59629
-0.734747 1.40937 0.499 0.198186 0.581883 -0.590863 -0.522509
