119.7 1.79996 0.0115858 1
-1.08137 -1.79848 0.498807 0.0675988 0.961548 0.22351 -0.144563
0.989579 2.58589 0.498406 -0.305787 -0.134785 -0.451278 0.827451
3.85246 3.20203 0.499 0.182564 -0.277498 0.942523 0.0362704
1.49826 1.71422 0.499083 -0.81691 0.305719 -0.35437 0.337069
3.84594 -0.299038 0.499 0.142408 -0.782547 0.58234 -0.167988
-0.37601 1.86396 0.499 -0.828801 0.502335 -0.244665 0.029778
-2.19076 -1.27046 0.498995 -0.452803 0.812138 0.349249 -0.115875
-0.0123561 -0.305805 0.499 -0.287703 -0.914043 0.272002 -0.0881307
-3.474 -0.799986 0.499 0.381505 -0.4097 -0.0330939 0.827952
2.22886 2.63151 0.499 -0.23479 -0.505786 -0.571018 0.602488
-1.05572 -0.748813 0.499 0.255786 -0.348505 0.862569 -0.262856
2.87171 1.46977 0.499 0.980394 0.0100089 -0.075213 0.181851
2.41665 -3.5064 0.499 -0.373567 -0.904663 -0.102067 0.177807
-2.97433 -1.91691 0.523739 -0.769445 -0.574532 -0.242835 0.137469
-3.02168 0.147824 0.499 0.106556 -0.322457 0.908011 -0.245324
-2.17262 0.774818 0.498996 0.592252 -0.463182 0.57527 0.322125
-1.15603 0.278069 0.498999 0.639756 0.753334 -0.0740287 -0.133116
-1.50597 2.89025 0.499 0.717913 0.571801 0.144034 0.369998
3.21742 2.4208 0.499 -0.373611 -0.57969 0.0907961 0.718422
-2.05566 -0.237178 0.499011 0.527553 -0.659411 0.444582 -0.298683
0.171522 0.900314 0.499 -0.413546 -0.47005 -0.580889 -0.520193
-1.26553 1.30004 0.499 -0.544307 0.273666 0.39485 -0.6877
1.07929 0.239069 0.499 -0.0352844 0.563133 0.735988 -0.374109
4.93393 -1.55021 0.499 0.0377178 -0.121657 -0.299724 -0.945485
-0.147929 -1.40172 0.499537 0.403629 0.347067 -0.140861 -0.834738
