21.6 -1.68618 -0.629925 1
1.58804 0.421769 0.499 -0.495596 0.776409 -0.266128 0.284164
3.07191 0.822713 0.499 -0.419218 0.874205 -0.0999853 -0.223662
1.18905 -4.11994 0.499 -0.318774 0.511749 -0.482979 -0.635001
0.477858 4.05905 0.499 -0.374698 0.164646 -0.911105 0.0487934
2.54912 -0.144506 0.499 0.175172 0.788241 -0.234517 -0.541287
0.27781 -3.5874 0.499 -0.637527 0.637538 -0.401895 -0.159952
1.54927 -3.14857 0.499035 0.921937 0.142767 -0.319145 -0.16672
1.75889 -2.17081 0.498963 0.12085 -0.48744 -0.743965 -0.440809
1.01573 -0.520287 0.499 0.0536623 0.33585 -0.88858 0.307815
2.65248 -1.52566 0.499 -0.346799 0.768435 -0.536408 0.0387766
-0.151733 1.37582 0.499002 -0.395586 0.11773 -0.910243 0.0333131
0.519854 2.12114 0.498996 -0.303151 0.0963063 -0.936852 -0.145374
-0.672436 -3.17871 0.499 -0.597662 0.644189 -0.473684 -0.0586921
-1.24083 4.58072 0.499 -0.460761 -0.0632295 -0.840434 -0.278158
0.997369 -1.52215 0.499003 0.194321 -0.191395 -0.892395 -0.359496
2.54611 2.21789 0.499 -0.732549 -0.0401085 -0.675356 -0.0752183
-0.00641118 -0.45189 0.499 -0.425978 0.802973 -0.380828 0.169549
-0.550064 3.81615 0.499 -0.253048 0.292978 -0.881756 -0.269513
-0.739295 -2.17931 0.498999 -0.487327 0.173713 -0.851104 0.089213
0.0572308 3.01299 0.499002 -0.258834 0.00347949 -0.957385 -0.128086
-0.0506938 -1.45409 0.499001 0.508201 0.181511 -0.835024 -0.107332
2.03583 3.15325 0.499 -0.374698 0.164646 -0.911105 0.0487934
-1.73229 0.544558 0.499 -0.374698 0.164646 -0.911105 0.0487934
3.45489 -0.812662 0.499 -0.388175 0.66103 -0.405388 -0.498017
0.556276 -2.42073 0.498999 -0.599792 -0.0601882 -0.797703 -0.0172386
