44.7 -1.35033 1.19021 1
-3.68043 4.99109 0.499 0.997994 -0.0380457 0.0133235 0.0488253
0.347418 -1.58796 0.499 0.907072 0.027637 -0.399093 0.13108
-1.00085 0.54028 0.499 -0.385204 0.88309 -0.145829 0.224729
2.25916 -0.410842 0.499 0.244285 -0.406618 -0.734691 0.484991
-2.03224 4.51753 0.499 -0.631118 -0.540181 0.363145 -0.421925
-1.98172 -1.52613 0.499 -0.639055 -0.443548 -0.306057 -0.54882
-1.77484 2.58984 0.499 -0.828402 0.437393 0.163479 0.309373
-1.35615 3.77157 0.499 -0.940198 -0.230879 -0.207488 0.140253
-3.06847 2.69973 0.499 -0.221031 0.0481217 -0.431777 -0.873154
1.18062 -2.30427 0.499 -0.509517 -0.00871527 -0.584548 -0.631364
-0.843845 5.793 0.499 -0.475757 0.0973613 -0.747434 0.453342
1.93449 -1.43702 0.499 0.596753 0.646416 0.230835 0.415629
-2.76318 -0.193405 0.499 0.733062 -0.548117 -0.394503 -0.0809738
-2.35542 3.41972 0.499 -0.227023 0.170725 -0.432353 0.855795
-2.24148 1.66756 0.499 0.222636 -0.470293 -0.247695 -0.817255
3.30336 -0.1056 0.499 0.67722 0.421175 -0.529141 -0.289817
-4.3352 2.04476 0.499 -0.710574 0.0299287 -0.39666 0.580387
0.126321 -0.319752 0.499 0.741853 -0.026294 0.605223 -0.287521
-3.97965 0.807004 0.499 -0.812378 0.297518 -0.44536 -0.230607
4.44577 1.12829 0.499 0.590428 0.736124 0.0492671 -0.327244
-3.24063 1.48369 0.499 0.725885 -0.0235731 -0.237825 0.644961
2.13153 3.67341 0.499 0.238323 0.318575 0.843408 -0.361075
-4.23917 3.17868 0.499 -0.110817 0.736565 0.33406 -0.577577
2.42343 -2.40212 0.499 0.307208 0.180984 0.18532 -0.91571
-2.155 0.61259 0.499 0.626767 0.47229 -0.578757 -0.221688
