73.8 -0.641848 1.68168 1
1.57974 -0.835433 0.499385 -0.750526 0.234146 -0.034577 -0.617002
-1.31783 -0.386174 0.499814 0.104746 -0.240247 -0.837538 -0.479415
1.9374 -3.24364 0.49899 -0.0399557 0.525766 -0.366781 0.76645
-0.468529 -2.98915 0.499 -0.931791 0.141931 0.0565844 0.329272
0.638209 -2.04212 0.498995 -0.619254 -0.21296 -0.628239 0.420104
-3.03803 -1.32891 0.4989 0.22318 0.631152 0.352828 0.65372
0.602516 -0.687547 0.498046 -0.177251 0.162966 -0.567256 0.787556
3.41769 -1.67537 0.557232 -0.12127 0.286722 0.654736 0.688771
2.18996 0.172339 0.499454 -0.18311 0.32434 -0.926297 0.0569979
-1.46598 -1.45252 0.499 0.533124 0.277142 0.76801 0.221656
2.95391 1.19438 0.499 0.759921 -0.31757 -0.475107 0.309746
0.789907 -3.1035 0.499 0.138453 0.339262 0.880648 0.300317
-2.21899 0.440459 0.499 -0.525629 0.214952 0.70195 0.429856
1.84446 1.13764 0.532056 -0.165601 -0.182682 0.630683 0.735828
1.12796 0.242728 0.498609 -0.443241 -0.531383 -0.637378 0.338997
2.86659 -2.56562 0.499004 -0.907269 -0.0697338 -0.414436 -0.0155564
-2.35592 -2.07374 0.499023 0.897087 0.290373 0.306865 -0.129432
-0.331411 -0.42233 0.506631 -0.199477 -0.0295031 -0.886127 0.417273
-2.39971 -3.08454 0.498978 0.416985 0.494817 -0.55636 -0.521289
1.66038 -2.26515 0.499051 -0.697137 -0.645752 -0.132329 0.281946
-2.97796 -0.314701 0.498995 -0.517713 0.0760947 0.763345 -0.378798
2.41774 -1.55587 0.49898 0.521492 0.567439 -0.609668 0.185376
-0.229379 1.62008 0.499 -0.891185 0.447213 0.0229673 0.0725394
-0.161986 -1.42072 0.498535 0.407041 0.00826063 -0.683017 0.606413
-1.03669 0.661062 0.499001 -0.475331 -0.240534 0.798373 0.280721
