51.7 0.657398 1.67566 1
0.0975269 2.75498 0.499 -0.0691937 0.610342 -0.757155 0.222288
0.219822 -2.25814 0.499057 -0.417375 -0.0793753 -0.461717 0.778662
2.09679 0.349399 0.498984 0.431872 0.292624 0.828673 -0.202876
2.02347 -0.658532 0.499 -0.79434 0.552101 -0.194379 -0.162558
2.03554 2.85978 0.499 0.413464 -0.84333 0.015353 0.342938
-0.200356 -1.34582 0.498992 0.857576 0.472168 -0.196592 -0.0545245
2.02946 1.36972 0.499 -0.615877 -0.744647 -0.0354663 -0.254831
2.95484 2.28647 0.499 -0.146453 0.0641678 -0.885893 -0.435463
-0.0981974 1.56048 0.499 0.988221 0.139599 0.0380304 0.049845
0.314405 -3.48849 0.499001 0.853343 0.29121 0.388903 -0.189093
3.45659 3.27686 0.499 -0.0478415 -0.286692 0.953006 -0.0854306
1.35056 -1.80914 0.5074 -0.128274 -0.231269 0.157917 0.951379
-0.537787 -0.40166 0.498603 -0.550359 -0.245587 -0.770414 -0.207976
1.29282 2.166 0.499 -0.878186 -0.114392 0.349826 -0.305492
0.231208 0.587032 0.499 0.772047 0.47012 -0.197859 -0.379187
3.28552 0.497367 0.499 -0.838785 0.255003 0.124734 0.464601
-2.20943 -1.00568 0.504939 0.307884 -0.65814 0.333604 0.600639
0.967899 -0.865741 0.499 -0.559183 0.391333 -0.48085 -0.550415
-2.25841 -2.02325 0.49905 -0.150594 -0.292385 -0.853697 0.403775
3.85984 1.53011 0.499 0.205091 0.751237 0.617771 -0.109265
-1.38295 0.137393 0.499007 0.64603 -0.342244 -0.668513 0.136398
4.30513 3.90086 0.499 0.543524 -0.500426 -0.601907 0.303092
-1.10447 1.5043 0.499 -0.737003 0.613841 0.219395 0.178583
1.07488 -2.78232 0.499256 0.55122 0.826644 0.0332386 -0.108221
1.12229 0.124891 0.499016 0.325503 -0.86296 0.385574 -0.0260968
