99.6 1.62818 0.767475 1
0.710963 -0.208485 0.498993 -0.771464 -0.399153 -0.215667 -0.446103
2.37509 2.91458 0.499 0.0882302 0.734996 0.633963 -0.223801
1.35096 0.930554 0.498995 0.240179 -0.222234 0.943834 -0.0458618
-1.27768 -0.0967029 0.498998 0.18414 0.338749 0.793529 -0.470801
-3.10297 -0.353929 0.499 -0.400769 -0.153776 -0.171832 -0.886685
2.35509 0.94329 0.499 0.0554417 -0.752343 -0.0462975 -0.6548
-0.268107 0.058848 0.499024 -0.0167223 0.254157 0.888259 0.382257
-2.06285 -0.801285 0.499 0.337326 -0.543949 0.36928 -0.673768
-0.526792 -3.8179 0.532208 -0.272101 0.721766 0.0564901 0.633896
-0.954033 0.84944 0.499002 -0.174329 -0.646444 0.375301 0.64099
-1.62543 -3.8155 0.498978 0.286817 0.530247 -0.385046 0.698795
-0.138617 -1.30197 0.500108 0.537662 -0.337011 0.389125 -0.667776
1.70866 -0.371505 0.498073 -0.562691 0.304334 0.200581 -0.741975
0.931423 -1.29583 0.499 0.620927 -0.0446951 -0.712685 0.323314
-1.78529 -2.5736 0.499 0.476715 0.541864 -0.416781 -0.552648
-2.65605 1.90772 0.499 -0.342318 0.0530226 0.932399 0.103149
-1.56813 2.08341 0.499 0.812029 -0.355005 -0.314188 0.340392
1.34041 3.67514 0.499 -0.390324 -0.689608 -0.60703 0.0600259
0.742683 2.05368 0.499 -0.470098 0.125116 0.827284 0.280987
-2.38876 -1.7572 0.499 -0.525351 -0.615392 0.147846 -0.568718
-0.563046 2.03307 0.499 -0.707491 0.217706 0.189533 -0.645087
-2.94507 0.791169 0.499 0.100177 -0.401786 0.865451 -0.282006
0.344635 0.875581 0.499005 -0.237866 -0.000723753 -0.813824 0.530197
-1.02441 3.06978 0.499 -0.238109 -0.951222 -0.189119 0.0521028
-0.227643 -2.30044 0.498393 0.42362 -0.287956 0.369242 -0.775427
