36.3 -1.61468 -0.795494 1
-1.7317 1.45959 0.499 0.41177 -0.892583 0.00576755 0.183598
0.643647 -1.05853 0.499 0.566053 -0.820363 -0.0695512 0.0418506
-1.31819 -2.47569 0.499 -0.0255309 0.99761 -0.0639101 0.00608977
1.50291 0.347504 0.499 0.241375 -0.586156 0.0541977 0.771506
-1.15529 0.575295 0.499 -0.336165 0.686262 -0.513414 0.390439
-2.42091 -3.05309 0.499 -0.741695 0.1621 -0.571427 0.311583
-1.34486 -1.36821 0.499 0.613601 0.581965 -0.49432 -0.201142
-0.832906 -0.37641 0.499 -0.589896 0.75345 -0.287977 -0.0374834
-2.44431 -0.226532 0.499 0.00241141 -0.358861 -0.847752 0.39055
1.11827 -1.94078 0.499 -0.218344 -0.110176 -0.284979 0.926809
-1.91412 2.62815 0.499 -0.865075 0.0930724 -0.381908 0.311656
1.72159 -0.634589 0.499 0.596023 -0.11438 -0.426201 -0.67084
-4.21234 -3.45399 0.499 -0.222015 -0.242727 -0.821367 -0.465993
-3.35186 1.72249 0.499 -0.721672 0.0909997 0.185045 0.660808
-2.41168 -1.32248 0.499 -0.587462 -0.557623 -0.39557 -0.432977
4.04033 -0.466973 0.499 -0.626982 -0.0485594 0.157661 0.761366
-4.12761 -0.604226 0.499032 0.276969 0.511631 -0.08751 0.808619
0.385426 -0.00990839 0.499 -0.633781 0.00662754 -0.490891 -0.597749
-4.0749 -2.46101 0.499 -0.314358 -0.252598 -0.627278 0.666255
3.26915 0.472636 0.499 0.57999 -0.284668 -0.733783 -0.21009
-3.71452 -1.51692 0.499016 0.734466 -0.225013 -0.514867 -0.38058
2.0562 3.10586 0.499 -0.200089 0.185343 -0.795576 -0.540991
-3.10736 0.576286 0.499 0.421825 -0.201709 -0.71485 -0.519968
2.87828 -2.73418 0.499 -0.390799 0.605892 -0.444633 0.531482
-3.01069 -2.22992 0.498952 -0.2036 -0.905952 -0.359626 -0.0920119
