114.9 -0.568085 1.708 1
-0.978433 -2.38231 0.499 -0.084478 0.788625 -0.154036 -0.589243
-0.335947 2.8751 0.499 0.446173 0.327177 0.424903 0.716479
2.37064 1.55056 0.499 -0.246278 0.00752865 -0.429128 -0.868988
-1.43157 0.555235 0.499 -0.221283 0.183777 -0.0202537 0.957523
1.01841 -0.462052 0.499 -0.0429014 -0.542986 -0.831721 -0.107544
-1.34427 4.29908 0.499 0.471681 -0.180538 0.26834 0.820315
-1.70829 -1.68984 0.49901 0.498276 -0.800551 0.275645 -0.186706
-1.93339 1.5791 0.498811 -0.113203 -0.2039 0.872998 -0.42835
-2.81443 -1.95306 0.499 -0.364053 0.0118457 -0.286318 -0.886198
-0.143332 0.517725 0.499 0.633441 -0.324799 0.0680429 0.69902
-2.57828 0.470526 0.499 0.450527 0.585436 0.365425 0.566352
-0.166064 -0.545619 0.499 -0.121885 -0.83568 0.492865 0.209445
2.52524 -2.0097 0.499 0.09459 0.931099 0.0146938 0.351982
-2.22922 -2.85852 0.499 0.678057 0.704249 -0.0198608 -0.20947
-2.92061 1.42541 0.499193 -0.15524 -0.410074 -0.556612 0.705637
-4.29064 1.31248 0.499 0.0227906 0.859212 0.511043 0.00842299
-1.73139 3.24745 0.499 0.324096 0.173404 0.602781 -0.7082
-2.42538 4.25537 0.499 0.422843 0.22236 -0.687003 0.547528
1.18592 1.05032 0.499 -0.565607 0.63169 0.508661 -0.149403
-2.4262 2.46115 0.499 -0.824464 0.0893219 -0.441174 -0.342996
-0.990218 1.93258 0.498997 0.519113 0.817698 0.122665 -0.216435
-3.7477 2.33446 0.499 -0.771159 -0.429703 0.458188 -0.103598
-0.256912 -1.57044 0.499 0.148804 -0.637449 -0.736163 0.171989
1.30964 -1.46557 0.499 0.02081 -0.232816 -0.100188 -0.967123
-1.92927 -0.667938 0.498099 0.429005 -0.816442 -0.328138 0.204215
