2.5 1.79802 0.0843273 1
3.75596 0.893656 0.499 0.998187 0.0601782 0.00140867 -2.83209e-05
5.35016 1.79945 0.499 0.998187 0.0601782 0.00140867 -2.83209e-05
2.95886 -3.23678 0.499 0.998187 0.0601782 0.00140867 -2.83209e-05
1.47335 4.26322 0.499 0.998187 0.0601782 0.00140867 -2.83209e-05
4.80668 0.893656 0.499 0.998187 0.0601782 0.00140867 -2.83209e-05
2.27045 -5.12084 0.499 0.998187 0.0601782 0.00140867 -2.83209e-05
4.87915 -2.6933 0.499 0.998187 0.0601782 0.00140867 -2.83209e-05
5.92987 -2.6933 0.499 0.998187 0.0601782 0.00140867 -2.83209e-05
3.86465 -0.917938 0.499 0.998187 0.0601782 0.00140867 -2.83209e-05
4.87915 -0.917938 0.499 0.998187 0.0601782 0.00140867 -2.83209e-05
0.857407 1.61829 0.499 0.998187 0.0601782 0.00140867 -2.83209e-05
1.40089 2.52409 0.499 0.998187 0.0601782 0.00140867 -2.83209e-05
1.21973 -5.12084 0.499 0.998187 0.0601782 0.00140867 -2.83209e-05
-0.193318 5.16902 0.499 0.998187 0.0601782 0.00140867 -2.83209e-05
4.3719 -1.82374 0.499 0.998187 0.0601782 0.00140867 -2.83209e-05
3.82842 2.70525 0.499 0.998187 0.0601782 0.00140867 -2.83209e-05
2.19799 -0.084605 0.499 0.998187 0.0601782 0.00140867 -2.83209e-05
0.386392 4.29945 0.499 0.998187 0.0601782 0.00140867 -2.83209e-05
0.386392 -2.04113 0.499 0.998187 0.0601782 0.00140867 -2.83209e-05
0.893639 3.39366 0.499 0.998187 0.0601782 0.00140867 -2.83209e-05
2.95886 -1.42518 0.499 0.998187 0.0601782 0.00140867 -2.83209e-05
3.03132 3.35742 0.499 0.998187 0.0601782 0.00140867 -2.83209e-05
-0.736796 0.748728 0.499 0.998187 0.0601782 0.00140867 -2.83209e-05
5.31393 0.0240906 0.499 0.998187 0.0601782 0.00140867 -2.83209e-05
1.90813 -3.20055 0.499 0.998187 0.0601782 0.00140867 -2.83209e-05
