77.4 0.896437 -1.5609 1
-0.834477 -0.938524 0.536647 -0.216459 -0.186341 0.259397 -0.92257
-3.2243 -0.342311 0.532459 -0.153239 -0.611787 0.592094 -0.501657
1.73626 -5.47204 0.499 0.920863 -0.266743 -0.234981 0.160137
-1.60141 -6.16285 0.499 -0.0348305 -0.712479 0.695824 0.0836084
-2.38985 -4.16925 0.499 0.549772 -0.263375 0.737861 -0.289734
-4.34029 -0.991601 0.49915 -0.574329 -0.550684 -0.572681 -0.197306
-1.20443 0.0501017 0.499166 0.907628 -0.366984 0.140343 -0.147776
0.912723 -1.70035 0.499009 -0.635095 -0.319296 -0.0242698 -0.702934
2.79387 -0.0117202 0.499 0.109253 -0.875944 0.464977 -0.06769
-2.5436 -1.17572 0.499 -0.472734 -0.528836 -0.0865623 0.699544
4.19645 -1.2271 0.499 0.795121 0.397582 0.432738 0.149831
-0.457324 -5.5597 0.499 0.738362 0.0461952 0.195612 -0.643757
-3.14773 1.79443 0.499 -0.640686 -0.638047 0.206769 -0.373716
2.18275 2.0571 0.499 0.774189 0.590807 0.0343983 -0.224487
1.80734 -0.294266 0.499 0.576651 -0.630271 -0.110111 0.508042
-0.00094796 -2.80565 0.499 0.399777 -0.525535 -0.480463 -0.577189
-3.81279 -1.86169 0.540609 -0.586586 0.285216 0.0214148 -0.757701
-2.23419 -0.0252833 0.499307 0.0493255 -0.385806 0.849603 -0.356224
-4.61067 -2.44076 0.510053 0.144564 0.238877 0.959146 -0.045578
-1.30196 -4.02387 0.499 0.356153 0.422537 0.683487 0.476931
-4.19176 0.0379889 0.499173 0.613008 0.40208 0.0180626 0.679873
-0.0839625 -1.61923 0.498991 0.441403 -0.702411 -0.377051 -0.411843
1.55922 1.15545 0.499 0.154403 -0.480123 0.762319 -0.405599
-1.47313 -2.42275 0.499 -0.0326601 0.169493 0.389751 -0.904599
-0.551345 1.15417 0.499 0.764339 -0.0288012 -0.634005 0.113992
