78.3 1.75467 -0.401428 1
-0.662751 -0.855768 0.511197 -0.759994 0.304017 0.573876 0.0254899
-2.49684 -0.436295 0.498168 0.183473 -0.926201 0.102947 -0.312876
1.96731 -5.63145 0.504042 0.568845 -0.160877 -0.806503 -0.00932568
-1.21951 -5.62188 0.495157 0.396485 -0.662632 0.619306 -0.142053
-2.14997 -3.96847 0.499137 0.673251 0.144216 0.270465 -0.672891
-3.9444 -0.971081 0.518841 -0.55805 -0.760807 -0.113867 -0.311106
0.0118994 0.505467 0.499 0.917338 -0.167865 0.252659 0.25783
0.845814 -1.6933 0.499 -0.723527 0.246098 0.641696 -0.0645878
3.22919 0.143585 0.499 0.158218 -0.688671 0.375799 -0.599561
-1.51338 -1.37224 0.496912 -0.0947698 -0.482169 0.440478 0.751339
4.76605 -1.68769 0.499 0.5536 0.628854 0.00198226 0.545954
-0.159677 -5.61989 0.520359 0.639509 0.575022 -0.396056 -0.32174
-2.43771 1.80471 0.499002 -0.73978 -0.050382 0.596014 0.308145
2.54669 2.41102 0.499 0.797163 0.432899 -0.402571 0.122742
2.27898 -0.429156 0.499 0.504128 -0.588792 -0.575809 0.260044
-0.323216 -2.78741 0.499 -0.712045 0.0952909 -0.442898 -0.536426
-2.50032 -1.48603 0.503666 -0.447606 0.442779 0.0856002 -0.772184
-1.06865 0.24465 0.499 0.266404 -0.716543 0.601913 -0.23086
-3.38436 -1.94122 0.498164 0.43195 0.430949 0.592446 -0.526033
-1.02701 -4.07188 0.534845 0.653033 -0.294498 0.232222 0.657945
-3.43925 -0.10207 0.503724 0.839344 0.287528 -0.459211 -0.0442135
-0.244971 -1.76466 0.498515 0.541235 0.0588728 -0.770414 -0.331754
2.23438 1.3362 0.499 -0.014874 0.0713691 0.830915 -0.551603
-1.5095 -2.44513 0.499 0.148608 0.913167 0.138592 -0.353319
0.0368125 1.61616 0.499 0.439694 -0.326911 -0.835875 0.0333487
