37.6 -0.688523 -1.66311 1
-1.7802 1.67039 0.499 -0.529664 -0.488738 0.141154 -0.678724
0.850896 -1.47621 0.499 0.0241588 -0.776629 -0.123118 -0.617338
-1.36723 -2.24664 0.499 0.672256 0.0828377 -0.266213 0.685814
1.89588 -0.178774 0.499 0.206462 -0.898108 0.286516 0.262076
-1.14386 0.793424 0.499 0.112099 0.135335 0.522757 0.834172
-2.39432 -3.1683 0.499 -0.590135 0.277036 0.489237 0.579343
-1.28429 -1.16013 0.499 0.25432 -0.211229 -0.563025 0.757434
-0.779782 -0.14858 0.499 0.292218 0.437276 -0.00259439 0.850524
-2.42209 -0.288531 0.499 -0.77586 -0.475674 -0.0267943 0.413591
1.38101 -2.33278 0.499 -0.33105 -0.541513 0.331857 0.697883
-1.92215 2.90756 0.499 -0.23922 0.48134 0.756007 0.373549
2.10364 -1.16773 0.499 0.229478 0.0668561 -0.857684 -0.455245
-4.51442 -3.63194 0.499 -0.830511 0.519059 -0.165654 0.11571
-3.51138 1.62 0.499 0.0830306 -0.0812099 0.974118 0.193919
-2.46776 -1.40784 0.499 -0.875281 0.409683 0.162834 -0.198815
4.55098 -0.957796 0.499 -0.406505 -0.0998461 0.648819 0.635467
-4.25558 -0.80359 0.499 0.442369 -0.62924 0.0447036 0.637471
0.59842 -0.393605 0.499 -0.588589 0.749426 -0.157483 -0.25908
-4.30021 -2.64965 0.499 -0.528457 -0.608589 0.498193 0.319618
3.7975 0.0509093 0.499 0.0725317 -0.456923 -0.88631 -0.0203705
-3.833 -1.7617 0.499 -0.22742 -0.150237 -0.958956 -0.0781807
2.32095 2.85795 0.499 -0.528029 0.456524 -0.682992 0.215161
-3.20271 0.459985 0.499 -0.559003 0.0732837 -0.822022 0.0801547
3.29295 -3.09281 0.499 -0.169716 0.346568 0.0346259 0.921894
-3.07085 -2.4294 0.499 -0.825591 -0.229731 0.059019 -0.511997
