60.8 -1.53477 0.94047 1
-0.136153 3.56302 0.499 0.724873 -0.447926 -0.0488757 -0.521088
-0.991629 -0.111705 0.499 -0.315394 -0.651955 -0.488158 -0.487015
1.70562 -1.18057 0.499039 0.066445 0.104365 -0.982489 0.139312
1.59772 -2.58713 0.498998 0.750948 0.0801003 -0.111623 0.645911
0.684617 1.86604 0.499 -0.818254 0.521255 0.146565 0.19306
-2.0675 -0.371069 0.498988 -0.42428 0.0791928 0.249481 -0.866876
1.06323 0.0880582 0.499 -0.847364 0.483919 -0.214988 -0.0397084
2.07458 -0.209513 0.499 -0.542014 0.494706 0.355694 0.578765
-0.524194 2.31445 0.499 0.452068 -0.411112 -0.211638 0.762778
-0.610622 -1.16656 0.499 -0.773779 -0.133234 0.426158 0.449338
2.30262 0.948095 0.499 0.16569 0.688955 0.55945 -0.430004
0.852995 -1.91164 0.498993 0.199087 0.0299196 -0.63698 -0.744128
-2.7435 0.371631 0.499012 -0.107599 -0.715905 0.647438 -0.238176
0.401118 0.884902 0.498999 -0.161811 0.568405 0.24863 -0.767408
-0.820097 1.32708 0.499 -0.0486431 0.820831 0.528129 -0.212016
2.38089 -1.92263 0.498961 0.408083 -0.355662 -0.792757 -0.280195
-1.82455 -2.18822 0.499 -0.591973 0.113242 -0.667369 -0.43745
0.399513 -0.988616 0.499001 -0.541967 -0.837649 0.0449267 -0.0509694
-2.77236 -2.67486 0.499 0.60713 -0.545455 -0.134115 -0.562036
3.03824 -0.854256 0.499 0.0591725 -0.0432032 -0.786304 -0.61348
-3.04725 -1.46614 0.499 -0.449381 -0.389856 -0.645274 0.47926
0.98074 3.34734 0.499 -0.225036 -0.785811 0.575297 0.0298869
-1.9443 1.37954 0.499 -0.639985 0.367893 -0.666659 -0.103146
-0.00298225 -2.4308 0.499019 0.519619 0.12145 -0.2955 -0.792418
0.0403922 -0.0552416 0.499001 0.453139 0.741809 -0.19146 -0.455772
