97.1 -0.496071 -1.73029 1
-0.108502 -0.399099 0.499 0.0415653 0.0358516 -0.971152 -0.232056
1.14186 1.81448 0.499 -0.825394 -0.255196 0.495318 0.0908806
0.472942 0.525129 0.499 -0.20497 -0.700423 0.306804 0.610956
-2.414 -1.63738 0.499 -0.640548 -0.555896 -0.15784 0.505732
-4.98811 -1.92567 0.499 0.251397 -0.297856 0.814424 -0.429877
1.59651 0.564365 0.499 0.601929 -0.49685 -0.621943 0.0633059
-1.51769 -0.285295 0.498976 -0.693178 0.304818 0.227562 0.612214
-3.53677 -1.65686 0.499 0.132969 -0.862213 -0.162147 -0.461103
0.210342 -3.61866 0.499 -0.147256 -0.690286 0.308596 -0.637643
-2.64536 -0.37127 0.499 0.00569481 -0.833851 -0.549138 0.0557511
-1.14687 -3.90072 0.499 0.00889546 0.529545 -0.0613659 -0.846013
-0.577736 -1.29671 0.499 0.607133 -0.309203 -0.164253 0.713304
1.68287 -0.526736 0.499 0.667855 -0.734364 -0.0170658 -0.119949
0.697244 -1.03364 0.499 -0.503431 0.631032 0.575254 0.132057
-0.824922 -2.91762 0.499 0.476283 -0.227507 -0.0643906 0.846905
-3.69802 -0.546761 0.499 0.26426 -0.498972 0.134003 0.814393
-2.38714 0.605762 0.499 -0.010482 0.499041 0.738556 0.453192
0.391083 2.71581 0.499 0.755256 -0.211675 -0.620239 -0.00924779
-0.618789 1.41468 0.499 0.0578811 -0.450889 0.623292 -0.636283
-4.71093 -3.21202 0.499 0.312785 -0.289698 0.85526 0.294569
-1.38659 2.50254 0.499 0.841486 -0.00503536 -0.0455058 -0.538335
-5.63568 -0.207844 0.523204 -0.472947 0.670367 0.299947 -0.486787
-0.782036 0.401826 0.499024 0.375363 0.0900492 -0.56932 0.725857
-3.0093 2.06419 0.499 0.661033 0.00333103 -0.0688897 -0.747181
0.85211 -2.43836 0.499 0.127993 0.30014 -0.627099 0.707305
