21.9 -1.61655 -0.79168 1
1.52982 0.35845 0.499 -0.430633 0.762846 -0.21417 0.432148
3.00549 0.723391 0.499 -0.3793 0.917971 -0.0781696 -0.0857339
1.16648 -4.22536 0.499 -0.338187 0.580835 -0.491035 -0.554206
0.497758 4.01283 0.499 -0.39795 0.203871 -0.879735 0.161672
2.48636 -0.254976 0.499 0.20245 0.850789 -0.254054 -0.413072
0.266749 -3.63701 0.499 -0.597654 0.701419 -0.386256 -0.040354
1.49255 -3.23329 0.499 0.887387 0.10124 -0.439927 -0.0935936
1.69932 -2.25448 0.499 -0.0197685 -0.443862 -0.779216 -0.44206
0.953139 -0.590979 0.499 -0.0428602 0.312804 -0.845736 0.430172
2.6034 -1.61052 0.499 -0.346893 0.769594 -0.505416 0.17873
-0.146817 1.28973 0.499 -0.441747 0.106042 -0.881859 0.126252
0.597464 1.97672 0.499 -0.294344 0.0982134 -0.941811 -0.12926
-0.687377 -3.24789 0.499 -0.573251 0.700739 -0.422969 0.0380111
-1.24265 4.40918 0.499 -0.534089 -0.0959122 -0.797626 -0.263331
0.946349 -1.59494 0.499 0.0683058 -0.162234 -0.937836 -0.29913
2.51258 2.11906 0.499 -0.802522 -0.0306662 -0.595714 0.0119547
-0.0702856 -0.501844 0.499 -0.375683 0.804148 -0.323054 0.328395
-0.505473 3.6562 0.499 -0.242991 0.396191 -0.837727 -0.286709
-0.76719 -2.24843 0.499 -0.548854 0.201166 -0.789252 0.188074
0.154781 2.8885 0.499 -0.234068 -0.00848926 -0.968236 -0.0875144
-0.0926867 -1.50941 0.499 0.431012 0.157473 -0.888373 0.0149835
2.05573 3.10704 0.499 -0.39795 0.203871 -0.879735 0.161672
-1.71239 0.49834 0.499 -0.39795 0.203871 -0.879735 0.161672
3.425 -0.907395 0.499 -0.383499 0.72999 -0.399975 -0.400079
0.534934 -2.51027 0.499 -0.671645 0.0105379 -0.740629 0.0158147
