113.1 1.74723 0.43265 1
0.248196 -4.80605 0.500094 -0.335224 -0.108712 0.00301901 -0.93584
-0.0414221 1.45725 0.5115 0.515913 0.357065 0.695226 0.350712
1.83653 0.46005 0.499 -0.165292 0.142124 -0.36784 -0.903976
-2.05938 -0.987301 0.498662 0.485148 -0.671939 0.513452 0.222479
-0.0675026 -0.837981 0.498755 -0.922856 0.0890154 -0.170791 0.333532
-0.0550198 3.12425 0.499009 -0.513954 0.440054 0.348782 0.648502
-0.882768 -2.90445 0.499 -0.53437 -0.752084 0.00366545 -0.385751
-2.00315 0.104041 0.498999 0.794039 -0.238396 0.559167 0.00152213
-2.22113 -3.06085 0.499 -0.661963 0.314606 -0.126653 -0.668421
-1.0706 -0.80901 0.499464 -0.802228 -0.11724 -0.58491 0.0237729
-3.0611 -1.00203 0.502451 -0.193375 -0.407328 0.228515 0.862827
-1.46147 -2.04633 0.498457 0.129547 -0.739856 0.629797 -0.197958
1.41037 -1.89186 0.499 0.890446 -0.272622 0.071584 0.357294
-1.28618 -4.09272 0.499 0.6058 -0.0870457 0.75094 -0.248031
-3.00193 0.0361296 0.499024 0.0275381 -0.857497 0.440059 0.265121
-4.00241 -0.00261991 0.506665 0.139576 -0.603529 0.634143 0.462746
-1.0392 1.64895 0.499173 0.839077 0.329662 0.178638 -0.39416
-0.991774 2.77431 0.498991 0.907041 -0.177242 -0.368078 0.101881
0.866503 -0.0837529 0.499 0.373689 0.427076 0.730612 0.379695
-2.08463 1.19762 0.499 -0.853244 0.444246 0.0521654 0.268138
-1.14122 0.614945 0.498999 0.400067 0.765797 -0.402507 0.302472
-3.16248 1.41311 0.499 -0.630749 0.566228 0.4978 -0.183674
0.160117 -3.65539 0.499 0.0133064 -0.451704 -0.599767 0.660353
0.225344 -1.93012 0.499 0.700529 0.282433 -0.189397 0.627391
-2.59637 -1.93289 0.499008 -0.510777 0.177516 -0.747499 -0.385798
