57.9 1.79991 0.0182116 1
0.689221 2.5884 0.499 0.472479 0.343854 -0.369869 0.722305
-0.335789 -2.61498 0.499 0.328305 -0.182024 -0.46048 -0.804389
3.28965 -2.92973 0.499 -0.497777 -0.166951 0.54215 0.656063
2.45998 -3.5912 0.499 0.0510044 0.639311 0.765578 -0.0506856
1.55334 1.2412 0.499 0.350122 0.421249 0.267293 -0.792792
-1.13834 -1.93858 0.499176 -0.304438 0.651941 0.661151 -0.212531
1.50787 -0.921281 0.499 0.030581 0.633972 0.197176 -0.747172
3.02154 -1.69427 0.499 -0.710717 0.674179 0.035574 0.197732
-0.0146327 -0.446091 0.499014 -0.106136 -0.215264 -0.607247 0.757395
-0.463312 -3.62824 0.499001 -0.0103648 -0.378208 0.407243 0.831267
2.83173 -0.471105 0.499 0.793045 -0.498151 -0.110354 0.332786
1.15221 -3.48905 0.499005 -0.529815 -0.0276179 -0.83991 -0.114389
-1.37798 -0.911176 0.499 -0.302731 -0.55469 0.311419 -0.709713
0.943642 0.158187 0.499 0.75038 -0.346118 0.263113 -0.497899
-0.288188 -1.40792 0.498987 -0.214704 -0.0140461 0.11702 0.969542
4.9555 -4.34863 0.499 -0.068269 -0.422989 -0.825226 -0.367998
-1.30782 -2.91646 0.498823 -0.390075 0.807596 -0.186451 0.401081
0.677807 -2.59817 0.499 0.137191 -0.758066 -0.410536 -0.487826
-1.94568 -3.75109 0.499001 0.031429 0.786703 -0.294732 0.54152
4.30113 -3.18008 0.499 0.414254 -0.0690069 -0.378674 0.824766
-2.23502 -1.49806 0.499 -0.404425 0.899595 0.0955409 -0.13432
1.81332 2.82296 0.499 -0.478355 -0.334785 -0.594002 -0.553405
-1.19412 0.0761158 0.499 -0.11559 0.680022 -0.11227 -0.715265
0.415986 -4.20277 0.498994 -0.515525 -0.0793211 0.729558 0.442365
0.718804 -1.59577 0.499 0.824378 0.350973 -0.412828 0.163684
