6.8 1.69285 0.611759 1
3.72591 1.04436 0.499 0.903223 0.422594 0.0740073 -0.0111938
5.32011 1.95016 0.499 0.903223 0.422594 0.0740073 -0.0111938
2.92881 -3.08608 0.499 0.903223 0.422594 0.0740073 -0.0111938
1.4433 4.41392 0.499 0.903223 0.422594 0.0740073 -0.0111938
4.77663 1.04436 0.499 0.903223 0.422594 0.0740073 -0.0111938
2.22395 -4.60817 0.499 0.99373 0.0748647 0.0555249 -0.0617458
4.8491 -2.5426 0.499 0.903223 0.422594 0.0740073 -0.0111938
5.89978 -2.54256 0.499019 0.903236 0.422571 0.073988 -0.0111448
3.8346 -0.767235 0.499 0.903223 0.422594 0.0740073 -0.0111938
4.8491 -0.767235 0.499 0.903223 0.422594 0.0740073 -0.0111938
0.827358 1.769 0.499 0.903223 0.422594 0.0740073 -0.0111938
1.37084 2.67479 0.499 0.903223 0.422594 0.0740073 -0.0111938
1.17322 -4.60817 0.499 0.99373 0.0748647 0.0555249 -0.0617458
-0.223367 5.31972 0.499 0.903223 0.422594 0.0740073 -0.0111938
4.34185 -1.67303 0.499 0.903223 0.422594 0.0740073 -0.0111938
3.79837 2.85595 0.499 0.903223 0.422594 0.0740073 -0.0111938
2.16794 0.0660988 0.499 0.903223 0.422594 0.0740073 -0.0111938
0.356343 4.45016 0.499 0.903223 0.422594 0.0740073 -0.0111938
0.356343 -1.89042 0.499 0.903223 0.422594 0.0740073 -0.0111938
0.86359 3.54436 0.499 0.903223 0.422594 0.0740073 -0.0111938
2.92881 -1.27448 0.499 0.903223 0.422594 0.0740073 -0.0111938
3.00127 3.50813 0.499 0.903223 0.422594 0.0740073 -0.0111938
-0.766845 0.899432 0.499 0.903223 0.422594 0.0740073 -0.0111938
5.28388 0.174794 0.499 0.903223 0.422594 0.0740073 -0.0111938
1.87808 -3.04984 0.499 0.903223 0.422594 0.0740073 -0.0111938
