32.4 -0.0343734 1.79967 1
-0.342047 0.826647 0.499028 -0.818787 0.561552 -0.0841755 0.0846211
1.28317 -0.210842 0.499112 -0.304784 0.510534 -0.711903 0.373705
0.074641 -3.16482 0.499 0.532834 -0.776765 0.317072 -0.110405
1.60514 2.02072 0.499 -0.762195 -0.0854526 -0.637633 -0.0719805
0.0631665 -0.0891752 0.498975 0.272367 -0.0325275 0.904295 -0.327123
-0.987146 -3.11733 0.499 0.278338 0.113642 0.439452 -0.84646
-0.041037 -2.11588 0.499 -0.135985 -0.457015 0.639019 0.603572
0.261424 -1.10109 0.499 0.968302 -0.164192 0.186575 0.0249457
-1.256 -0.0563376 0.499 -0.169488 0.862666 0.11471 -0.462517
1.61146 -1.15424 0.498888 -0.564814 0.0971641 -0.340495 -0.745391
-0.644449 1.7879 0.498992 0.533674 0.574452 0.405043 -0.470253
1.85646 0.804767 0.499 0.253746 0.907238 0.00401379 0.335434
-2.06342 -3.0339 0.499 0.607374 0.407713 0.585269 -0.349754
-1.62756 2.02799 0.499038 -0.146212 -0.403377 -0.444499 -0.78634
-1.03145 -1.03469 0.499 0.861965 0.393678 -0.216918 -0.234477
3.75409 1.00354 0.499 -0.27417 -0.428214 0.114375 -0.853453
-2.55046 0.107992 0.499 -0.938985 0.276548 0.161911 -0.124957
0.942075 1.21333 0.499 0.0804993 0.385234 0.701998 -0.59356
-2.19017 -2.04142 0.499 -0.0891348 0.693912 -0.104696 -0.70681
2.92983 1.73586 0.499 -0.356624 0.81837 -0.00970141 0.450551
-2.10035 -1.04528 0.499 0.0793084 0.915749 0.319803 0.229868
2.50768 3.84763 0.499 0.349593 0.646892 0.659398 -0.156558
-1.58156 0.931633 0.499 0.389456 0.765912 0.475942 0.187573
2.88003 -1.66026 0.499 -0.509489 -0.0939991 0.733764 -0.439517
-1.19271 -2.12306 0.499 0.569123 0.719434 -0.395562 -0.0452142
