80.8 -0.854714 1.58413 1
1.61797 0.567587 0.498985 -0.419258 0.543415 -0.573931 0.446684
-0.464556 0.912025 0.498987 0.400401 0.25521 0.560298 0.678685
2.28398 -1.57895 0.499 0.314903 0.585244 -0.628032 0.404847
-0.242918 -2.90266 0.499 -0.823299 0.206162 -0.514231 0.123461
-1.59279 -2.69562 0.499 -0.405219 -0.70544 0.179972 0.552957
-2.89746 1.28013 0.499 0.173904 0.429814 0.282883 0.83964
2.2868 1.73125 0.499 -0.610319 0.262369 -0.256134 -0.702188
1.54113 -0.444888 0.499003 0.00181147 0.674271 -0.312428 0.669136
3.72872 1.10229 0.499 0.0718293 -0.363049 0.915594 -0.15724
-0.0770301 -0.014881 0.498998 -0.101483 0.400132 0.472962 0.778398
3.30226 -1.08789 0.499236 -0.962705 0.216645 -0.122457 -0.106153
1.36438 -2.41429 0.498995 -0.262155 -0.949089 -0.166058 0.0541253
-0.949681 2.40604 0.499005 0.705027 0.184858 -0.35766 -0.583819
2.8463 3.87813 0.499 0.575984 0.673811 -0.271436 -0.37489
2.75315 -0.206426 0.514176 0.488177 0.408338 0.323214 -0.70034
-0.492664 -1.71082 0.499 -0.886088 0.375913 0.233497 0.137903
-1.50066 -0.16411 0.499 -0.565061 -0.406201 -0.309377 -0.648068
1.29005 1.52769 0.498101 -0.085303 0.784545 0.0193628 0.613871
-2.41312 0.395819 0.499 -0.526016 -0.146939 -0.717342 -0.432593
1.25349 -1.41171 0.499005 -0.393391 0.250897 0.0813034 0.880729
-1.31744 1.44945 0.49894 0.571042 -0.304767 0.326344 -0.68886
0.342516 -0.946241 0.499 0.158694 -0.259358 -0.577767 -0.757453
3.40518 2.32877 0.499 -0.680155 0.353307 -0.615009 0.185276
-1.40772 -1.16888 0.499 -0.249021 0.847677 0.0340775 0.467195
1.17091 3.63255 0.499 0.929453 -0.364781 -0.055093 -0.00409152
