15.8 -0.53442 1.71884 1
3.0895 1.36065 0.499 -0.348002 0.292942 0.39788 -0.796725
4.6837 2.26645 0.499 -0.348002 0.292942 0.39788 -0.796725
2.2924 -2.76978 0.499 -0.348002 0.292942 0.39788 -0.796725
0.806892 4.73022 0.499 -0.348002 0.292942 0.39788 -0.796725
4.13757 1.36504 0.499 -0.344723 0.295955 0.395825 -0.79806
1.34259 -3.11411 0.499 -0.0252688 -0.358411 0.655361 -0.664383
3.2095 -2.21055 0.499 0.102893 0.804845 0.556149 -0.179819
3.72143 -1.29521 0.499 0.944748 0.300023 0.106304 -0.0783336
2.69304 0.235955 0.499 0.220049 0.491278 -0.0276911 -0.842293
4.10924 -0.322253 0.499 -0.346792 0.485449 0.21134 -0.774216
0.19095 2.08529 0.499 -0.348002 0.292942 0.39788 -0.796725
0.734428 2.99109 0.499 -0.348002 0.292942 0.39788 -0.796725
0.33659 -3.01697 0.499 -0.0460576 -0.441343 0.654598 -0.612043
-0.859775 5.63601 0.499 -0.348002 0.292942 0.39788 -0.796725
2.79388 -0.863178 0.499 0.560041 0.569206 0.346494 -0.49224
3.16196 3.17225 0.499 -0.348002 0.292942 0.39788 -0.796725
1.53153 0.382391 0.499 -0.348002 0.292942 0.39788 -0.796725
-0.280065 4.76645 0.499 -0.348002 0.292942 0.39788 -0.796725
-0.280065 -1.57413 0.499 -0.348002 0.292942 0.39788 -0.796725
0.227182 3.86065 0.499 -0.348002 0.292942 0.39788 -0.796725
1.77494 -0.871222 0.499 0.0287071 0.569007 0.546577 -0.613726
2.36486 3.82442 0.499 -0.348002 0.292942 0.39788 -0.796725
-1.40325 1.21572 0.499 -0.348002 0.292942 0.39788 -0.796725
4.6705 0.517423 0.499 -0.329908 0.262485 0.394345 -0.81655
1.12682 -2.0858 0.499 0.110519 0.00928066 0.492745 -0.863077
