71.8 1.79046 0.185097 1
1.91115 -0.129061 0.499014 -0.0202518 0.0372159 -0.948495 -0.313946
-1.9222 -0.332159 0.49829 -0.871374 -0.0662843 -0.267015 0.406223
2.22348 -3.43406 0.499 0.304236 0.921268 0.0922099 0.224061
-0.377792 -1.91306 0.499 0.0895742 0.746442 -0.122046 -0.648001
0.806499 -1.02336 0.498243 -0.163734 0.826246 0.225635 0.489486
-3.00227 -1.93747 0.522291 -0.333943 -0.912133 0.236174 0.0267767
0.780712 -0.020922 0.505772 -0.38373 0.0796388 0.0453925 0.918884
3.64965 -0.883609 0.498998 0.269194 -0.0216398 -0.0281187 -0.962432
1.51694 0.791279 0.498985 0.348565 0.596703 0.289473 0.662309
-2.0318 -1.36902 0.499 -0.468038 -0.356772 0.168458 0.790744
2.41744 1.83799 0.499 -0.828107 -0.216007 0.183375 0.483687
1.06983 -2.09256 0.499 0.241467 -0.557666 0.0413742 -0.793089
-2.89733 -0.0959353 0.519259 -0.289828 -0.516582 0.134192 -0.79444
0.751717 1.47626 0.498968 -0.170079 -0.482424 -0.0454297 -0.858065
-0.24651 1.35533 0.499039 0.660756 0.469824 0.0350521 -0.584327
3.61676 -3.52996 0.499 -0.136456 0.443614 -0.870281 -0.164917
-1.55982 -2.29042 0.499 0.0371998 -0.52481 -0.134873 -0.839643
-0.566006 -0.0973055 0.499017 0.0347216 0.481997 0.59567 0.641601
-1.37778 -3.55668 0.499 0.965453 0.0658636 0.0689801 -0.242495
2.15434 -2.1657 0.499 -0.5353 0.792486 0.235011 0.173751
-3.49866 -0.933033 0.499115 0.977513 0.1548 0.14284 -0.0100848
2.65114 -0.803666 0.499003 -0.428198 -0.210464 0.616504 0.626318
-1.56667 1.60651 0.498018 0.637541 -0.447977 0.423801 -0.461791
-0.948515 -1.03591 0.499 0.508175 0.461552 0.102175 0.719922
-1.22365 0.659319 0.498971 -0.573081 -0.219104 0.0230196 -0.78933
