52.8 -0.844347 1.58968 1
0.519244 2.7593 0.499 0.553878 -0.246328 -0.281627 -0.743793
-0.303493 -2.01267 0.499 -0.226577 0.124634 -0.638047 0.725276
2.24363 0.419633 0.499 -0.749093 0.156209 0.63555 -0.102638
1.91595 -0.545372 0.499 -0.560803 -0.0446176 -0.789981 -0.243802
2.35081 2.9121 0.506429 0.354649 0.405871 0.337541 0.771725
-0.523438 -1.03379 0.499 0.919156 0.0796191 0.0293686 -0.384644
2.21229 1.4419 0.503675 0.0289515 -0.75028 -0.225011 0.620976
3.02218 2.00272 0.494942 0.715164 -0.375286 -0.290093 -0.513368
0.0703537 1.62122 0.499 0.205328 0.465963 0.857923 -0.0684649
-0.583597 -3.01087 0.499 0.414427 -0.0771999 0.50302 -0.754494
3.33032 2.98589 0.494105 -0.900309 -0.163832 -0.148613 0.374857
1.15976 -1.53814 0.499 -0.0308875 0.525883 -0.034769 0.849285
-0.739598 -0.0485147 0.499 -0.231304 -0.261386 -0.912081 -0.215137
1.59145 2.27897 0.499689 -0.442593 -0.471444 -0.665159 0.373383
0.208405 0.569454 0.499 0.236681 0.357233 0.405131 -0.807611
3.50372 0.612353 0.499 -0.277157 0.20728 -0.904236 -0.250151
-2.12269 -1.29871 0.499 0.142575 0.598445 -0.0535367 0.786556
0.812895 -0.590876 0.499 -0.164419 -0.196406 -0.824502 -0.504567
-2.15125 -2.3999 0.499 0.947065 -0.25884 0.18792 -0.0274797
4.05193 1.78679 0.499011 -0.406061 0.458688 0.330912 -0.717786
-1.73372 0.132033 0.499 0.981698 0.117347 -0.00519311 -0.149903
3.85143 3.8739 0.518314 0.814575 0.455336 -0.097331 0.345925
-0.851801 1.21685 0.499 -0.226109 -0.190734 -0.930051 -0.217945
0.734647 -2.51513 0.499 0.365931 0.417728 0.376952 -0.741286
1.20214 0.352518 0.499 0.0439298 -0.459911 0.555549 0.691316
