51.9 0.390127 1.75721 1
0.186156 2.77439 0.499 0.0498897 0.558119 -0.827108 -0.043666
0.139572 -2.23597 0.499 -0.404835 -0.0881185 -0.499041 0.761119
2.13593 0.375455 0.499 0.227724 0.304458 0.91344 -0.145173
2.02179 -0.619862 0.499 -0.83047 0.437906 -0.284226 -0.194352
2.12231 2.88096 0.499 0.511085 -0.663764 0.0547046 0.543338
-0.238592 -1.29302 0.498999 0.8735 0.432297 -0.195257 -0.109507
2.08192 1.40162 0.499 -0.507223 -0.84971 -0.0715755 -0.12488
3.04377 2.29985 0.499 0.0818935 -0.0483762 -0.819403 -0.565272
-0.0531642 1.5882 0.499 0.937256 0.274129 0.20514 0.0657451
0.157114 -3.33218 0.499 0.807889 0.251912 0.439133 -0.301692
3.5324 3.29494 0.499 -0.291086 -0.307053 0.897887 0.121596
1.33297 -1.7355 0.498187 -0.110327 -0.138518 0.0785902 0.981053
-0.552905 -0.334926 0.498994 -0.531773 -0.246899 -0.773673 -0.240186
1.35993 2.20504 0.499 -0.919167 -0.280657 0.18446 -0.205764
0.244062 0.597854 0.499 0.698653 0.530187 -0.0893753 -0.472014
3.33587 0.53767 0.499 -0.896953 0.240689 -0.112815 0.353295
-2.18009 -1.04015 0.499098 0.34539 -0.476861 0.234392 0.773543
0.958481 -0.809455 0.499468 -0.536913 0.295611 -0.526456 -0.589222
-2.22537 -2.07578 0.499001 0.155296 -0.367001 -0.846145 0.353881
3.88262 1.62164 0.499 0.0343487 0.754098 0.625884 -0.196024
-1.43453 0.154898 0.49901 0.758127 -0.228309 -0.608037 0.0583895
4.36125 3.96106 0.499 0.704533 -0.332436 -0.514696 0.358061
-1.05029 1.47266 0.499 -0.856154 0.505645 -0.0532599 0.0921279
1.02818 -2.71927 0.498999 0.522882 0.820692 0.102792 -0.206137
1.15549 0.173544 0.499 0.337035 -0.838312 0.415179 0.106148
