7 1.67983 0.646666 1
3.72219 1.05433 0.499 0.891679 0.444859 0.0826608 -0.0132779
5.31639 1.96013 0.499 0.891679 0.444859 0.0826608 -0.0132779
2.92509 -3.0761 0.499 0.891679 0.444859 0.0826608 -0.0132779
1.43958 4.4239 0.499 0.891679 0.444859 0.0826608 -0.0132779
4.77291 1.05433 0.499 0.891679 0.444859 0.0826608 -0.0132779
2.21816 -4.57326 0.499 0.99283 0.0748146 0.0621705 -0.0694746
4.84538 -2.53262 0.499 0.891679 0.444859 0.0826608 -0.0132779
5.87938 -2.51855 0.498968 0.898048 0.433666 0.0737148 0.00319276
3.83088 -0.757261 0.499 0.891679 0.444859 0.0826608 -0.0132779
4.84538 -0.757261 0.499 0.891679 0.444859 0.0826608 -0.0132779
0.823636 1.77897 0.499 0.891679 0.444859 0.0826608 -0.0132779
1.36711 2.68477 0.499 0.891679 0.444859 0.0826608 -0.0132779
1.16743 -4.57326 0.499 0.99283 0.0748146 0.0621705 -0.0694746
-0.227089 5.3297 0.499 0.891679 0.444859 0.0826608 -0.0132779
4.33813 -1.66306 0.499 0.891679 0.444859 0.0826608 -0.0132779
3.79465 2.86593 0.499 0.891679 0.444859 0.0826608 -0.0132779
2.16422 0.0760727 0.499 0.891679 0.444859 0.0826608 -0.0132779
0.352622 4.46013 0.499 0.891679 0.444859 0.0826608 -0.0132779
0.352622 -1.88045 0.499 0.891679 0.444859 0.0826608 -0.0132779
0.859868 3.55433 0.499 0.891679 0.444859 0.0826608 -0.0132779
2.92509 -1.26451 0.499 0.891679 0.444859 0.0826608 -0.0132779
2.99755 3.5181 0.499 0.891679 0.444859 0.0826608 -0.0132779
-0.770567 0.909406 0.499 0.891679 0.444859 0.0826608 -0.0132779
5.28016 0.184768 0.499 0.891679 0.444859 0.0826608 -0.0132779
1.87436 -3.03987 0.499 0.891679 0.444859 0.0826608 -0.0132779
