61.7 -1.73274 -0.487445 1
-0.347874 3.87818 0.499 0.413174 -0.742817 0.250285 -0.463538
-1.50037 0.458785 0.499 -0.745861 -0.288787 -0.526126 0.288937
1.0987 -0.617828 0.499 0.287641 0.0609286 -0.802728 0.518824
1.09331 -2.42132 0.499 0.750229 -0.446475 0.411979 0.260939
0.367318 2.20294 0.499 -0.509884 0.839455 -0.0182376 -0.187083
-2.48755 -0.110539 0.499 -0.174166 0.0452015 -0.580523 -0.794113
0.578707 0.320423 0.499 -0.19864 0.965506 -0.16105 -0.0490305
1.80594 0.295499 0.499 0.129795 0.855946 0.458282 -0.201215
-0.907444 2.99597 0.498992 0.517336 -0.23421 0.0877704 0.818416
-1.18921 -0.670362 0.499 -0.69567 0.264121 0.569635 -0.348997
2.06725 1.58497 0.499 0.413159 0.0431427 0.676499 -0.608101
0.429351 -1.61551 0.498984 0.438203 0.0552065 -0.81588 -0.373189
-3.34083 0.511436 0.499 -0.668671 -0.560861 0.343764 -0.346613
-0.00102469 1.24863 0.499 -0.0566693 0.319279 -0.425024 -0.845106
-1.18594 2.01624 0.499104 0.418339 0.289902 0.186098 -0.840426
1.70172 -1.47199 0.499 -0.0910582 -0.748292 -0.495361 0.431724
-2.26222 -2.26066 0.499 -0.155471 0.213436 -0.960661 -0.08605
-0.0420648 -0.630264 0.499028 -0.922682 -0.125032 0.134821 0.338893
-3.20014 -2.72541 0.500731 0.0271316 -0.979653 0.014217 -0.198348
2.56397 -0.406803 0.499 0.186193 0.0953717 -0.976463 0.0525088
-3.42805 -1.75393 0.497549 -0.234137 -0.145376 -0.686848 0.672521
0.628139 3.19689 0.499 -0.627402 -0.649602 0.394199 0.170266
-2.2998 1.5023 0.499 -0.0884562 0.378008 -0.862439 0.324783
-0.454144 -2.08388 0.499016 -0.344811 -0.707187 -0.436448 -0.436468
-0.421182 0.295047 0.498972 0.719448 0.51838 -0.133075 -0.442682
