83.1 -0.924768 -1.54428 1
1.26045 0.481982 0.499 0.616969 0.41713 0.664763 -0.0586709
-0.112736 1.58365 0.504094 -0.0871829 0.142794 0.335282 -0.927143
1.93895 -1.14654 0.499 0.796016 -0.561932 -0.11394 0.193931
0.336562 -2.62584 0.530244 0.617935 -0.533341 0.555696 0.157814
-1.58959 -2.75497 0.499 0.491837 0.822266 0.208778 -0.195928
-2.22085 2.57726 0.499 0.072203 -0.491631 -0.61367 -0.613592
0.866588 1.4022 0.498405 0.0772628 -0.25957 -0.683106 -0.678248
0.774912 -0.548767 0.499 0.00536978 0.149817 -0.827308 0.541376
3.35728 0.250884 0.499 -0.693938 0.0139559 0.719435 0.0258406
0.216465 0.632068 0.499 0.0581025 0.040844 -0.476375 -0.876369
3.32528 -0.871728 0.499179 -0.0423399 0.686192 0.317685 0.653012
1.70908 -2.15762 0.499 -0.313253 0.647849 0.616695 0.319141
-0.452275 3.47781 0.499 -0.896689 -0.414691 -0.14749 0.0471931
1.42966 2.4217 0.499326 -0.879097 0.0636833 -0.472366 0.0018337
2.42803 -0.149582 0.499 0.77931 0.0131134 0.217137 -0.58767
-1.16295 -1.35295 0.499 0.0491493 0.921674 -0.38465 0.0120862
-1.2769 0.561301 0.499 -0.000443066 0.136958 0.166794 0.976433
0.436935 2.53042 0.498674 0.0891665 0.221415 -0.968346 0.073017
-2.07392 1.58089 0.505504 0.291341 -0.050203 0.919853 0.25782
0.509305 -1.60028 0.499027 -0.225004 -0.0859929 0.965293 -0.100932
-1.09166 1.76326 0.495848 -0.911551 -0.313992 0.263877 -0.0292025
-0.472703 -0.543231 0.499 -0.790285 -0.580061 -0.196573 0.0183792
2.14862 1.12326 0.499 -0.0399488 -0.222985 -0.960586 0.161112
-1.8508 -0.519352 0.499 0.872606 0.145596 -0.150619 -0.44122
1.09356 3.42924 0.497156 -0.615281 0.200541 0.762272 -0.0123835
