3.5 1.79241 0.165119 1
3.75435 0.916741 0.499 0.99304 0.117649 0.00540436 -0.000213097
5.34856 1.82254 0.499 0.99304 0.117649 0.00540436 -0.000213097
2.95725 -3.21369 0.499 0.99304 0.117649 0.00540436 -0.000213097
1.47175 4.28631 0.499 0.99304 0.117649 0.00540436 -0.000213097
4.80508 0.916741 0.499 0.99304 0.117649 0.00540436 -0.000213097
2.2682 -5.05485 0.499001 0.99717 0.0749928 0.00458933 -0.00251519
4.87754 -2.67022 0.499 0.99304 0.117649 0.00540436 -0.000213097
5.92827 -2.67022 0.499 0.99304 0.117649 0.00540436 -0.000213097
3.86305 -0.894853 0.499 0.99304 0.117649 0.00540436 -0.000213097
4.87754 -0.894853 0.499 0.99304 0.117649 0.00540436 -0.000213097
0.855804 1.64138 0.499 0.99304 0.117649 0.00540436 -0.000213097
1.39928 2.54718 0.499 0.99304 0.117649 0.00540436 -0.000213097
1.21747 -5.05485 0.499001 0.99717 0.0749928 0.00458933 -0.00251519
-0.194921 5.1921 0.499 0.99304 0.117649 0.00540436 -0.000213097
4.3703 -1.80065 0.499 0.99304 0.117649 0.00540436 -0.000213097
3.82682 2.72834 0.499 0.99304 0.117649 0.00540436 -0.000213097
2.19638 -0.0615197 0.499 0.99304 0.117649 0.00540436 -0.000213097
0.384789 4.32254 0.499 0.99304 0.117649 0.00540436 -0.000213097
0.384789 -2.01804 0.499 0.99304 0.117649 0.00540436 -0.000213097
0.892036 3.41674 0.499 0.99304 0.117649 0.00540436 -0.000213097
2.95725 -1.4021 0.499 0.99304 0.117649 0.00540436 -0.000213097
3.02972 3.38051 0.499 0.99304 0.117649 0.00540436 -0.000213097
-0.738399 0.771814 0.499 0.99304 0.117649 0.00540436 -0.000213097
5.31233 0.047176 0.499 0.99304 0.117649 0.00540436 -0.000213097
1.90653 -3.17746 0.499 0.99304 0.117649 0.00540436 -0.000213097
