117.8 -0.293056 -1.77598 1
-2.36892 -0.821674 0.499 -0.318652 -0.814066 -0.0351984 0.484272
-0.479672 3.39054 0.499038 -0.27447 0.457359 0.53374 -0.656209
2.76403 2.35045 0.499 -0.385072 -0.24077 0.282644 0.844903
-0.36459 1.56781 0.499 0.719698 -0.514725 -0.455738 0.0969313
2.3245 -0.467962 0.499 0.067768 -0.262486 0.895294 0.353493
-2.13309 3.05443 0.499 0.727331 0.281238 0.543606 -0.310463
-3.35004 -0.381202 0.499 -0.725896 0.540516 0.304404 -0.297079
-1.52664 1.00489 0.499 -0.704866 0.271108 -0.655125 -0.0218246
-4.50314 -1.01107 0.494349 -0.153918 -0.227199 -0.0413621 0.960718
0.72188 1.61952 0.499 -0.407778 0.260736 -0.759512 -0.434599
-2.69889 0.44097 0.499031 -0.289476 -0.58229 0.0817327 -0.755289
1.28835 0.634788 0.499 0.440528 0.887791 0.0651684 -0.11626
2.20712 -3.05826 0.499 -0.128006 0.269221 -0.945651 0.129921
-3.91208 -1.81274 0.521277 -0.434624 -0.715242 -0.545088 -0.0490906
-4.29097 -0.0424922 0.497361 -0.104242 -0.52602 0.803902 -0.257251
-4.48159 1.41348 0.520404 -0.0836057 -0.626606 -0.664016 0.399322
-2.09583 1.8804 0.499 0.220785 -0.364473 -0.407044 -0.807916
-3.40583 3.08814 0.512418 0.940372 0.304894 0.100412 0.11251
1.88347 1.7802 0.499 0.264766 -0.164366 -0.571153 0.759386
-3.71465 0.770496 0.512729 -0.407599 -0.785467 0.241441 -0.39826
-1.19005 2.50063 0.499128 -0.6301 -0.487935 -0.58938 -0.132378
-3.96677 2.26654 0.496043 -0.22276 0.540435 -0.80899 0.0619866
-0.504233 -0.182974 0.498995 -0.329293 0.138208 0.928509 0.101667
3.04885 -1.65129 0.499 0.607833 0.780654 0.140952 -0.035376
-1.67004 -0.0323895 0.499 0.333238 0.095422 0.0938697 -0.933293
