1.9 1.79934 0.0487163 1
3.75633 0.88348 0.499 0.999395 0.0347711 0.00046959 -5.4539e-06
5.35054 1.78928 0.499 0.999395 0.0347711 0.00046959 -5.4539e-06
2.95923 -3.24695 0.499 0.999395 0.0347711 0.00046959 -5.4539e-06
1.47373 4.25305 0.499 0.999395 0.0347711 0.00046959 -5.4539e-06
4.80706 0.88348 0.499 0.999395 0.0347711 0.00046959 -5.4539e-06
2.27083 -5.13101 0.499 0.999395 0.0347711 0.00046959 -5.4539e-06
4.87952 -2.70348 0.499 0.999395 0.0347711 0.00046959 -5.4539e-06
5.93025 -2.70348 0.499 0.999395 0.0347711 0.00046959 -5.4539e-06
3.86503 -0.928114 0.499 0.999395 0.0347711 0.00046959 -5.4539e-06
4.87952 -0.928114 0.499 0.999395 0.0347711 0.00046959 -5.4539e-06
0.857783 1.60812 0.499 0.999395 0.0347711 0.00046959 -5.4539e-06
1.40126 2.51391 0.499 0.999395 0.0347711 0.00046959 -5.4539e-06
1.2201 -5.13101 0.499 0.999395 0.0347711 0.00046959 -5.4539e-06
-0.192942 5.15884 0.499 0.999395 0.0347711 0.00046959 -5.4539e-06
4.37228 -1.83391 0.499 0.999395 0.0347711 0.00046959 -5.4539e-06
3.8288 2.69507 0.499 0.999395 0.0347711 0.00046959 -5.4539e-06
2.19836 -0.0947808 0.499 0.999395 0.0347711 0.00046959 -5.4539e-06
0.386769 4.28928 0.499 0.999395 0.0347711 0.00046959 -5.4539e-06
0.386769 -2.0513 0.499 0.999395 0.0347711 0.00046959 -5.4539e-06
0.894015 3.38348 0.499 0.999395 0.0347711 0.00046959 -5.4539e-06
2.95923 -1.43536 0.499 0.999395 0.0347711 0.00046959 -5.4539e-06
3.0317 3.34725 0.499 0.999395 0.0347711 0.00046959 -5.4539e-06
-0.73642 0.738553 0.499 0.999395 0.0347711 0.00046959 -5.4539e-06
5.3143 0.0139149 0.499 0.999395 0.0347711 0.00046959 -5.4539e-06
1.90851 -3.21072 0.499 0.999395 0.0347711 0.00046959 -5.4539e-06
