97.6 0.320285 -1.77128 1
-0.028283 -0.470165 0.499028 -0.148912 0.0905559 -0.971679 -0.159574
1.36915 1.92403 0.499 -0.768308 0.170815 0.576147 -0.220408
0.525187 0.546818 0.499 -0.24913 -0.703342 0.619637 0.243504
-2.48998 -1.49267 0.499 -0.830485 -0.226875 0.416402 0.292288
-5.20629 -1.92457 0.499 0.333357 0.0544886 0.46439 -0.818686
1.685 0.548237 0.499 0.380426 -0.714474 -0.584076 0.0604855
-1.52186 -0.317394 0.499 -0.41041 0.347571 0.672333 0.508652
-3.688 -1.77744 0.499 -0.102529 -0.638757 -0.253424 -0.719204
-0.0205031 -3.77643 0.499 -0.0451182 -0.179442 0.158781 -0.969821
-2.65256 -0.385359 0.499 -0.430205 -0.851767 -0.299011 -0.00304337
-1.45261 -4.11345 0.499001 0.0446674 0.805652 -0.194319 -0.557826
-0.59192 -1.32365 0.499 0.533519 -0.628033 -0.0390512 0.56516
1.62314 -0.597228 0.499 0.332068 -0.794574 -0.267793 -0.432054
0.695747 -1.16165 0.498972 0.0157673 0.715764 0.637993 0.283545
-1.17312 -3.14672 0.498999 0.324543 -0.6284 -0.205475 0.676436
-3.70758 -0.547737 0.499 0.175424 -0.710506 0.417164 0.538871
-2.42519 0.615179 0.499 0.483971 0.276938 0.780405 0.282922
0.551307 2.80176 0.499 0.510581 -0.478208 -0.651694 0.29312
-0.394249 1.33509 0.499 -0.176638 -0.301451 0.709257 -0.612276
-4.89809 -3.22928 0.50376 0.462123 -0.682457 0.544868 -0.154317
-1.26063 2.30946 0.499 0.6309 -0.0809808 -0.222666 -0.738801
-4.91381 -0.715139 0.499207 -0.502779 0.758646 0.0290652 -0.413309
-0.74542 0.341498 0.499 0.266802 -0.0453778 -0.548613 0.791063
-3.00566 2.23867 0.499 0.38422 -0.12762 -0.643479 -0.649633
0.618817 -2.52044 0.499 -0.21171 -0.173455 -0.263863 0.924915
