42.2 1.26721 1.27835 1
-2.32985 4.13436 0.499 -0.0793486 0.507749 -0.478555 0.711955
1.20618 -1.23608 0.499 -0.516144 0.120642 -0.365148 0.765315
-0.826678 -0.0208988 0.499 -0.0057191 -0.664652 0.724716 -0.181634
2.9083 -0.322915 0.499 -0.859135 0.462193 0.216163 -0.0392215
-1.25047 3.33627 0.499 0.927737 0.284257 0.0841866 -0.226747
-1.79185 -1.83523 0.499 0.691789 0.649987 0.225629 -0.219172
-1.21755 1.46693 0.498989 0.356934 -0.793314 0.418821 -0.260462
-0.8507 2.41531 0.498997 0.310973 -0.303876 0.390724 -0.81135
-2.40885 1.64081 0.499008 0.430388 0.539837 0.679978 0.246927
1.93266 -2.00178 0.499 0.063567 0.887035 0.444201 -0.10869
-0.920329 5.20382 0.499 0.236629 0.289958 0.652306 -0.659111
3.07744 -1.33617 0.499 0.0952175 -0.70428 0.111207 0.694662
-2.67149 -1.15597 0.499 -0.541586 0.725446 0.0735646 0.418331
-1.85341 2.50087 0.503976 -0.849231 -0.277991 0.229697 -0.385702
-1.82191 0.656816 0.498958 0.447717 0.787196 -0.0218261 0.423551
5.97986 -0.976481 0.499 0.199472 0.807928 -0.0789893 -0.548838
-3.81163 1.15652 0.499 -0.114069 -0.26912 0.437933 -0.850163
0.974036 -0.0332282 0.499 0.492649 -0.0609809 -0.822841 0.276604
-3.54922 -0.106833 0.499 0.550431 -0.0524484 0.752062 -0.358717
5.289 0.276721 0.499 0.0688944 -0.332951 0.754499 0.561363
-2.82714 0.718538 0.498993 -0.915105 -0.0597463 -0.384077 -0.107227
2.87971 3.69881 0.499 0.78524 -0.35186 -0.146739 0.487914
-3.46523 2.14673 0.499 0.254638 -0.222764 0.486439 0.805551
4.38216 -2.64372 0.499 0.831337 0.296687 0.126157 -0.452703
-2.12048 -0.296661 0.499046 -0.586715 0.0739192 0.521699 0.614923
