53.7 -1.68227 0.640279 1
0.602178 2.6783 0.499005 0.0262137 -0.848122 0.378156 -0.370135
-0.783541 -1.99672 0.499005 0.103448 0.494248 -0.393392 0.768284
2.26042 0.121001 0.498987 -0.869056 0.0206394 -0.271011 -0.413364
1.74189 -0.778125 0.499 0.0468735 -0.411498 -0.909362 0.0391455
1.93341 2.71438 0.499 0.50464 0.40257 -0.149904 0.748869
-0.878902 -0.994249 0.498995 0.639479 -0.538417 0.3218 -0.444544
1.88321 1.05592 0.496299 0.262015 -0.467863 -0.17809 0.825068
2.90663 1.15228 0.499058 0.734205 -0.392846 0.255465 -0.491276
0.182252 1.46997 0.499004 -0.587136 0.0981689 0.631583 -0.496726
-1.16762 -2.99602 0.49916 -0.0640001 -0.318172 -0.109679 -0.93949
2.93838 2.26324 0.499 -0.821652 -0.000381887 -0.498472 0.27643
0.959409 -1.52711 0.499 0.295035 0.909509 0.206884 0.207238
-1.00376 0.0032475 0.498998 0.255161 -0.243283 -0.935763 0.00738304
1.22359 1.85882 0.498997 -0.0136072 -0.0115044 -0.823496 0.567043
0.120183 0.354341 0.498508 -0.271646 -0.218984 0.35878 -0.865755
3.66237 0.477105 0.500633 0.808604 0.0129636 -0.563592 -0.168392
-2.07903 -1.75088 0.499 -0.013934 0.990539 0.0387791 -0.130896
0.631898 -0.55434 0.499 0.256109 -0.535375 -0.77254 0.225752
-2.17805 -2.84014 0.513633 0.145217 -0.0255089 0.896909 -0.416911
3.85752 1.44469 0.563264 -0.451793 -0.0379761 -0.219278 -0.86392
-2.04879 -0.0849751 0.499 0.759311 -0.030669 0.586717 -0.279767
2.66414 3.40715 0.499 0.643514 0.760847 -0.0606108 0.0576868
-0.680729 0.953234 0.499487 0.763121 -0.53577 -0.360583 -0.0240144
0.448545 -2.49903 0.499 0.134169 -0.367829 0.0746326 -0.917132
1.18939 0.341859 0.503268 -0.482219 0.28219 0.576633 0.596094
