43.8 -0.447018 1.74361 1
-3.2054 4.83178 0.499 0.675219 0.574977 -0.394682 0.240223
0.64539 -1.31217 0.499 0.448067 0.259364 -0.830198 0.206731
-0.948361 0.48821 0.499 -0.766114 0.116362 0.225457 0.590507
2.55899 -0.473781 0.498949 -0.413142 -0.30579 -0.855782 0.0586845
-1.74952 4.23848 0.498999 0.171814 -0.360186 0.914735 -0.0632844
-1.92454 -1.48829 0.499 -0.326624 -0.102635 0.484358 -0.805096
-1.59877 2.36195 0.499 -0.537338 -0.483698 0.35197 0.594492
-1.14054 3.44528 0.499001 -0.453089 -0.755206 0.313014 -0.355522
-2.84219 2.46763 0.499 -0.296244 0.41121 0.475142 -0.719296
1.44017 -2.04626 0.499 -0.718903 0.238832 0.0292355 -0.652137
-0.882563 5.73001 0.499 -0.911409 -0.30143 -0.142143 -0.241391
2.63135 -1.47658 0.498571 0.39809 0.564267 -0.0596768 0.720809
-2.73515 -0.381294 0.499 0.352752 0.37487 -0.75064 -0.41422
-2.13236 3.2422 0.499 -0.623081 -0.481172 -0.444281 0.42762
-2.09076 1.47121 0.499 0.378863 0.446251 0.158555 -0.7951
4.28392 -0.255056 0.499 0.301885 0.770106 -0.136052 -0.545244
-4.15789 1.8741 0.499 -0.657407 -0.741961 -0.124661 0.0420625
0.420315 -0.0674922 0.499 0.872245 0.442744 0.11982 -0.169733
-3.82561 0.636453 0.499 -0.786257 -0.0852328 0.477633 -0.382625
4.79499 0.87065 0.499 0.0765499 0.83387 0.274317 0.472812
-3.1059 1.35324 0.499 0.274563 -0.0351076 -0.952457 0.127311
2.38969 3.83167 0.499 0.571132 0.481654 0.620706 0.237784
-3.97174 2.95629 0.499 -0.374568 0.639191 0.596322 0.309085
3.29438 -2.2234 0.498757 0.440819 0.248996 0.534736 -0.676563
-2.14492 0.45089 0.499 -0.463838 0.622264 -0.611949 -0.152182
