14.7 -0.0896458 1.79777 1
3.21659 1.38321 0.499 -0.218609 0.505551 0.531402 -0.643615
4.81079 2.28901 0.499 -0.218609 0.505551 0.531402 -0.643615
2.41948 -2.74722 0.499 -0.218609 0.505551 0.531402 -0.643615
0.933977 4.75278 0.499 -0.218609 0.505551 0.531402 -0.643615
4.26731 1.38321 0.499 -0.218609 0.505551 0.531402 -0.643615
1.50806 -3.22792 0.499 0.28481 -0.221841 0.71402 -0.599871
3.59853 -2.20311 0.499 0.0852181 0.809655 0.574108 -0.0871576
4.12191 -1.34285 0.499 0.906103 0.41247 0.09353 0.00991835
2.96555 0.0750121 0.499 0.22778 0.660001 0.217641 -0.682017
4.30457 -0.354318 0.499 -0.21686 0.581337 0.44252 -0.647453
0.318035 2.10785 0.499 -0.218609 0.505551 0.531402 -0.643615
0.861514 3.01365 0.499 -0.218609 0.505551 0.531402 -0.643615
0.506364 -3.15498 0.499 0.26703 -0.302801 0.726521 -0.556034
-0.732689 5.65858 0.499 -0.218609 0.505551 0.531402 -0.643615
3.19375 -0.954747 0.499 0.464736 0.681339 0.393012 -0.406618
3.28905 3.19481 0.499 -0.218609 0.505551 0.531402 -0.643615
1.65862 0.404952 0.499 -0.218609 0.505551 0.531402 -0.643615
-0.152979 4.78901 0.499 -0.218609 0.505551 0.531402 -0.643615
-0.152979 -1.55157 0.499 -0.218609 0.505551 0.531402 -0.643615
0.354267 3.88321 0.499 -0.218609 0.505551 0.531402 -0.643615
2.19075 -0.89727 0.499 -0.0497489 0.617056 0.573423 -0.536612
2.49195 3.84698 0.499 -0.218609 0.505551 0.531402 -0.643615
-1.27617 1.23829 0.499 -0.218609 0.505551 0.531402 -0.643615
4.78388 0.525443 0.499 -0.211567 0.495265 0.532574 -0.652929
1.28129 -2.21781 0.499 0.197493 0.30246 0.606666 -0.708146
