110 -1.54004 -0.931809 1
1.31429 -3.56715 0.499 0.788897 0.537253 0.00748169 0.298235
1.76421 0.811947 0.498994 0.615511 -0.723739 -0.207988 0.23257
2.71866 0.509751 0.499041 -0.061332 0.357426 -0.158365 0.918371
-2.96588 -1.78033 0.498999 -0.661041 -0.586987 0.382769 0.268252
0.0796701 -0.117579 0.499 -0.640264 0.438979 -0.627121 0.0638696
1.95712 2.29919 0.499 0.769957 -0.308824 0.49985 0.248884
-0.171077 -2.28641 0.498033 0.661078 0.47149 -0.541594 -0.217596
-1.9556 -1.84681 0.498999 -0.486892 0.801631 0.0156694 -0.346523
-2.79947 -3.39208 0.499 0.968764 -0.130883 -0.0248011 0.209168
-0.973498 -1.61109 0.499 0.566241 -0.70022 0.355275 -0.250684
-3.90631 -1.43192 0.499001 -0.0387161 -0.412647 -0.87859 -0.237284
-1.10695 -2.64142 0.502151 0.0545442 0.562926 -0.518458 -0.641359
1.27748 -0.970125 0.510481 -0.371627 -0.399336 0.43916 0.713837
0.103876 -3.25521 0.499 -0.26645 -0.0695866 -0.960174 0.0471969
-3.47947 -0.152003 0.499 -0.646604 -0.105351 0.352944 0.668009
-4.92341 0.0845449 0.499 -0.218481 -0.782779 0.383811 0.438419
0.0446748 1.57374 0.499 -0.256612 -0.337994 0.905488 -0.00150883
1.02828 1.87342 0.499 -0.666438 0.546584 0.0320593 0.506042
1.14403 0.0202596 0.498259 -0.703416 -0.257782 -0.172968 -0.639403
-1.25849 1.42458 0.499 -0.599367 -0.745267 0.157892 -0.245778
-0.931786 -0.354562 0.499 -0.121396 0.0428477 0.983452 0.127469
-2.82599 2.21148 0.499 -0.524302 -0.174842 -0.269625 -0.788568
1.64768 -2.55387 0.499 -0.26445 -0.541953 0.457183 -0.65371
0.413098 -1.47488 0.49962 -0.0192615 0.679829 -0.0333446 0.732359
-3.77136 -2.71365 0.499 0.306466 -0.826433 0.47052 -0.0412049
