11.7 0.931867 1.54001 1
3.50847 1.30958 0.499 0.309957 0.802213 0.452219 -0.236386
5.10267 2.21538 0.499 0.309957 0.802213 0.452219 -0.236386
2.71137 -2.82086 0.499 0.309957 0.802213 0.452219 -0.236386
1.22586 4.67914 0.499 0.309957 0.802213 0.452219 -0.236386
4.55919 1.30958 0.499 0.309957 0.802213 0.452219 -0.236386
1.91704 -3.6783 0.498999 0.815164 0.0176188 0.447971 -0.366769
4.24147 -2.26176 0.499 0.426385 0.8522 0.284032 0.106191
5.08026 -1.71451 0.499004 0.853307 0.50155 0.0706338 0.123795
3.55379 -0.382634 0.499 0.434416 0.762283 0.429376 -0.214108
4.63664 -0.492688 0.499 0.3149 0.798866 0.449601 -0.245987
0.609917 2.03422 0.499 0.309957 0.802213 0.452219 -0.236386
1.15339 2.94001 0.499 0.309957 0.802213 0.452219 -0.236386
0.872649 -3.66016 0.499 0.81147 0.010162 0.454457 -0.367263
-0.440808 5.58494 0.499 0.309957 0.802213 0.452219 -0.236386
4.01491 -1.28006 0.499 0.459804 0.771279 0.346775 -0.271029
3.58093 3.12117 0.499 0.309957 0.802213 0.452219 -0.236386
1.9505 0.331319 0.499 0.309957 0.802213 0.452219 -0.236386
0.138902 4.71538 0.499 0.309957 0.802213 0.452219 -0.236386
0.138902 -1.6252 0.499 0.309957 0.802213 0.452219 -0.236386
0.646148 3.80958 0.499 0.309957 0.802213 0.452219 -0.236386
2.71137 -1.00926 0.499 0.309957 0.802213 0.452219 -0.236386
2.78383 3.77335 0.499 0.309957 0.802213 0.452219 -0.236386
-0.984286 1.16465 0.499 0.309957 0.802213 0.452219 -0.236386
5.06644 0.440014 0.499 0.309957 0.802213 0.452219 -0.236386
1.64786 -2.71301 0.499001 0.378045 0.768273 0.454854 -0.244841
