111.3 0.29456 -1.77573 1
0.757253 -4.32229 0.499 0.407634 -0.574596 -0.393885 0.590363
0.849842 0.870663 0.499 -0.840318 -0.277894 -0.344002 -0.313534
1.68776 0.108986 0.499 0.649394 -0.736562 0.182981 0.0477764
-3.56556 -2.24227 0.499 -0.291789 0.113297 0.89816 -0.308759
-0.278088 -0.666894 0.499029 -0.522546 0.66759 -0.398122 0.350383
0.904867 2.41471 0.499 -0.0359039 -0.361633 -0.362421 -0.858245
-0.595245 -2.75036 0.499 0.183992 0.197344 -0.581139 0.767776
-2.4757 -1.90078 0.498737 0.708131 0.56205 0.312082 0.291985
-3.18303 -3.74997 0.499 -0.0799529 -0.85234 -0.350518 -0.379818
-1.51719 -1.6115 0.499253 -0.395781 0.019223 -0.0920621 -0.913516
-4.3971 -1.52746 0.499 -0.786171 -0.33132 -0.287509 0.435317
-1.70174 -2.72317 0.499 -0.298287 -0.285102 -0.579158 0.703077
0.555568 -1.45127 0.499 0.213311 -0.362574 0.865634 0.271508
-0.64797 -3.79009 0.499 -0.445014 -0.711104 -0.225774 0.495297
-3.5479 -0.638991 0.499 -0.450735 0.0488999 0.864375 0.21749
-5.08354 -0.656307 0.507646 -0.664258 -0.616272 -0.165668 -0.389261
-0.812919 1.30552 0.499 0.165646 -0.214181 0.799107 -0.536764
-0.0371711 2.06707 0.499 0.154127 0.47948 0.856444 0.113351
0.687589 -0.391192 0.499 -0.276863 0.832431 0.478539 -0.0374875
-1.82377 1.24779 0.499 -0.920477 0.171 0.34986 0.0328362
-1.38042 -0.432956 0.499 0.454434 0.408981 0.297123 -0.733445
-2.90543 1.60522 0.499 -0.305923 0.457997 -0.523261 -0.650268
0.905507 -3.23675 0.499 -0.206359 0.822605 0.334033 -0.411289
-0.509272 -1.64443 0.49866 0.12373 0.0828382 0.193716 0.969692
-4.31328 -3.10739 0.499 -0.195622 -0.282193 -0.0519701 -0.937762
