62.1 -1.44301 -1.07597 1
-0.369 4.05592 0.499 0.214624 -0.799699 0.279746 -0.485964
-1.68289 0.666904 0.499 -0.766813 0.0662176 -0.246651 0.588877
0.889164 -0.457989 0.500038 0.322987 -0.000787884 -0.631148 0.705217
0.91677 -2.38788 0.499 0.532632 -0.6846 0.491242 -0.079413
0.261703 2.22576 0.499028 -0.427138 0.880703 -0.0123673 -0.204359
-2.62547 -0.0347937 0.499 -0.0493322 0.141778 -0.870755 -0.468243
0.397775 0.421242 0.499106 0.209087 0.973138 -0.084472 0.0463651
1.72842 0.483433 0.498843 0.555507 0.629898 0.279762 -0.46516
-1.08043 3.20141 0.499 0.56158 -0.2337 0.0982796 0.787625
-1.41057 -0.500821 0.499 -0.325785 0.484883 0.470395 -0.661423
1.98997 1.81062 0.499 0.515638 -0.284298 0.475401 -0.653671
0.284359 -1.53666 0.498993 0.431699 0.0503068 -0.899254 -0.0494673
-3.55662 0.53395 0.499 -0.823918 -0.291032 0.180343 -0.451593
-0.160945 1.3152 0.498794 -0.01524 0.24714 -0.697661 -0.672279
-1.33176 2.21036 0.499 0.540074 0.0107763 -0.102805 -0.835245
1.44967 -1.31067 0.499 -0.444246 -0.672886 -0.103833 0.582313
-2.40578 -2.33052 0.499 -0.0275433 0.272113 -0.939976 0.204063
-0.190821 -0.516176 0.499022 -0.825001 0.32698 0.261541 0.379543
-3.33301 -2.85308 0.498998 -0.232738 -0.969648 0.0430946 -0.0613028
2.39387 -0.264173 0.499157 0.132735 0.117478 -0.861678 0.475491
-3.55646 -1.86334 0.499001 -0.221951 -0.0644238 -0.635747 0.736487
0.536656 3.19402 0.499024 -0.696333 -0.57327 0.409332 0.137581
-2.41137 1.51416 0.499 0.136178 0.298414 -0.733275 0.595577
-0.616388 -1.97096 0.499007 -0.723834 -0.634413 -0.270657 0.0181434
-0.604978 0.394044 0.498996 0.848731 0.327206 -0.215293 -0.355303
