101.8 -1.3934 1.13948 1
1.08099 0.329893 0.499018 0.253393 -0.742483 0.0968057 0.612487
2.68225 4.33424 0.499 -0.582471 0.241742 0.252467 -0.733858
1.85947 1.86774 0.499 -0.51253 0.729667 0.233635 0.387703
-0.660092 1.62141 0.498992 -0.310733 0.0880796 0.54025 -0.777056
-1.66529 1.66641 0.505599 0.0114511 0.00503442 -0.00642115 0.999901
2.85595 1.55736 0.499 0.0194249 -0.465143 0.762014 0.45011
0.319587 1.17557 0.499 -0.368607 0.909441 0.178873 -0.0710638
-0.775654 0.29908 0.499 -0.54736 0.632251 -0.0334528 0.5473
-0.530417 -2.74147 0.499 0.105738 0.509519 -0.578109 0.62849
-0.212895 2.52312 0.499 -0.104012 0.992252 -0.0220867 0.0642676
-2.04909 -2.09317 0.499 0.313202 -0.565393 0.332399 -0.686838
-0.220477 -0.839798 0.499 -0.76303 0.251 0.501466 -0.321429
2.03879 0.0425471 0.498982 -0.876176 -0.481483 0.0171294 0.0139969
0.715591 -1.30983 0.499 0.391908 -0.37911 -0.334147 -0.768784
-2.06934 -1.07512 0.499 0.1764 0.605208 0.618283 -0.469396
-2.63726 4.78091 0.499 0.434825 0.211694 -0.85074 -0.205801
-1.07099 3.9047 0.499 0.506976 0.0085472 0.818178 0.271086
1.59467 4.93641 0.499001 0.373606 -0.468092 -0.676721 0.428203
1.49645 3.24556 0.499 -0.0864841 0.549886 -0.799348 0.226248
-2.16133 -0.0579851 0.499 0.049525 0.668564 -0.0518658 0.740189
0.412431 3.40047 0.499 -0.941037 0.022924 -0.303439 0.147816
-2.04551 2.94387 0.499 -0.237306 0.732953 -0.499099 0.396693
0.812596 2.04705 0.499 0.886127 0.374357 -0.203856 -0.181873
0.56135 5.14081 0.512854 0.121703 0.633278 0.531908 0.548837
-0.847975 -1.65377 0.499 -0.163972 0.369837 0.187321 -0.895123
