85.7 1.73395 0.483148 1
1.41287 -0.567497 0.49899 0.621776 0.0590068 0.187676 0.758083
0.423598 1.34523 0.499 -0.222754 0.197419 0.798827 -0.522763
2.3361 -1.14498 0.499 -0.555867 0.26474 0.377239 -0.69182
1.69295 -3.32125 0.499 0.677523 -0.442639 0.577328 0.108284
-0.556996 -2.51534 0.498998 0.910747 -0.205347 -0.252226 0.254469
-0.409366 4.20184 0.499 -0.490224 -0.2031 0.11468 0.839809
0.997195 0.384588 0.499 -0.506321 -0.151458 0.813979 0.241118
0.651644 -1.28004 0.499605 0.265947 -0.667911 0.606533 -0.339537
3.93726 -0.325599 0.499 0.70644 0.237777 -0.104318 0.658424
-0.0641155 -0.0945825 0.499 -0.63492 -0.375649 -0.430156 -0.520318
3.81332 -1.90147 0.499 0.420835 -0.458969 -0.705573 0.33825
2.84659 -2.40729 0.499 0.247102 0.802342 0.049105 0.541088
0.543497 3.75002 0.499 0.370907 -0.595159 -0.465362 0.540048
1.86172 1.298 0.499 -0.0145306 -0.657896 0.429933 0.618158
2.92487 -0.256142 0.499 -0.191398 0.60677 -0.740833 -0.21532
-1.47463 -1.47518 0.499 -0.31886 -0.650128 -0.48898 0.486374
-0.635527 1.04147 0.499 0.827251 0.00985222 0.525558 -0.198365
0.26914 2.41412 0.499 -0.515957 -0.587248 0.396157 -0.481652
-2.16896 3.08609 0.499 -0.137806 0.52016 -0.665414 -0.517366
0.42291 -2.25679 0.497217 0.349584 0.608223 -0.712634 0.00283829
-0.912577 2.36027 0.499 0.193554 0.586255 0.659682 0.428557
-1.11798 -0.483976 0.499 0.477689 0.615243 0.549651 0.301949
1.99415 0.246187 0.49901 -0.307931 -0.764731 0.468619 -0.317429
-1.84628 0.526418 0.499 -0.401582 -0.542387 -0.538409 -0.504643
2.75878 2.30748 0.499 0.237418 -0.303575 -0.453239 0.803772
