99.8 1.46108 1.05131 1
0.782251 -0.140721 0.497994 -0.685241 -0.542625 -0.16991 -0.455118
2.44684 3.05475 0.499 0.0737031 0.730835 0.649672 -0.195893
1.43258 1.02774 0.499 0.21201 -0.163134 0.95999 0.0828161
-1.16418 0.0886423 0.499009 0.187705 0.342724 0.769764 -0.504747
-2.92653 -0.150796 0.499 -0.483121 -0.292012 -0.146528 -0.812313
2.43337 1.01239 0.499 0.134185 -0.752874 0.0413772 -0.643011
-0.167635 0.172428 0.499111 -0.0214759 0.29317 0.846188 0.444473
-1.87326 -0.648805 0.499197 0.380623 -0.628467 0.463143 -0.495635
-0.440146 -3.76637 0.498989 -0.361961 0.636345 0.0529308 0.679152
-0.805573 1.05379 0.499 -0.0915093 -0.580928 0.377164 0.715469
-1.6258 -3.63687 0.499 0.425324 0.518612 -0.437896 0.598655
-0.0945023 -1.26182 0.499013 0.494019 -0.194253 0.474524 -0.702167
1.77574 -0.323714 0.49899 -0.597261 0.265984 0.290695 -0.698591
0.944252 -1.28451 0.499 0.559714 -0.0801629 -0.80442 0.182215
-1.6913 -2.38774 0.498962 0.490624 0.718408 -0.315172 -0.379268
-2.61925 2.19889 0.499 -0.412823 0.219987 0.871925 0.144672
-1.47524 2.26459 0.499025 0.817253 -0.339984 -0.313965 0.343416
1.39211 3.80373 0.499 -0.36339 -0.69006 -0.625888 0.00542817
0.83392 2.18775 0.499 -0.537113 0.132686 0.7283 0.40433
-2.2882 -1.56031 0.498841 -0.629805 -0.603133 0.223015 -0.435708
-0.48924 2.04495 0.498975 -0.805878 0.15451 0.280432 -0.498041
-2.82442 1.01382 0.499 0.111481 -0.601765 0.77856 -0.138911
0.424245 0.97683 0.499884 -0.205909 0.0443437 -0.862017 0.461044
-0.818246 3.26953 0.499 -0.200488 -0.964867 -0.0719391 0.153823
-0.33666 -2.26282 0.498993 0.522458 -0.118836 0.317534 -0.78236
