103 -1.64797 -0.724013 1
1.13818 0.223788 0.499 -0.0440244 0.0352122 0.526308 0.848423
1.92594 3.43716 0.498917 -0.950594 0.305382 0.0551776 0.00823595
2.00959 1.97724 0.499 -0.000508436 0.86386 -0.380651 -0.329926
-0.426547 1.87768 0.521349 -0.299638 -0.0137164 -0.468022 -0.831255
-1.33595 2.43045 0.499 0.563828 0.603095 0.561902 -0.0513998
3.00348 1.49901 0.499 -0.682296 0.297401 0.602226 0.288702
0.313906 1.02641 0.496972 -0.0473056 0.665833 -0.403919 -0.625523
-0.321372 0.261802 0.529423 0.199808 0.605662 -0.200129 -0.743773
-0.795194 -2.48311 0.499 0.902712 0.208006 -0.0918375 0.365254
0.0218186 2.76633 0.512144 0.513686 0.120915 -0.117574 -0.841239
-2.31672 -1.6742 0.499 -0.959113 -0.269708 0.0836428 -0.0190762
-0.349622 -0.923767 0.499 -0.75674 0.482672 -0.430792 -0.0937619
2.07914 -0.116537 0.499 -0.708796 0.0531628 -0.490638 0.50404
0.436034 -1.68546 0.499 0.00904914 -0.825878 -0.148653 -0.543825
-2.4682 -0.630286 0.499 0.295205 -0.299282 0.296662 -0.857482
-2.81525 4.38592 0.569926 0.646187 -0.615703 0.152089 0.424524
-0.931728 4.4998 0.499058 -0.46904 -0.0383361 0.576254 -0.668179
1.40171 4.31325 0.499007 0.0598768 -0.484925 -0.450058 0.747469
1.15562 2.80868 0.500213 0.502491 0.717761 -0.480203 -0.0415504
-2.15818 0.426869 0.499 0.843506 0.031027 -0.0752042 -0.530923
0.564038 3.59175 0.498783 -0.376536 0.521902 -0.543584 0.538846
-1.64692 3.68083 0.499 0.615203 0.0946807 0.557296 -0.549529
0.807312 1.88528 0.500197 0.829511 -0.224027 0.510998 -0.0245953
0.430523 4.54337 0.49874 0.177693 0.789202 0.546119 -0.217574
-1.22394 -1.55248 0.499 -0.338853 0.143151 -0.500632 -0.783616
