85.2 1.76884 -0.333491 1
1.34722 -0.470503 0.499 0.697284 -0.0488532 0.475039 0.534552
0.283724 1.29085 0.499 -0.182707 0.203116 0.511196 -0.814887
2.29282 -1.24925 0.499 -0.493085 0.0260166 0.0170694 -0.869424
1.42201 -3.30297 0.499 0.494872 -0.617028 0.610099 -0.0464503
-0.690371 -2.63213 0.499 0.911648 -0.297038 -0.213033 0.187837
-0.761724 3.77649 0.499 -0.579779 -0.285247 0.0173006 0.763015
0.968554 0.485897 0.499 -0.740153 0.132636 0.601681 -0.269371
0.68912 -1.25182 0.499 -0.0572735 -0.908288 0.402245 -0.0996593
3.84963 -0.320893 0.499 0.695259 0.0919423 0.426974 0.570836
-0.0736985 -0.0808113 0.499 -0.548364 -0.246155 -0.625501 -0.497447
3.73426 -1.81778 0.499 0.399194 -0.473113 -0.332393 0.711564
2.62904 -2.4739 0.499 0.378688 0.776238 0.276276 0.421571
0.325982 3.57023 0.499 -0.0209237 -0.566154 -0.365505 0.738538
1.77928 1.33244 0.499 -0.406892 -0.422564 0.598359 0.545752
2.83449 -0.359754 0.499 0.179837 0.481402 -0.842025 -0.164027
-1.41371 -1.56181 0.499 -0.282311 -0.286196 -0.414933 0.816225
-0.704434 0.891854 0.499 0.710239 -0.0874387 0.683723 -0.14296
0.269421 2.33128 0.499 -0.806546 -0.514335 0.0488274 -0.287331
-2.1595 2.68275 0.499 0.105641 0.413581 -0.530715 -0.732211
0.385869 -2.24745 0.499 0.734178 0.324205 -0.593571 -0.0595621
-0.946541 2.13261 0.499 0.0349629 0.643471 0.748334 0.157223
-1.01682 -0.562176 0.499 0.273952 0.582313 0.765173 0.0193033
1.96854 0.3134 0.499 -0.631805 -0.717452 0.143601 -0.25586
-1.82569 0.193285 0.499 -0.266507 -0.544696 -0.711228 -0.355577
2.44983 2.39477 0.499 -0.0698641 -0.266169 0.068484 0.958949
