88.8 -1.79921 0.0533471 1
0.667864 -1.13852 0.499 0.206088 0.732497 -0.141989 -0.633099
0.287351 1.38619 0.499 -0.198359 0.520441 -0.650153 0.516813
1.62227 -0.780606 0.499 -0.690238 0.489662 0.521005 0.111164
1.46215 -3.38656 0.499 0.0749747 0.813533 -0.572133 0.0721591
-1.00814 -2.10922 0.500037 -0.315246 0.0415063 0.484357 -0.815043
0.471478 5.29011 0.503044 0.442276 0.4374 0.653713 -0.430967
0.0595092 -0.344849 0.498178 0.756575 0.461282 -0.460817 0.0496089
-0.504814 -1.16978 0.499822 -0.325291 0.583908 0.480085 -0.568116
3.38952 -0.635179 0.499 0.0673842 -0.133 -0.370104 -0.916948
-0.93328 -0.1684 0.499 -0.136533 -0.313553 0.490609 0.801465
2.05148 -1.78905 0.499 -0.369061 0.0657208 -0.534153 -0.757731
0.946324 -2.22645 0.496917 0.682591 -0.00677053 0.386741 -0.620045
0.899632 4.40851 0.497295 -0.624649 0.00654314 0.418617 -0.659189
1.30055 1.0747 0.499 0.720381 0.6405 0.135313 -0.229132
2.41052 0.190526 0.499 -0.239719 -0.569498 -0.50244 -0.604782
-2.90731 -1.15433 0.499 0.623487 -0.778622 0.00793582 -0.0703529
-1.24715 1.87809 0.499 -0.147317 0.153113 0.581733 -0.785138
-0.771478 2.77709 0.499 0.0851641 -0.364198 0.696801 0.612026
-3.25515 5.28678 0.516945 0.336055 -0.160155 -0.737423 0.563582
-0.0393361 -2.32695 0.500225 0.088967 -0.191901 -0.246825 -0.945694
-1.75311 3.59888 0.499 0.236446 0.959419 0.152642 -0.0175937
-2.74324 -0.0370822 0.499 0.551256 0.783117 -0.249291 0.143871
1.03692 0.0642416 0.499 0.159549 0.507989 0.765017 0.362273
-2.96045 2.3249 0.499 -0.619268 -0.582299 -0.0102133 0.526622
3.48253 1.3317 0.51863 -0.558192 -0.366318 0.699531 -0.254735
