93.5 0.760034 1.63167 1
0.389178 -1.62881 0.499 -0.94289 0.154658 -0.214245 -0.202825
0.778969 0.798624 0.499 0.327819 -0.283405 -0.868806 -0.239566
0.937666 -0.70166 0.497023 -0.274111 -0.148828 -0.948752 -0.0508296
-0.411097 -3.43318 0.498987 0.0931728 0.779421 0.586022 -0.201
-2.42723 -2.34363 0.499 -0.502203 -0.435223 -0.12674 0.736417
1.94263 0.777974 0.499 0.0267785 0.508739 0.0265282 0.860095
-0.411459 -0.879054 0.499161 -0.226855 -0.38287 0.0907286 -0.890907
-1.34573 -1.80863 0.499 0.157576 -0.903002 -0.385298 -0.106318
3.30572 -2.94107 0.499 -0.528749 -0.246612 0.80312 0.120857
-1.51879 -0.530814 0.499 0.295504 0.869036 -0.390888 0.0682679
1.23712 -3.13241 0.498999 0.912854 0.166999 -0.171532 -0.330735
0.250277 -2.67435 0.499015 -0.896458 0.356199 -0.0219504 -0.262686
3.83582 -1.4298 0.499 0.158066 0.726003 0.581024 0.332183
1.95774 -0.333576 0.499 -0.745708 -0.174347 0.0374705 -0.641964
2.11822 -1.50787 0.499 0.317283 -0.857012 0.265982 0.306782
-2.705 -0.796929 0.499 -0.793081 0.397748 -0.370804 -0.274451
-0.999076 0.35434 0.498964 -0.782229 -0.404053 0.0414278 0.47238
0.121602 2.0313 0.499 0.313776 0.476395 0.355096 0.740607
-1.17696 2.17721 0.499 -0.597451 -0.0361475 0.244789 0.762774
-1.53731 -3.495 0.499 0.388871 -0.49786 -0.460319 0.623716
-1.14268 3.21341 0.499 -0.663289 -0.396719 0.376559 0.510749
-4.01884 -0.0398811 0.499 -0.331015 -0.219021 0.564685 -0.723595
-0.0371867 0.0564376 0.517806 -0.656295 0.149689 -0.639337 -0.371642
-2.11694 0.270152 0.499001 -0.304548 -0.173701 0.210748 0.912504
4.48735 -2.41224 0.502067 -0.376348 0.0181231 -0.168877 -0.910777
