64.9 1.79626 0.115942 1
0.565382 2.55887 0.499 -0.0704104 0.547191 0.445376 0.70517
-1.94017 1.53575 0.499 0.806624 0.318114 0.19143 0.459908
0.98253 0.377412 0.499004 0.150005 -0.0289652 -0.892213 0.424988
0.459452 -1.66846 0.499 -0.482341 0.817751 0.0222236 0.313268
1.14201 1.65485 0.499024 -0.125722 -0.586233 -0.702989 0.382533
-1.96965 -0.286563 0.499 -0.459643 0.0294252 -0.481081 0.745938
0.195465 1.28237 0.499 0.774797 0.242338 -0.278548 0.513199
2.28104 1.95254 0.498999 -0.751546 -0.31071 -0.546891 0.198867
-0.498102 3.31999 0.510615 -0.612173 0.525097 0.122327 -0.578406
-0.996357 0.0130927 0.499003 0.56405 -0.0123805 -0.540962 0.623742
3.0734 3.28237 0.499 -0.061154 0.0810031 -0.994414 -0.0289683
0.0214853 -0.758955 0.499351 -0.581082 -0.61437 0.5335 -0.0164728
-2.88694 1.02024 0.499 -0.247037 0.3463 -0.902967 0.0608316
-0.795464 2.35945 0.498066 -0.796246 0.230832 0.211614 0.517618
-1.7607 2.64064 0.499005 -0.502412 0.154268 -0.772516 -0.356375
1.1058 -0.631822 0.499 0.406833 0.697512 0.588586 -0.0391236
-1.66569 -1.72365 0.496825 -0.69216 -0.681258 -0.0808107 0.224213
-0.0223855 0.264383 0.498995 0.860423 0.502803 -0.0389711 -0.0730931
-2.40117 -2.57973 0.499 -0.762684 0.307422 0.568222 0.0304894
2.09526 0.965097 0.499001 0.247263 -0.582797 0.58181 -0.510593
-3.11993 -1.44933 0.499163 -0.429128 -0.834081 0.12114 0.324782
1.56585 2.72713 0.499 0.677811 -0.462763 0.520608 -0.235352
-2.76865 2.20095 0.499 0.647053 -0.578718 0.479875 0.126995
-0.910273 -1.09797 0.501578 0.750279 0.330504 -0.434045 -0.373434
-0.798021 1.0904 0.499 0.285215 0.383418 -0.865033 -0.152842
