102.1 -1.65037 0.718528 1
1.08285 0.333537 0.499003 0.219852 -0.551326 0.170451 0.786544
2.34902 4.17669 0.541195 -0.73107 0.230787 0.120203 -0.630735
1.88516 1.9258 0.499 -0.501722 0.84286 0.0581626 0.185687
-0.572051 1.76987 0.499046 -0.352026 0.0275313 0.345303 -0.869532
-1.59257 1.89015 0.499054 0.178999 0.29775 0.150126 0.925617
2.8799 1.57291 0.499 -0.207112 -0.305148 0.762177 0.532048
0.346655 1.26351 0.499 -0.283336 0.90779 -0.000898789 -0.309253
-0.64178 0.362078 0.499 -0.495312 0.841491 -0.161261 0.143363
-0.607307 -2.62199 0.499 0.3595 0.506627 -0.533666 0.573838
-0.150425 2.67704 0.498955 0.116619 0.941196 -0.0445274 -0.313954
-2.13647 -1.96233 0.499 -0.0592451 -0.714142 0.369518 -0.591564
-0.26653 -0.831021 0.499 -0.87727 0.267621 0.268335 -0.294571
2.03671 0.0333115 0.498997 -0.871715 -0.433845 -0.175476 0.145257
0.634111 -1.37339 0.499 0.35957 -0.514679 -0.236601 -0.741509
-2.18211 -0.93357 0.499 0.192328 0.396064 0.66632 -0.601798
-2.65708 5.08976 0.499 0.664746 -0.227645 -0.706755 -0.082391
-1.04961 4.08349 0.499 0.242974 -0.00955319 0.966153 0.08614
1.66718 5.03398 0.499 0.36653 -0.409604 -0.577835 0.603314
1.58589 3.32925 0.499 0.228375 0.547025 -0.79953 0.0967488
-2.17722 0.0916276 0.499 0.399312 0.786969 -0.0714281 0.464896
0.464931 3.55881 0.499 -0.845864 0.140154 -0.452101 0.24592
-1.95896 3.15846 0.499 -0.0283275 0.973565 -0.212818 0.0779566
0.834396 2.14113 0.499 0.960842 0.172423 0.0884577 -0.198063
0.611518 5.37962 0.499041 0.225826 0.786304 0.487013 0.305855
-0.954307 -1.62171 0.499 -0.262639 0.289253 0.0553545 -0.918852
