101.2 -0.592799 1.69959 1
1.06451 0.258616 0.499 0.135252 -0.980358 0.0224115 0.141785
2.68361 4.01628 0.499 -0.4291 0.48379 0.60966 -0.458405
1.79812 1.68571 0.499 -0.312899 0.428717 0.574018 0.623537
-0.756368 1.23178 0.499 -0.0906895 0.264178 0.75343 -0.595255
-1.94962 1.191 0.499 -0.356946 -0.66419 -0.171336 0.634102
2.79815 1.46048 0.499 0.353315 -0.668612 0.649219 0.081501
0.251791 0.934769 0.499 -0.313865 0.750407 0.470029 0.342711
-1.04218 0.1063 0.499 -0.22127 -0.0581428 0.31335 0.921667
-0.387044 -3.04619 0.499 -0.314554 0.437578 -0.463285 0.703526
-0.332932 2.15192 0.499 -0.314158 0.596979 0.0598801 0.735755
-1.86219 -2.42668 0.499 0.800634 -0.0569423 0.000115228 -0.596442
-0.136753 -0.923307 0.499006 -0.367168 0.274929 0.790715 -0.405428
2.03256 -0.00583722 0.499 -0.826209 -0.35996 0.359042 -0.242685
0.86046 -1.24641 0.499 0.385236 -0.173204 -0.597715 -0.681418
-1.84499 -1.41817 0.499 0.213526 0.877323 0.362056 -0.231574
-2.58949 4.09683 0.499 -0.249266 0.794154 -0.532534 -0.153603
-1.12192 3.48108 0.499 0.84057 -0.0418264 0.337296 0.42181
1.48996 4.67624 0.499 0.261732 -0.579575 -0.759517 0.136833
1.30477 3.01278 0.499 -0.553183 0.419224 -0.513711 0.504322
-2.12927 -0.423762 0.499 -0.52903 0.0903405 0.126414 0.834257
0.280708 3.02269 0.499018 -0.99764 -0.0616893 -0.0175836 -0.0244939
-2.2223 2.44793 0.499 -0.3335 -0.18776 -0.558979 0.735572
0.765933 1.79247 0.499 0.503374 0.493991 -0.707477 -0.0454212
0.357349 4.62438 0.499 0.0164749 0.0691931 0.537162 0.840475
-0.651731 -1.78218 0.498994 0.0973358 0.482042 0.289052 -0.821346
