50.3 1.78575 0.226078 1
-0.774809 2.5226 0.499 -0.17674 0.157779 0.67333 0.700354
0.565826 -2.63457 0.499 -0.449052 0.484728 0.433014 0.613099
1.59156 0.108672 0.499 0.813223 -0.275636 -0.0892617 -0.504704
1.76692 -0.925817 0.499 -0.18311 0.924027 0.0608255 -0.330067
1.17623 2.61555 0.499 -0.716298 -0.429509 -0.139713 -0.531902
-0.249852 -1.62756 0.499 0.916269 -0.16887 -0.0880308 0.352399
1.39003 1.14095 0.499 -0.761617 0.291964 -0.285207 -0.503342
2.07684 2.11915 0.499 -0.491559 0.465915 -0.130231 0.724108
-0.70553 1.37057 0.499 0.400954 -0.832004 -0.383109 0.0152782
0.836612 -3.99937 0.499 0.674376 -0.637569 0.229326 -0.293484
2.71468 2.97993 0.499 0.518937 0.00183189 -0.50777 -0.687656
1.38565 -2.00178 0.499 -0.560019 -0.0551374 0.802247 0.199345
-0.710484 -0.587183 0.499 -0.513974 0.289639 -0.57539 0.56645
0.567217 1.81188 0.499 0.112305 0.69982 0.350604 -0.61214
-0.146488 0.509116 0.499 0.812205 -0.411782 -0.27054 0.312357
2.68838 0.10475 0.499 0.315447 0.356907 0.871363 0.117632
-2.46789 -0.439378 0.499 -0.746042 -0.0229691 -0.115753 -0.655358
0.785946 -1.1929 0.499 -0.455348 0.601699 -0.383594 -0.532421
-2.93325 -2.05161 0.508281 -0.366853 0.765186 0.493466 -0.190791
3.44314 0.809855 0.499 0.882105 0.168523 0.439777 0.0093041
-1.50377 0.171916 0.499 -0.690901 -0.355978 -0.0576002 0.626592
3.6682 3.35938 0.499 -0.726596 -0.636571 -0.192644 0.172406
-1.70442 1.56723 0.499 0.794117 -0.0943556 0.553335 -0.233012
1.4904 -3.23983 0.499 0.974167 -0.0974346 0.18803 0.0784172
0.624936 -0.20379 0.499 -0.0337728 -0.862894 0.235967 -0.445637
