110.9 -0.361298 -1.76337 1
0.891249 -4.113 0.499 0.688912 -0.24516 -0.201442 0.651705
1.09 0.839153 0.499 -0.487982 -0.690385 -0.532201 -0.0447761
1.9647 0.214714 0.499 0.593195 -0.482262 0.214843 0.607771
-3.42172 -2.11657 0.499 -0.581617 -0.114972 0.790205 -0.155174
-0.21566 -0.52486 0.499 -0.495091 0.66556 -0.523057 0.195772
1.1585 2.35349 0.499 0.386406 -0.622778 -0.0654032 -0.677171
-0.506068 -2.62058 0.499 0.493158 0.371916 -0.596045 0.513034
-2.34925 -1.89542 0.499 0.418402 0.851827 0.314078 -0.0261877
-3.10053 -3.66616 0.499 0.351113 -0.885943 -0.272133 -0.133296
-1.3485 -1.63395 0.499 -0.145216 -0.348212 0.0863289 -0.922067
-4.28786 -1.51148 0.499 -0.583053 -0.385093 -0.631821 0.335492
-1.55766 -2.71913 0.499 -0.131016 0.065209 -0.908272 0.391951
0.733451 -1.31034 0.499 -0.0605093 -0.351267 0.801033 0.480932
-0.45966 -3.6345 0.499 -0.389028 -0.530578 -0.576581 0.484457
-3.56827 -0.502631 0.499 -0.617334 0.0693112 0.697999 0.35622
-5.19549 -0.424158 0.499 -0.630733 -0.752068 -0.125032 -0.144696
-0.619231 1.40674 0.499001 -0.0446981 -0.269394 0.89246 -0.359089
0.224837 1.99081 0.498999 -0.202857 0.610293 0.717576 0.267348
0.790889 -0.282343 0.499 -0.589085 0.634925 0.26353 -0.424737
-1.61657 1.29246 0.498999 -0.964251 -0.116659 0.237928 -0.00108538
-1.27633 -0.420531 0.499 0.248065 0.278721 0.671379 -0.640335
-2.92263 1.77854 0.499 -0.339242 0.205377 -0.544104 -0.739382
1.09445 -3.04537 0.499 -0.345117 0.420439 0.423799 -0.724238
-0.324956 -1.57038 0.499 0.086198 0.299867 0.126392 0.941634
-4.18554 -3.00626 0.499 -0.103641 -0.659645 0.111604 -0.735983
