2.1 1.79902 0.05951 1
3.75624 0.886564 0.499 0.999097 0.0424751 0.000701082 -9.94596e-06
5.35044 1.79236 0.499 0.999097 0.0424751 0.000701082 -9.94596e-06
2.95914 -3.24387 0.499 0.999097 0.0424751 0.000701082 -9.94596e-06
1.47363 4.25613 0.499 0.999097 0.0424751 0.000701082 -9.94596e-06
4.80697 0.886564 0.499 0.999097 0.0424751 0.000701082 -9.94596e-06
2.27073 -5.12793 0.499 0.999097 0.0424751 0.000701082 -9.94596e-06
4.87943 -2.70039 0.499 0.999097 0.0424751 0.000701082 -9.94596e-06
5.93015 -2.70039 0.499 0.999097 0.0424751 0.000701082 -9.94596e-06
3.86494 -0.92503 0.499 0.999097 0.0424751 0.000701082 -9.94596e-06
4.87943 -0.92503 0.499 0.999097 0.0424751 0.000701082 -9.94596e-06
0.85769 1.6112 0.499 0.999097 0.0424751 0.000701082 -9.94596e-06
1.40117 2.517 0.499 0.999097 0.0424751 0.000701082 -9.94596e-06
1.22001 -5.12793 0.499 0.999097 0.0424751 0.000701082 -9.94596e-06
-0.193034 5.16193 0.499 0.999097 0.0424751 0.000701082 -9.94596e-06
4.37218 -1.83083 0.499 0.999097 0.0424751 0.000701082 -9.94596e-06
3.8287 2.69816 0.499 0.999097 0.0424751 0.000701082 -9.94596e-06
2.19827 -0.0916965 0.499 0.999097 0.0424751 0.000701082 -9.94596e-06
0.386676 4.29236 0.499 0.999097 0.0424751 0.000701082 -9.94596e-06
0.386676 -2.04822 0.499 0.999097 0.0424751 0.000701082 -9.94596e-06
0.893922 3.38656 0.499 0.999097 0.0424751 0.000701082 -9.94596e-06
2.95914 -1.43228 0.499 0.999097 0.0424751 0.000701082 -9.94596e-06
3.0316 3.35033 0.499 0.999097 0.0424751 0.000701082 -9.94596e-06
-0.736513 0.741637 0.499 0.999097 0.0424751 0.000701082 -9.94596e-06
5.31421 0.0169992 0.499 0.999097 0.0424751 0.000701082 -9.94596e-06
1.90842 -3.20764 0.499 0.999097 0.0424751 0.000701082 -9.94596e-06
