94.6 -0.974212 1.51358 1
0.323176 -0.685431 0.512711 -0.580987 0.195027 -0.654524 -0.442739
0.735095 1.18348 0.499019 0.715661 -0.314502 -0.44916 -0.432636
0.834245 0.18279 0.499126 -0.116527 -0.41751 -0.861543 0.264294
-1.23191 -2.3137 0.498994 0.197989 0.746008 0.0473646 -0.634058
-3.11215 -2.07546 0.499024 -0.0412861 -0.573803 -0.33859 0.744582
1.8684 0.630263 0.507819 -0.227576 0.691272 -0.674931 0.121743
-0.882577 -0.346551 0.499001 0.0154472 -0.710416 -0.149399 -0.687569
-1.93428 -1.538 0.499013 0.640553 -0.729537 -0.0251311 -0.238405
2.22912 -2.99851 0.49919 -0.0348005 -0.566285 0.549133 0.613647
-1.89698 -0.444375 0.499 0.334908 0.697401 -0.609028 -0.174797
1.00765 -3.15832 0.499 0.199101 0.49011 0.168642 -0.831691
0.0350964 -1.83057 0.499 -0.713105 0.217965 -0.664612 -0.0475783
2.80566 -0.597431 0.499005 0.374536 0.822386 -0.0377164 0.426593
1.80837 -0.390778 0.499143 -0.595106 -0.714195 0.34953 -0.116628
1.74509 -1.8534 0.502813 0.768503 0.00410345 0.104474 0.631246
-2.92985 -0.522501 0.499 -0.437761 0.0623057 -0.883962 -0.151969
-1.40665 0.530626 0.498999 -0.708486 -0.560153 -0.274205 0.330285
0.352562 2.11266 0.524484 -0.510022 0.853034 -0.0222396 0.10824
-1.05856 2.13608 0.499 0.29307 0.319115 -0.811033 0.393066
-2.70674 -3.02315 0.498992 -0.013811 0.232756 -0.795482 0.559323
-1.25126 3.27597 0.499 0.16448 -0.0642505 -0.273325 0.945575
-4.61994 0.217618 0.499 -0.374241 -0.274505 0.828646 -0.312947
-0.186322 0.411662 0.499 -0.466225 0.0652333 -0.79309 -0.386506
-2.28518 1.06201 0.499 -0.147712 0.109837 0.288399 0.93965
2.76229 -1.99409 0.49909 -0.342721 0.174816 0.057612 -0.921229
