17.1 -1.04911 1.46266 1
2.94235 1.28744 0.499039 -0.416186 0.0494367 0.0962104 -0.902822
4.53665 2.19324 0.499 -0.416219 0.0493476 0.09616 -0.902818
2.03586 -2.89289 0.499 -0.360984 0.135531 0.23252 -0.892892
0.659834 4.65701 0.499 -0.416219 0.0493476 0.09616 -0.902818
3.93888 1.36322 0.498961 -0.413252 0.101793 0.0678191 -0.902364
1.05131 -3.08429 0.499 -0.347838 -0.369484 0.472041 -0.72088
2.79683 -2.23729 0.499 0.237479 0.739835 0.537916 -0.326947
3.25126 -1.28546 0.499 0.975991 0.0456068 0.0983674 -0.188908
2.37737 0.378863 0.498466 0.223201 0.19249 -0.403139 -0.866377
3.84045 -0.367809 0.499 -0.382054 0.372937 -0.110637 -0.838279
0.0438917 2.01208 0.499 -0.416219 0.0493476 0.09616 -0.902818
0.58737 2.91788 0.499 -0.416219 0.0493476 0.09616 -0.902818
0.0696132 -2.88632 0.499 -0.404612 -0.470591 0.381089 -0.685277
-1.00683 5.5628 0.499 -0.416219 0.0493476 0.09616 -0.902818
2.32444 -0.801505 0.499 0.699191 0.339151 0.206348 -0.594583
3.01491 3.09904 0.499 -0.416219 0.0493476 0.09616 -0.902818
1.3804 0.309924 0.499534 -0.413345 0.05274 0.0980405 -0.903744
-0.427123 4.69324 0.499 -0.416219 0.0493476 0.09616 -0.902818
-0.427123 -1.64734 0.499 -0.416219 0.0493476 0.09616 -0.902818
0.0801236 3.78744 0.499 -0.416219 0.0493476 0.09616 -0.902818
1.28666 -0.886984 0.499 0.188311 0.491687 0.421122 -0.738539
2.2178 3.75121 0.499 -0.416219 0.0493476 0.09616 -0.902818
-1.55031 1.14251 0.499 -0.416219 0.0493476 0.09616 -0.902818
4.39826 0.472066 0.499 -0.434347 0.13895 0.106975 -0.883511
0.947397 -1.97633 0.499 -0.0117134 -0.336159 0.165673 -0.927045
