80.3 -0.0660203 1.79879 1
1.22409 0.142702 0.506827 -0.730696 0.240971 -0.36015 0.527549
-0.691715 0.567634 0.50202 0.602981 -0.0190831 0.22922 0.763877
2.21787 -2.29883 0.499 0.168005 0.335353 -0.893814 0.245782
-0.302037 -3.13022 0.499 -0.96066 -0.0961573 0.163111 0.203177
-1.50844 -2.81659 0.499 -0.0694951 -0.8751 0.475408 0.0579546
-3.00721 0.846859 0.499003 0.14842 -0.177952 0.131422 0.963864
1.93274 1.53874 0.499 -0.695881 0.70324 0.0888352 -0.115374
1.3726 -0.851041 0.497199 -0.159331 0.463064 -0.0688431 0.869164
3.73791 0.933723 0.499 0.32889 -0.318205 0.818731 -0.346779
-0.251123 -0.32493 0.496582 -0.0616872 0.0121662 0.314836 0.947061
3.98813 -1.32173 0.499 -0.908313 0.286693 -0.288877 -0.0965639
1.26761 -2.77707 0.499 -0.232229 -0.812251 -0.430145 -0.318267
-1.19776 2.24691 0.499 0.602373 0.487722 -0.631882 0.000625256
2.89313 3.61655 0.499 0.46865 0.731701 -0.472402 -0.147707
2.86805 -0.308853 0.499 0.634247 0.474837 -0.0330162 -0.609238
-0.464639 -2.03196 0.499 -0.828702 0.24745 0.434274 0.251847
-1.52875 -0.465981 0.499 -0.599629 -0.115285 -0.0407689 -0.790881
0.969901 1.19013 0.499 0.0681212 0.253593 -0.0344145 0.964296
-2.47772 -0.00890423 0.498997 -0.593182 0.171675 -0.37147 -0.693306
1.05611 -1.79598 0.50124 -0.119505 0.0470171 0.0619918 0.98978
-1.53466 1.18755 0.499 0.664624 -0.00564353 0.0690545 -0.743958
0.257528 -1.1813 0.499263 0.053143 0.00761409 -0.507159 -0.860179
3.27774 2.16154 0.499 -0.863598 0.468418 -0.0612165 0.176172
-1.33941 -1.45185 0.499 -0.245094 0.756995 0.0457668 0.60398
1.05168 3.26681 0.499 0.823811 -0.296994 -0.461384 -0.14232
