85.6 1.77088 0.322481 1
1.4023 -0.552183 0.498988 0.647239 0.0262461 0.252301 0.718844
0.399149 1.33087 0.499 -0.209675 0.209085 0.747416 -0.594717
2.33121 -1.16909 0.499 -0.549179 0.232007 0.308049 -0.741405
1.64193 -3.32143 0.499 0.645398 -0.487702 0.583954 0.0678714
-0.567128 -2.53357 0.499188 0.899418 -0.234519 -0.267883 0.253549
-0.476413 4.11317 0.499 -0.510774 -0.222244 0.107199 0.823545
0.99556 0.402023 0.499 -0.568315 -0.0918396 0.806548 0.134402
0.654745 -1.29063 0.499627 0.214046 -0.722315 0.584751 -0.300853
3.92389 -0.327406 0.499 0.725193 0.20131 0.00161218 0.658458
-0.0642885 -0.096479 0.499 -0.626822 -0.342187 -0.47526 -0.513937
3.80122 -1.88804 0.499 0.416681 -0.481159 -0.643822 0.424684
2.80652 -2.4242 0.499 0.283916 0.79558 0.0973727 0.526273
0.503987 3.71115 0.499 0.287537 -0.607506 -0.450412 0.587698
1.84894 1.30158 0.499 -0.0965298 -0.626603 0.480553 0.605904
2.91057 -0.28011 0.499 -0.120672 0.591454 -0.772868 -0.19569
-1.45876 -1.49584 0.499 -0.326606 -0.590966 -0.475164 0.564186
-0.646622 1.00736 0.499 0.810485 -0.016753 0.55231 -0.194388
0.273055 2.3944 0.499 -0.589065 -0.574717 0.335004 -0.458775
-2.16382 3.00166 0.499 -0.0899802 0.509049 -0.650233 -0.556749
0.407047 -2.25537 0.510056 0.402044 0.574978 -0.712566 -0.00310981
-0.915838 2.31123 0.499 0.17465 0.598897 0.685024 0.376248
-1.09495 -0.503735 0.499 0.453263 0.611272 0.600529 0.245489
1.9919 0.25548 0.499012 -0.384491 -0.762204 0.41085 -0.320022
-1.83889 0.456075 0.499 -0.38658 -0.538879 -0.577569 -0.476003
2.70133 2.3225 0.499 0.175169 -0.316905 -0.353036 0.862701
