90.2 -0.562401 -1.70988 1
0.274565 -1.81182 0.499 0.547703 0.514577 -0.300776 -0.587167
0.213773 0.918827 0.499 0.423322 0.567576 -0.328755 0.624961
1.22251 -1.06302 0.499 0.384495 0.768741 0.42974 -0.276629
0.672099 -3.80184 0.499933 0.244664 -0.545481 -0.739967 0.308284
-1.68655 -2.44173 0.499 -0.460149 0.335779 -0.368013 -0.734902
0.8097 2.89033 0.499 -0.0311351 0.0127346 0.797849 -0.601918
-0.271934 -0.968593 0.499 0.761455 0.23102 -0.593817 0.119154
-0.9979 -1.66782 0.499 -0.087426 0.936919 -0.16181 -0.29725
3.21669 -1.32834 0.499 -0.118833 -0.350704 -0.617198 -0.694227
-1.2425 -0.659909 0.499 0.00456362 0.206911 0.925396 0.317506
1.49929 -2.5456 0.499 -0.84449 0.327139 -0.379619 0.188961
0.421466 -2.83056 0.498756 0.880512 -0.35114 -0.204271 -0.244278
1.78607 1.95615 0.499 -0.169463 -0.296937 -0.337915 -0.876883
1.24222 0.678532 0.499 0.862832 0.177099 -0.173148 -0.440655
2.00224 -0.311451 0.499 -0.511835 -0.314582 -0.79859 -0.0362872
-3.45718 -1.55097 0.499 -0.0791481 -0.962905 -0.055947 -0.251831
-1.52375 1.58029 0.499 -0.274473 0.331086 -0.271042 -0.861152
-1.11181 2.50847 0.499 -0.156207 -0.473017 0.865278 0.0561062
-3.71439 3.1862 0.498998 0.692417 -0.184647 -0.585584 0.378889
-0.559884 -3.14749 0.499 -0.563035 0.308371 -0.645971 -0.413062
-1.98367 3.49879 0.515659 0.869553 0.23534 -0.192763 -0.389018
-3.36291 -0.340449 0.499 0.87381 -0.131294 -0.386932 0.263633
0.455054 -0.251127 0.499 0.683097 0.391289 0.539423 -0.298822
-3.26885 2.16934 0.501434 -0.649642 0.367503 0.574157 0.336529
3.17837 -0.22049 0.499 -0.101077 -0.0476166 0.733557 0.67038
