35.2 -1.78432 0.237106 1
-1.51519 1.36656 0.499 0.858706 0.0897192 -0.254075 0.435913
0.64376 -0.619772 0.499 0.889545 -0.324558 -0.187834 0.26094
-1.10123 -2.58418 0.499 -0.851892 0.336705 0.18983 -0.353374
1.34588 0.878152 0.499 0.354427 -0.396051 -0.409688 0.741405
-0.989494 0.476059 0.499 -0.535743 -0.0336081 -0.714377 -0.448906
-2.1991 -2.96337 0.499 -0.315193 -0.419379 -0.789033 -0.31969
-1.22063 -1.45894 0.499 -0.199731 0.656045 0.0640205 -0.724992
-0.70238 -0.483854 0.499 -0.772315 -0.164309 0.0289439 -0.612939
-2.28764 -0.0887363 0.499 0.496879 -0.0641061 -0.803369 -0.321869
1.07142 -1.52376 0.499 -0.0830576 -0.107599 -0.79077 0.59683
-1.73186 2.47705 0.499 -0.241119 -0.692489 -0.641377 -0.225735
1.5738 -0.0981318 0.499 0.566753 0.158278 -0.0361158 -0.807734
-3.78125 -3.21808 0.498999 0.404226 -0.611795 -0.19549 -0.651223
-3.04139 1.89456 0.499 -0.561368 -0.213001 -0.668364 0.439074
-2.18843 -1.16502 0.499 0.264955 -0.843613 -0.176854 -0.432248
3.78371 0.0336745 0.499 -0.557612 -0.431638 -0.198715 0.680639
-3.85072 -0.335283 0.499 -0.246084 0.82968 -0.400091 0.301662
0.380678 0.400092 0.499 -0.531676 -0.556531 -0.122939 -0.626482
-3.71026 -2.22059 0.498997 0.145393 0.0705945 -0.98671 0.0167309
2.99756 0.914816 0.499 0.577389 0.145967 -0.560954 -0.575019
-3.45333 -1.25317 0.499003 0.787249 0.169436 0.188391 -0.562174
2.00765 3.40096 0.499 -0.154889 -0.0155327 -0.234158 -0.959655
-2.8512 0.76003 0.499 0.64352 -0.00936717 0.122343 -0.755531
2.70289 -2.34539 0.499 -0.709869 0.275871 -0.633071 0.138571
-2.67843 -2.07404 0.499 0.709638 -0.656907 -0.248851 0.0544017
