78.9 1.70588 0.574432 1
0.00294968 -0.598075 0.498986 -0.760244 0.261784 0.533056 0.263345
-1.86013 -0.159155 0.499 0.432006 -0.894552 -0.00732982 -0.114424
2.0661 -4.57954 0.499 0.262253 -0.101729 -0.959456 -0.0178368
-0.811947 -4.63061 0.499 0.125044 -0.533952 0.83472 -0.0500243
-1.53722 -3.3268 0.497362 0.294146 0.0878383 0.408846 -0.859423
-3.55875 -0.442715 0.499 -0.420304 -0.907372 -0.00165587 -0.00432647
0.686816 0.811736 0.499 0.677804 0.210103 0.325266 0.625012
0.834656 -1.60212 0.508133 -0.423748 0.301973 0.666097 0.534382
3.47421 0.346499 0.499 0.307288 -0.487345 0.40755 -0.7085
-0.905505 -1.14451 0.50031 -0.160961 -0.456445 0.329009 0.810865
5.0986 -1.89704 0.499 0.0497248 0.754474 -0.347675 0.554453
0.520957 -4.61522 0.498869 0.357669 0.382239 -0.715599 -0.462476
-1.97657 1.89861 0.499 -0.40097 0.242629 0.390419 0.792419
2.74473 2.74541 0.499 0.628382 0.472691 -0.578724 0.216282
2.54971 -0.420348 0.499 0.555143 -0.28269 -0.781735 -0.0281606
-0.533321 -2.75666 0.499 -0.953571 0.253033 0.155403 -0.0502686
-1.87545 -1.39001 0.498887 -0.454633 0.475168 0.0952696 -0.747294
-0.358873 0.510866 0.499 0.40455 -0.795612 0.425829 0.148359
-2.98552 -1.39203 0.499 0.164628 0.612746 0.327352 -0.7002
-0.0587054 -3.81983 0.499131 0.789565 -0.300877 0.0892112 0.527353
-2.77467 0.2569 0.499 0.770412 0.265201 -0.537084 -0.218346
-0.148824 -1.79867 0.497495 0.285071 0.361572 -0.728145 -0.507745
2.64115 1.55571 0.499 -0.212283 0.382573 0.829448 -0.34726
-1.56357 -2.33199 0.501193 -0.00144797 0.978939 0.0349444 0.201133
0.439263 2.09424 0.499 0.366049 -0.320058 -0.871639 -0.0617719
