3.3 1.794 0.14683 1
3.75481 0.911515 0.499 0.994498 0.104667 0.00427318 -0.000149755
5.34901 1.81731 0.499 0.994498 0.104667 0.00427318 -0.000149755
2.95771 -3.21892 0.499 0.994498 0.104667 0.00427318 -0.000149755
1.4722 4.28108 0.499 0.994498 0.104667 0.00427318 -0.000149755
4.80553 0.911515 0.499 0.994498 0.104667 0.00427318 -0.000149755
2.26889 -5.073 0.499 0.997188 0.0748305 0.00375299 -0.00162195
4.878 -2.67544 0.499 0.994498 0.104667 0.00427318 -0.000149755
5.92872 -2.67544 0.499 0.994498 0.104667 0.00427318 -0.000149755
3.8635 -0.900079 0.499 0.994498 0.104667 0.00427318 -0.000149755
4.878 -0.900079 0.499 0.994498 0.104667 0.00427318 -0.000149755
0.856258 1.63615 0.499 0.994498 0.104667 0.00427318 -0.000149755
1.39974 2.54195 0.499 0.994498 0.104667 0.00427318 -0.000149755
1.21816 -5.073 0.499 0.997188 0.0748305 0.00375299 -0.00162195
-0.194467 5.18688 0.499 0.994498 0.104667 0.00427318 -0.000149755
4.37075 -1.80588 0.499 0.994498 0.104667 0.00427318 -0.000149755
3.82727 2.72311 0.499 0.994498 0.104667 0.00427318 -0.000149755
2.19684 -0.0667457 0.499 0.994498 0.104667 0.00427318 -0.000149755
0.385244 4.31731 0.499 0.994498 0.104667 0.00427318 -0.000149755
0.385244 -2.02327 0.499 0.994498 0.104667 0.00427318 -0.000149755
0.89249 3.41152 0.499 0.994498 0.104667 0.00427318 -0.000149755
2.95771 -1.40733 0.499 0.994498 0.104667 0.00427318 -0.000149755
3.03017 3.37528 0.499 0.994498 0.104667 0.00427318 -0.000149755
-0.737945 0.766588 0.499 0.994498 0.104667 0.00427318 -0.000149755
5.31278 0.04195 0.499 0.994498 0.104667 0.00427318 -0.000149755
1.90698 -3.18269 0.499 0.994498 0.104667 0.00427318 -0.000149755
