89.2 -1.69885 -0.594905 1
0.53003 -1.33582 0.498085 0.378296 0.61873 -0.108198 -0.679969
0.24719 1.25912 0.499132 0.0399889 0.642807 -0.615692 0.454008
1.46217 -0.848531 0.499 -0.516986 0.649826 0.549423 -0.092666
1.19 -3.48348 0.499 0.271366 0.523444 -0.797283 0.129255
-1.2269 -2.16798 0.499093 -0.420666 0.019666 0.185223 -0.887888
0.519029 4.5851 0.513165 0.251555 0.25552 0.741912 -0.566566
-0.0610549 -0.528067 0.499146 0.783579 0.4401 -0.437837 -0.024794
-0.712196 -1.31245 0.498906 -0.326563 0.654735 0.273278 -0.624498
3.29638 -0.813165 0.499 0.0801398 -0.290497 -0.405601 -0.862947
-1.05608 -0.304876 0.499 -0.172848 -0.0827974 0.631825 0.751043
1.75382 -2.00761 0.499684 -0.568484 0.0946565 -0.597512 -0.557535
0.803698 -2.29772 0.502442 0.807929 -0.171251 0.249439 -0.505671
1.11674 3.67997 0.499 -0.578191 -0.12891 0.0939767 -0.800154
1.21714 1.00012 0.498868 0.734297 0.53426 0.186514 -0.37495
2.32296 0.113135 0.499 -0.212629 -0.566831 -0.678135 -0.416683
-3.10899 -1.24922 0.499 0.482542 -0.875003 0.0319064 -0.0224723
-1.37116 1.81051 0.499 -0.236909 0.103976 0.369601 -0.892445
-0.909444 2.72555 0.499 -0.0442033 -0.370963 0.738647 0.5611
-3.41416 4.55474 0.52862 0.519615 -0.20171 -0.610822 0.562326
-0.234963 -2.5525 0.499 -0.0573488 -0.145971 -0.423145 -0.892386
-1.87897 3.62417 0.499 0.485511 0.839772 0.148598 -0.192304
-2.96609 -0.108387 0.499 0.739652 0.617778 -0.230258 0.135082
0.825391 -0.00884136 0.499 0.22958 0.534104 0.799537 0.150886
-3.10864 2.41767 0.499 -0.730202 -0.248852 0.132702 0.622308
3.2759 0.865567 0.498849 -0.608062 -0.320298 0.718712 0.105464
