41.1 1.79054 0.184268 1
-1.91514 3.43355 0.499 -0.118116 0.536782 -0.0351484 0.834673
1.4045 -1.40511 0.499 -0.487234 0.350406 0.549782 0.580998
-0.977149 -0.595936 0.499 0.0474768 -0.544704 0.317999 -0.774545
2.94948 -0.400051 0.499 0.0937947 0.849975 0.481296 -0.19261
-1.11744 2.57632 0.499 0.710416 -0.0264351 -0.428499 -0.557673
-1.91445 -2.29854 0.499 0.956558 0.122959 -0.232779 0.125271
-1.12561 0.595691 0.499 0.123418 -0.643855 0.358688 -0.664501
-0.64113 1.66043 0.499 0.461666 -0.380928 -0.00995046 -0.801036
-2.36092 0.74861 0.500766 0.75805 0.266534 0.523608 0.283115
2.08402 -2.19254 0.499 0.859722 0.458803 0.190996 -0.117887
-1.13352 4.62073 0.499 0.88772 0.246817 0.0649575 -0.383165
3.12785 -1.40749 0.499 -0.525151 -0.647754 0.549098 -0.0558834
-2.88885 -2.02761 0.499 -0.330925 0.282812 0.708575 0.555362
-2.01476 2.07872 0.499 -0.392341 0.544935 0.310705 -0.672738
-1.90913 -0.161147 0.499 0.45549 0.283845 -0.0365954 0.842984
5.92145 -1.08362 0.499 0.745249 0.440434 -0.443918 0.231428
-3.77552 0.454006 0.499001 0.017583 0.148742 0.129509 -0.980201
1.16749 -0.231009 0.499 0.0244903 -0.602597 -0.370691 0.706304
-3.55506 -0.844883 0.499 0.864651 -0.251107 0.205885 -0.383322
5.21561 0.111118 0.499 0.084259 -0.552118 0.689421 -0.461264
-2.91268 -0.0756942 0.497418 -0.965369 0.141511 0.175026 0.131921
3.02937 3.38613 0.499 0.181217 -0.912048 -0.0468606 0.364873
-3.30874 1.36966 0.49815 0.385641 -0.512318 0.611825 0.463121
4.40497 -2.86271 0.499 0.760233 -0.271395 -0.577512 -0.121946
-2.33374 -1.08427 0.499 0.0463493 -0.0154645 0.858481 0.510512
