109.7 -1.73514 -0.478848 1
1.49899 -3.38028 0.499 0.687656 0.709771 -0.0140896 0.152167
2.04276 0.81851 0.498993 0.840485 -0.518308 -0.0355685 0.153872
3.01987 0.606435 0.499007 -0.319902 0.501436 -0.285233 0.751577
-2.7694 -1.67102 0.499029 -0.562108 -0.706323 0.26617 0.338077
0.25485 0.0351752 0.498832 -0.730883 0.318257 -0.590905 0.123909
2.29786 2.28751 0.499 0.681564 -0.0906054 0.503907 0.522818
0.0177091 -2.18729 0.498856 0.587067 0.458662 -0.565783 -0.353372
-1.78202 -1.84047 0.498829 -0.703534 0.640796 -0.0867253 -0.294787
-2.6564 -3.28891 0.499 0.943224 0.224612 -0.0190478 0.243957
-0.805863 -1.61173 0.49911 0.722561 -0.612579 0.320223 0.0105122
-3.736 -1.41075 0.499 0.0695266 -0.349539 -0.818985 -0.449724
-0.972261 -2.63181 0.499 -0.00369103 0.628584 -0.115204 -0.769153
1.52119 -0.8781 0.536918 -0.418999 -0.438936 0.316063 0.729301
0.335912 -3.13911 0.498941 -0.285178 0.0919029 -0.945494 -0.127551
-3.4069 -0.0432511 0.499 -0.578093 -0.212766 0.300167 0.728312
-4.78929 0.246968 0.499 -0.00586612 -0.68233 0.552976 0.478131
0.416241 1.56274 0.499 -0.269661 -0.432272 0.860427 0.00948757
1.38998 1.84635 0.499 -0.699822 0.476985 -0.202644 0.4916
1.2814 0.0974389 0.499154 -0.608668 -0.495698 -0.211634 -0.582252
-1.28805 1.47252 0.499 -0.317715 -0.819663 0.11618 -0.46229
-0.806668 -0.361391 0.499 -0.123699 0.00814922 0.903202 0.410924
-2.75053 2.34846 0.499 -0.599545 -0.200095 -0.120172 -0.76555
1.87569 -2.39246 0.499 -0.133794 -0.728253 0.410975 -0.531833
0.704419 -1.45721 0.499018 -0.0017625 0.746365 -0.0114003 0.665437
-3.58942 -2.61539 0.499 0.456932 -0.719315 0.505173 0.136378
