93.4 0.90613 1.55529 1
0.379873 -1.72932 0.498977 -0.953302 0.149607 -0.194375 -0.176216
0.784218 0.781206 0.499 0.290673 -0.306312 -0.88912 -0.17649
0.91515 -0.823903 0.510409 -0.261378 -0.132071 -0.954736 -0.0521304
-0.33851 -3.56242 0.499209 0.107702 0.751959 0.624751 -0.180679
-2.38476 -2.36894 0.499 -0.536383 -0.389587 -0.0895023 0.743306
1.93496 0.790606 0.499 0.082541 0.472617 0.11299 0.870088
-0.371714 -0.944049 0.498138 -0.271934 -0.370313 0.0928465 -0.883346
-1.31142 -1.82494 0.499 0.0955237 -0.90262 -0.416311 -0.0532634
3.32416 -2.91474 0.499 -0.549868 -0.173879 0.815584 0.0472576
-1.43518 -0.592741 0.499 0.345459 0.849531 -0.388447 0.0898008
1.24515 -3.13706 0.499017 0.942489 0.0898429 -0.182969 -0.264889
0.258122 -2.75954 0.498785 -0.882961 0.375175 0.0114143 -0.281947
3.81116 -1.37912 0.499 0.25471 0.727892 0.572205 0.279065
1.95892 -0.315525 0.499 -0.752972 -0.10468 -0.025654 -0.649166
2.12709 -1.4796 0.499 0.223086 -0.892027 0.287227 0.268367
-2.72349 -0.820972 0.499 -0.798376 0.428891 -0.301647 -0.296069
-0.970896 0.359591 0.499016 -0.786069 -0.339529 0.0732633 0.51132
0.0811389 2.03055 0.499 0.410473 0.408975 0.381351 0.720293
-1.19713 2.16968 0.499 -0.616293 -0.0473116 0.378237 0.689116
-1.43217 -3.55684 0.499 0.41893 -0.550134 -0.36285 0.624652
-1.1439 3.19815 0.499 -0.714952 -0.365135 0.426359 0.416819
-3.97666 -0.0707561 0.499 -0.346847 -0.223121 0.508443 -0.75591
-0.0426897 0.00854324 0.513371 -0.651907 0.147609 -0.647841 -0.36542
-2.17123 0.23062 0.498989 -0.270611 -0.182929 0.266592 0.906772
4.5284 -2.40014 0.499 -0.34775 0.0327279 -0.281149 -0.893842
