106.5 1.59739 0.829668 1
2.29728 -2.17391 0.499 0.371849 -0.664071 0.0480404 0.646862
3.92382 1.04471 0.499 0.633305 -0.353952 -0.476139 0.496925
5.0837 0.531253 0.499 0.130431 0.907264 -0.398123 -0.0368424
-1.26783 -1.2379 0.499 -0.947962 0.185948 0.0388113 -0.25551
0.100362 1.11655 0.499 0.450877 0.201386 0.533886 -0.686381
6.53583 0.749186 0.499 -0.682023 0.515985 0.481498 0.191738
0.991072 -2.63814 0.499 -0.744098 -0.0180565 -0.0648569 0.66467
-0.515585 -1.97427 0.499 -0.471669 0.498273 0.707035 -0.171329
-0.789137 -3.82532 0.499 -0.417059 0.591093 0.421039 -0.547172
0.503111 -1.69303 0.499 -0.0362684 -0.263479 0.475693 0.838438
-2.38726 -1.46643 0.499 0.483501 0.746396 -0.263979 0.373411
0.446157 -3.5266 0.499 -0.513824 -0.690976 0.365549 0.353428
4.02813 -0.915012 0.499 -0.51138 -0.352589 0.124883 0.773677
1.63872 -3.57598 0.499 0.227969 -0.595995 0.703647 -0.31257
-2.55297 0.0395656 0.498328 -0.658987 -0.0948098 0.522573 -0.532601
-3.0754 0.887067 0.499672 -0.33457 -0.315019 -0.869761 -0.17984
1.30711 1.96037 0.499 0.299713 0.194019 -0.885025 0.298764
3.13192 1.98196 0.499 0.801544 -0.0452468 0.531101 0.270947
3.41331 0.17922 0.499 -0.910558 -0.145249 -0.338441 0.187733
-1.46124 0.939632 0.499 0.201273 0.453904 0.0406945 0.867066
0.507027 -0.670111 0.499 0.112587 -0.39439 0.835915 0.364729
-1.77409 2.73312 0.499 0.568183 0.749306 -0.227438 -0.252943
2.98682 -0.963735 0.498999 -0.896046 0.424787 -0.0933877 0.0890871
2.09903 -0.487869 0.499002 -0.303516 -0.942257 0.0362012 -0.13682
-1.7345 -2.28302 0.499 -0.281484 -0.827305 0.203389 0.44155
