104 -0.429003 -1.74813 1
1.34234 -0.405179 0.498997 -0.28374 0.160168 0.832126 0.448781
2.42423 2.49564 0.499 -0.785593 0.400449 0.344208 0.322498
2.7684 1.36464 0.499 0.664081 0.592307 -0.414158 -0.19142
-1.11179 0.184345 0.498757 0.0682865 0.354925 -0.659205 -0.659404
-0.933661 2.35908 0.498232 0.555559 -0.123982 0.36581 -0.736319
3.81642 1.09778 0.499 -0.450693 0.733929 0.472717 -0.186449
0.177566 -0.136169 0.499546 -0.414042 0.776781 -0.472817 -0.040313
-0.646016 -0.698301 0.49963 0.298133 0.355753 0.196132 -0.863765
-0.813694 -2.49982 0.501582 0.833585 -0.52665 0.164395 -0.0273829
-0.0756014 0.828962 0.498328 -0.614575 0.175499 0.211488 -0.739439
-2.35647 -1.40354 0.499 -0.454441 0.762296 0.00086207 0.460856
-0.32928 -1.63866 0.495766 -0.501871 0.694574 -0.503939 0.108347
2.41932 -0.475458 0.499 -0.480063 0.536047 -0.103078 0.686708
0.474752 -2.23097 0.500126 -0.488049 -0.73636 -0.1808 -0.432312
-2.59424 -0.409055 0.499 0.150468 -0.455145 -0.677516 -0.55783
-2.93581 2.59076 0.499 0.445508 -0.239026 0.631931 0.587412
-0.341438 3.21348 0.499045 -0.528571 0.130548 0.804957 -0.235826
1.84223 3.37941 0.499 -0.859074 -0.262086 -0.326495 0.294455
1.71174 1.67048 0.499 0.360064 0.87602 -0.307818 0.0905019
-2.12012 0.632854 0.498997 -0.455809 -0.739909 -0.0756208 -0.488932
0.36958 1.72325 0.508318 -0.731014 0.605593 0.162553 0.26917
-1.8348 3.19999 0.499001 0.560319 -0.401563 0.422207 -0.588668
1.38957 0.70666 0.499 0.602315 0.292359 0.621468 -0.406841
0.62705 2.87122 0.498982 -0.165081 0.934685 -0.131816 -0.285898
-1.35821 -1.64983 0.4987 -0.444899 0.259398 -0.850641 -0.105774
