54.3 -1.78655 -0.219634 1
0.569002 2.5858 0.498857 -0.565711 -0.679545 0.455513 -0.103429
-1.0181 -2.14152 0.497041 0.337964 0.532878 -0.061328 0.773344
2.25399 -0.28591 0.499745 -0.565973 0.0557808 -0.610217 -0.551542
1.64987 -1.08587 0.504707 0.275938 -0.564833 -0.705101 0.328108
1.57344 2.45116 0.499103 0.473686 0.256669 -0.179909 0.823028
-1.07025 -1.10906 0.499 0.267649 -0.789686 0.365347 -0.413861
1.65564 0.776697 0.507748 0.403586 -0.485513 -0.083819 0.770954
2.6582 0.630769 0.4991 0.663948 -0.426548 0.338895 -0.512231
0.12413 1.20355 0.49905 -0.657202 0.0731108 0.440129 -0.607476
-1.31714 -3.18105 0.499 -0.140606 -0.158515 -0.705601 -0.676188
2.72332 1.69125 0.499 -0.789367 0.253607 -0.498982 0.252193
0.89382 -1.74352 0.49903 0.515343 0.717663 0.412449 -0.221965
-1.15451 -0.103667 0.499254 0.481882 -0.254957 -0.816728 0.189054
1.05615 1.57986 0.498983 -0.0367301 0.0905749 -0.678519 0.728051
-0.106565 0.0436223 0.499001 -0.524894 -0.25299 0.0716359 -0.809537
3.64501 -0.260011 0.499 0.972658 0.0579848 -0.0326125 0.222508
-2.01878 -2.1328 0.502897 0.0975113 0.784223 0.102209 -0.604184
0.46097 -0.838457 0.499068 0.424047 -0.453355 -0.593485 0.512278
-2.40413 -3.05536 0.499466 -0.204169 0.00772661 0.77284 -0.60081
3.65724 0.759035 0.504488 -0.538483 -0.104646 -0.12084 -0.827335
-2.20366 -0.324112 0.499 0.501265 -0.277975 0.699339 -0.427069
2.24761 3.20069 0.498987 0.668693 0.741685 0.0300369 0.0430294
-0.808439 0.835695 0.512432 0.84594 -0.522773 0.101438 0.0283705
0.3309 -2.56978 0.499 -0.131125 -0.624703 -0.386065 -0.665963
0.919431 0.0624485 0.498978 -0.576643 0.228289 0.621429 0.478741
