10.5 1.21897 1.32443 1
3.5905 1.24799 0.499 0.514238 0.77573 0.340306 -0.13414
5.18471 2.15378 0.499 0.514238 0.77573 0.340306 -0.13414
2.7934 -2.88245 0.499 0.514238 0.77573 0.340306 -0.13414
1.3079 4.61755 0.499 0.514238 0.77573 0.340306 -0.13414
4.64123 1.24799 0.499 0.514238 0.77573 0.340306 -0.13414
2.02788 -3.89327 0.499 0.906373 0.0553881 0.305936 -0.286047
4.44038 -2.3291 0.499 0.577489 0.784707 0.197915 0.107569
5.36161 -1.9401 0.499006 0.847152 0.508492 0.0702585 0.137235
3.65895 -0.487792 0.499 0.585459 0.736632 0.316865 -0.119195
4.71369 -0.563609 0.499 0.514238 0.77573 0.340306 -0.13414
0.691953 1.97262 0.499 0.514238 0.77573 0.340306 -0.13414
1.23543 2.87842 0.499 0.514238 0.77573 0.340306 -0.13414
0.977152 -3.89327 0.499 0.906373 0.0553881 0.305936 -0.286047
-0.358771 5.52335 0.499 0.514238 0.77573 0.340306 -0.13414
4.12981 -1.37657 0.499 0.608877 0.734368 0.254546 -0.158679
3.66297 3.05958 0.499 0.514238 0.77573 0.340306 -0.13414
2.03253 0.269724 0.499 0.514238 0.77573 0.340306 -0.13414
0.220939 4.65378 0.499 0.514238 0.77573 0.340306 -0.13414
0.220939 -1.6868 0.499 0.514238 0.77573 0.340306 -0.13414
0.728185 3.74799 0.499 0.514238 0.77573 0.340306 -0.13414
2.7934 -1.07086 0.499 0.514238 0.77573 0.340306 -0.13414
2.86587 3.71175 0.499 0.514238 0.77573 0.340306 -0.13414
-0.90225 1.10306 0.499 0.514238 0.77573 0.340306 -0.13414
5.14847 0.37842 0.499 0.514238 0.77573 0.340306 -0.13414
1.74268 -2.84622 0.499 0.514238 0.77573 0.340306 -0.13414
