43.4 0.0191316 1.7999 1
-2.97578 4.70677 0.499 0.428782 0.645885 -0.526602 0.348811
0.796321 -1.24381 0.499 0.154608 0.243985 -0.901538 0.322174
-0.906533 0.410858 0.499 -0.644787 -0.248096 0.447021 0.568217
2.66987 -0.430888 0.499 -0.708139 -0.219601 -0.668874 -0.0540534
-1.60615 4.05973 0.499023 0.514957 -0.117819 0.849059 0.00610146
-1.88063 -1.52568 0.499 -0.0754517 0.198407 0.644742 -0.734336
-1.49093 2.18954 0.499 -0.21526 -0.740247 0.409645 0.487739
-1.03685 3.23729 0.498977 -0.157645 -0.683999 0.461198 -0.542762
-2.72312 2.31026 0.499 -0.180421 0.547564 0.695053 -0.429563
1.57403 -1.9858 0.499 -0.676208 0.44188 0.257137 -0.530439
-0.881271 5.6478 0.499 -0.793207 -0.260786 0.275012 -0.476636
2.82893 -1.45048 0.499 0.347018 0.331867 -0.178881 0.858746
-2.7042 -0.519011 0.499 -0.0210518 0.659701 -0.686035 -0.306116
-2.03624 3.11529 0.499 -0.722139 -0.615643 -0.262902 0.174303
-2.00586 1.32394 0.499 0.371176 0.756395 0.169396 -0.511272
4.73821 -0.375726 0.499 0.172832 0.820479 -0.0233006 -0.544426
-4.06059 1.74405 0.499 -0.512218 -0.813828 0.115325 -0.249033
0.569479 -0.00958698 0.499 0.847877 0.481209 -0.199026 -0.0996598
-3.74578 0.499971 0.499 -0.481615 -0.125328 0.788477 -0.361446
4.96426 0.69344 0.499 -0.0690588 0.583134 0.344696 0.732373
-3.02547 1.2439 0.499 -0.0934058 -0.0990383 -0.988303 -0.0687325
2.52293 3.84779 0.499 0.721978 0.396619 0.392375 0.409246
-3.83438 2.80324 0.499 -0.272199 0.439364 0.581737 0.628052
3.62505 -2.27013 0.495633 0.442478 0.296292 0.632883 -0.562035
-2.12274 0.318583 0.499 -0.784541 0.47865 -0.384958 0.0848302
