79.6 1.02325 1.48086 1
0.672532 -0.254978 0.499 -0.830017 0.176832 0.195559 0.491487
-1.21282 0.207628 0.499 0.698777 -0.628465 0.00453933 0.341645
2.06794 -3.37899 0.499 0.142022 -0.0401175 -0.987734 0.0510008
-0.451099 -3.5167 0.499271 -0.442736 -0.252673 0.845536 0.158777
-1.43364 -3.07252 0.499 0.204887 -0.485409 0.544705 -0.652453
-3.22718 0.209641 0.499 -0.0840604 -0.82341 0.0502399 0.558933
1.36642 1.19413 0.499 -0.0394546 0.698265 0.342963 0.627093
1.06869 -1.51839 0.499 -0.364742 0.242453 0.322104 0.839303
3.66541 0.641222 0.499 0.427426 -0.331732 0.584136 -0.605018
-0.514693 -0.77194 0.499 -0.0539987 -0.335045 0.329835 0.88093
5.08864 -1.90424 0.523283 -0.565946 0.610814 -0.535776 0.139842
1.06267 -3.59812 0.499 -0.0488198 -0.325762 -0.764735 -0.553784
-1.52816 2.07274 0.499 0.139784 0.505902 -0.263579 0.809351
2.87794 3.18715 0.499 0.467208 0.618588 -0.620212 0.120015
2.76785 -0.358301 0.499 0.647057 0.208313 -0.625244 -0.383396
-0.516118 -2.53211 0.498806 -0.764893 0.21078 0.53404 0.292082
-1.66875 -0.913018 0.499059 -0.563348 0.276156 0.0973677 -0.772591
0.364544 0.859853 0.499 0.385126 -0.51721 0.17305 0.744463
-2.64743 -0.685943 0.498941 -0.320536 0.528425 0.0302981 -0.785561
0.661145 -2.58001 0.499 0.370758 -0.223564 -0.126525 0.892496
-2.09475 0.726382 0.499 0.743637 0.233292 -0.367663 -0.507349
0.0548856 -1.7199 0.499299 0.11927 0.32309 -0.472046 -0.811517
3.01846 1.86443 0.499 -0.60735 0.534284 0.587862 -0.00918246
-1.31476 -1.93711 0.498633 -0.0847257 0.7846 0.0865388 0.608058
0.804342 2.69053 0.499 0.52452 -0.285457 -0.78361 -0.171312
