80.2 0.0988302 1.79728 1
1.1509 0.0507315 0.502184 -0.760393 0.196617 -0.30315 0.53967
-0.752673 0.511234 0.499 0.644792 -0.113042 0.180849 0.734002
2.19934 -2.44807 0.499 0.151146 0.278256 -0.924139 0.213764
-0.316826 -3.18249 0.499 -0.921941 -0.137601 0.296908 0.207212
-1.4929 -2.84811 0.499 -0.0102359 -0.855572 0.514373 -0.0575478
-3.03257 0.753575 0.498955 0.13411 -0.293756 0.110116 0.939998
1.85772 1.49408 0.499 -0.645157 0.74973 0.145883 0.0198889
1.33442 -0.926227 0.496745 -0.194505 0.412003 -0.0464906 0.888966
3.73439 0.894843 0.499 0.361288 -0.312411 0.78842 -0.387639
-0.28393 -0.396827 0.498882 -0.0501939 -0.040959 0.295578 0.953119
4.14778 -1.39694 0.498983 -0.885072 0.32461 -0.326562 -0.0680627
1.24199 -2.87494 0.499001 -0.217839 -0.757791 -0.488031 -0.374333
-1.23817 2.22502 0.499 0.554538 0.525578 -0.628517 0.14568
2.89753 3.55868 0.499 0.456744 0.725367 -0.504603 -0.102972
2.86029 -0.312416 0.499 0.647894 0.464175 -0.13231 -0.589296
-0.464831 -2.10086 0.499 -0.813656 0.233002 0.462162 0.264727
-1.54206 -0.526643 0.499 -0.601543 -0.0504606 -0.0043332 -0.797233
0.889969 1.14649 0.499 0.125371 0.126494 -0.0153626 0.983893
-2.49593 -0.0951009 0.499045 -0.580219 0.232062 -0.30269 -0.719634
1.00929 -1.89298 0.498821 -0.0558192 -0.000119826 0.0247325 0.998135
-1.60774 1.12441 0.499 0.688633 0.0471996 -0.00311193 -0.723565
0.242181 -1.25011 0.499261 0.0495086 0.0479165 -0.480553 -0.874255
3.24727 2.12255 0.499 -0.856441 0.486754 0.0509199 0.164274
-1.329 -1.51818 0.499 -0.227134 0.75014 0.0504496 0.618995
1.02283 3.18813 0.499 0.783806 -0.289937 -0.525682 -0.158881
