40.5 1.73733 -0.470823 1
-1.78572 3.03459 0.499 -0.0797319 0.689321 0.221905 0.685009
1.41588 -1.514 0.499 -0.338558 0.51307 0.778659 0.125808
-1.18085 -0.909835 0.498938 -0.0588364 -0.585623 0.0389224 -0.807508
2.87514 -0.458815 0.499 0.578825 0.610388 0.361126 -0.402464
-1.01569 2.17398 0.499 0.647521 -0.352382 -0.433201 -0.518537
-2.10349 -2.56318 0.498942 0.931356 -0.234072 -0.159625 0.228707
-1.04653 0.197994 0.499 -0.18049 -0.683288 0.268327 -0.654631
-0.558618 1.25362 0.499 0.483531 -0.575642 -0.204686 -0.626847
-2.26985 0.467127 0.499 0.721117 0.00935897 0.692143 0.0289898
2.06979 -2.31328 0.499 0.964735 -0.0467057 0.13223 -0.222757
-1.34842 4.2866 0.499 0.974536 0.00308692 -0.146086 -0.170084
3.05855 -1.46309 0.499 -0.791868 -0.226348 0.441353 -0.356257
-3.10843 -2.52033 0.498182 -0.253731 0.107577 0.869775 0.409316
-2.31407 1.91162 0.499 0.208583 0.673546 0.209704 -0.677387
-2.14859 -0.658426 0.499629 0.378087 0.142456 0.093843 0.909918
5.79279 -1.15874 0.499 0.821849 -0.0407456 -0.280594 0.494136
-3.87779 0.0838257 0.498995 0.0568571 0.15036 0.0123332 -0.986918
1.17622 -0.355581 0.499 -0.178145 -0.528033 0.117282 0.822004
-3.76066 -1.39385 0.498444 0.896888 -0.30151 0.00538388 -0.323505
5.07879 0.00409892 0.499 -0.150504 -0.491856 0.327132 -0.792724
-3.14629 -0.606069 0.499419 -0.933691 0.181245 0.199759 0.235518
3.01421 3.19889 0.499 -0.252722 -0.881053 0.117252 0.382268
-3.28198 1.01005 0.499 0.19707 -0.51103 0.768304 0.331242
4.32062 -2.99885 0.499 0.51082 -0.594933 -0.590685 0.190285
-2.59332 -1.54685 0.498463 0.202698 0.0790899 0.844106 0.490044
