85.3 1.79193 -0.170259 1
1.36249 -0.494138 0.498933 0.691578 -0.0382259 0.425463 0.582443
0.314752 1.29782 0.499 -0.186326 0.212071 0.571681 -0.770383
2.30498 -1.23193 0.499 -0.512777 0.088091 0.0894423 -0.849294
1.47898 -3.31075 0.499 0.533653 -0.591821 0.603585 -0.0254482
-0.643022 -2.60163 0.499 0.898986 -0.289532 -0.248916 0.214562
-0.688193 3.85764 0.499 -0.565272 -0.270193 0.0488832 0.777865
0.978085 0.46243 0.499 -0.710541 0.0827131 0.676385 -0.175478
0.682255 -1.26516 0.499 0.00758426 -0.875789 0.454917 -0.1612
3.87106 -0.324919 0.499 0.719269 0.113013 0.323991 0.604078
-0.0705401 -0.0883758 0.499 -0.573719 -0.26479 -0.593303 -0.498722
3.75349 -1.83813 0.499 0.404138 -0.490108 -0.416608 0.650311
2.67565 -2.46447 0.499 0.36367 0.779633 0.234116 0.452887
0.373032 3.60274 0.499 0.0508346 -0.58849 -0.387533 0.707753
1.79916 1.32191 0.499 -0.333599 -0.482728 0.582925 0.562036
2.85604 -0.342595 0.499 0.103727 0.515123 -0.834736 -0.164632
-1.42255 -1.54816 0.499 -0.303889 -0.371104 -0.429775 0.765001
-0.688364 0.917359 0.499 0.739889 -0.0756704 0.648547 -0.161944
0.272933 2.34438 0.499 -0.766045 -0.530516 0.125327 -0.340619
-2.15853 2.75935 0.499 0.0575488 0.444783 -0.571241 -0.687415
0.377301 -2.2624 0.499 0.646658 0.40723 -0.644441 -0.0263221
-0.936563 2.17432 0.499 0.0794186 0.63462 0.73893 0.211973
-1.03466 -0.550898 0.499 0.330579 0.592465 0.730939 0.0736932
1.97606 0.295447 0.499067 -0.580821 -0.732969 0.214671 -0.281639
-1.82705 0.2558 0.499 -0.305477 -0.541141 -0.682441 -0.38487
2.51574 2.37452 0.499 -0.0103213 -0.293293 -0.0345769 0.955341
