72.1 1.67301 0.664099 1
2.05595 -0.369371 0.499 -0.130938 0.123105 -0.822765 -0.539221
-1.71147 -0.545615 0.508216 -0.885958 -0.228433 -0.376957 0.144222
2.29728 -3.73458 0.499 -0.107972 0.925336 -0.0705099 0.356545
-0.397136 -1.9791 0.497851 -0.178737 0.850066 -0.00488861 -0.495397
0.87456 -1.24138 0.499 -0.325304 0.710118 0.122158 0.612362
-2.85784 -1.86027 0.495514 -0.207248 -0.810467 0.500704 0.222457
0.937044 -0.216655 0.499088 -0.2977 -0.0475455 0.0296126 0.953015
3.79999 -1.12028 0.499 0.219491 0.148517 0.285105 -0.92113
1.69979 0.570827 0.499 0.249333 0.602586 0.0497724 0.75647
-1.87194 -1.55698 0.531588 -0.197622 -0.520367 0.150826 0.816955
2.50963 1.7323 0.499 -0.678239 -0.507379 0.154364 0.508656
1.12161 -2.27204 0.499 0.415005 -0.283569 0.230437 -0.833222
-2.62175 -0.137637 0.497612 -0.428986 -0.460913 0.402248 -0.664625
1.02718 1.40002 0.499 -0.139699 -0.516946 0.259236 -0.803771
0.0261882 1.17112 0.499 0.474182 0.648157 0.455449 -0.384201
3.79408 -3.74507 0.499 -0.255946 0.476142 -0.702586 -0.462767
-1.5858 -2.52029 0.499052 0.217684 -0.240172 0.015982 -0.945873
-0.501466 -0.20963 0.498978 -0.0356603 0.318364 0.350958 0.879887
-1.36263 -3.71194 0.499 0.895032 0.404951 0.0494941 -0.180231
2.20458 -2.43851 0.499 -0.778776 0.428917 0.262232 0.375196
-3.34233 -0.901718 0.499 0.908839 0.259573 0.308195 -0.107932
2.79796 -1.04579 0.499 -0.236209 -0.361888 0.334183 0.837594
-1.30772 1.59649 0.498997 0.53293 -0.206472 0.602047 -0.557579
-0.9033 -1.12695 0.499999 0.416884 0.422598 -0.236106 0.769333
-1.15726 0.560339 0.498999 -0.535709 -0.238018 0.25615 -0.768603
