76.6 -0.378116 -1.75984 1
-0.633007 -0.874731 0.499 0.486367 -0.783948 0.371633 -0.103741
-3.45537 -0.0995798 0.499 -0.378318 -0.411822 0.756017 0.340171
1.56789 -5.03501 0.499 0.955994 0.0626319 0.244493 0.149586
-1.51369 -5.45997 0.499 -0.622206 -0.551693 0.311202 0.460053
-1.92051 -3.69989 0.499 -0.162357 -0.519441 0.777653 0.314764
-4.26293 -0.847206 0.499 -0.00251981 -0.469439 -0.776307 -0.420676
-1.39061 -0.162352 0.499 0.679441 0.109312 0.702994 -0.179472
1.24163 -1.61731 0.499 0.278203 -0.688471 -0.529192 -0.410569
2.43634 0.0113491 0.499 0.37642 -0.656616 0.377086 0.533825
-2.4833 -1.25098 0.499 -0.326048 -0.141021 -0.891724 0.280416
3.72791 -0.660667 0.499 0.7096 0.384433 0.58534 -0.0778196
-0.405447 -5.02244 0.499 0.153558 -0.356558 0.689007 -0.61201
-3.13058 1.52886 0.499 0.310367 -0.787136 -0.462447 -0.265014
1.9064 1.89603 0.499 0.256213 0.80381 0.398837 -0.359408
1.43691 -0.0215845 0.499 0.765395 -0.389997 0.0782624 0.505912
0.387533 -2.79464 0.499 0.875322 -0.316332 0.357868 0.075335
-3.76887 -1.73141 0.499 -0.652638 -0.573639 -0.175942 -0.462651
-2.4509 -0.056005 0.499 -0.140628 -0.56984 0.781419 0.211871
-4.65424 -2.67961 0.499 -0.664629 -0.188328 0.636146 0.343685
-0.871749 -3.67081 0.499 -0.303215 0.8868 0.343031 -0.0630573
-4.46374 0.171967 0.499 -0.0706494 0.601145 -0.00523077 0.795994
0.244601 -1.53859 0.499 0.404563 -0.646188 0.629509 -0.149965
1.00761 1.14811 0.499 0.479161 -0.696497 0.527732 0.0824375
-1.41213 -2.241 0.499 -0.213531 -0.607048 0.590691 -0.486806
-0.868137 1.08242 0.499 0.675751 0.62489 -0.370096 0.1261
