7.8 1.61586 0.793086 1
3.70391 1.09617 0.499 0.835681 0.534432 0.124074 -0.0250173
5.29811 2.00197 0.499 0.835681 0.534432 0.124074 -0.0250173
2.90681 -3.03427 0.499 0.835681 0.534432 0.124074 -0.0250173
1.4213 4.46573 0.499 0.835681 0.534432 0.124074 -0.0250173
4.75463 1.09617 0.499 0.835681 0.534432 0.124074 -0.0250173
2.18972 -4.42683 0.498999 0.986901 0.0744557 0.0947007 -0.10731
4.79659 -2.49021 0.499017 0.839746 0.53225 0.107383 -0.00223644
5.79362 -2.4107 0.498998 0.880979 0.464333 0.0723072 0.0551546
3.81261 -0.715425 0.499 0.835681 0.534432 0.124074 -0.0250173
4.8271 -0.715425 0.499 0.835681 0.534432 0.124074 -0.0250173
0.805359 1.82081 0.499 0.835681 0.534432 0.124074 -0.0250173
1.34884 2.7266 0.499 0.835681 0.534432 0.124074 -0.0250173
1.139 -4.42683 0.498999 0.986901 0.0744557 0.0947007 -0.10731
-0.245366 5.37153 0.499 0.835681 0.534432 0.124074 -0.0250173
4.31378 -1.61326 0.498986 0.840537 0.52843 0.116362 -0.0268211
3.77637 2.90776 0.499 0.835681 0.534432 0.124074 -0.0250173
2.14594 0.117909 0.499 0.835681 0.534432 0.124074 -0.0250173
0.334345 4.50197 0.499 0.835681 0.534432 0.124074 -0.0250173
0.334345 -1.83861 0.499 0.835681 0.534432 0.124074 -0.0250173
0.841591 3.59617 0.499 0.835681 0.534432 0.124074 -0.0250173
2.90681 -1.22267 0.499 0.835681 0.534432 0.124074 -0.0250173
2.97927 3.55994 0.499 0.835681 0.534432 0.124074 -0.0250173
-0.788844 0.951242 0.499 0.835681 0.534432 0.124074 -0.0250173
5.26188 0.226604 0.499 0.835681 0.534432 0.124074 -0.0250173
1.85608 -2.99803 0.499 0.835681 0.534432 0.124074 -0.0250173
