61.1 -1.73213 0.489633 1
-0.270474 3.5776 0.499 0.594549 -0.627418 0.0832826 -0.495906
-1.17094 0.098377 0.499 -0.474914 -0.620436 -0.567983 -0.258673
1.49495 -0.972294 0.499 0.159167 0.107982 -0.955714 0.222748
1.41879 -2.51266 0.499 0.817273 -0.0542055 0.0718504 0.569179
0.570736 1.99904 0.499 -0.781317 0.616656 0.0785304 0.0557866
-2.21973 -0.265717 0.499 -0.36727 0.0262951 -0.00574607 -0.929725
0.892673 0.185565 0.499 -0.707379 0.666618 -0.222042 -0.0770284
1.9742 -0.0219485 0.499 -0.412479 0.71726 0.435664 0.354396
-0.619063 2.62255 0.499 0.438558 -0.367881 0.0852748 0.815511
-0.809104 -0.979803 0.499 -0.833519 -0.0425067 0.505578 0.218703
2.21993 1.18228 0.499 0.233346 0.507876 0.671098 -0.487073
0.701637 -1.79216 0.498986 0.295781 0.0436301 -0.675202 -0.674324
-2.95586 0.43613 0.499 -0.299884 -0.724725 0.571923 -0.240306
0.257029 1.02599 0.499 -0.156605 0.484264 0.0611634 -0.858616
-0.929371 1.63501 0.499 0.143025 0.693421 0.445008 -0.548342
2.14164 -1.75433 0.499 0.320117 -0.543757 -0.774169 -0.0501572
-1.98401 -2.19476 0.499 -0.442615 0.124894 -0.803669 -0.377636
0.240843 -0.850101 0.499 -0.716075 -0.68672 0.0516877 0.113928
-2.9311 -2.67352 0.499 0.476649 -0.756189 -0.0568157 -0.444697
2.87433 -0.683747 0.499 0.122244 0.00775983 -0.879413 -0.460031
-3.18485 -1.54512 0.499 -0.350873 -0.314694 -0.705555 0.529195
0.852261 3.31649 0.499 -0.346743 -0.776599 0.510932 0.124945
-2.07394 1.43964 0.499 -0.475952 0.376498 -0.794781 -0.00649996
-0.161796 -2.29652 0.499014 0.295606 -0.247654 -0.38676 -0.837676
-0.119933 0.0827741 0.499 0.516316 0.698191 -0.139376 -0.475942
