103.3 -1.38961 -1.14411 1
1.18954 0.158347 0.499 -0.106078 0.169267 0.655408 0.72838
2.05113 3.15085 0.498999 -0.924869 0.358728 0.0950427 0.083059
2.19865 1.83225 0.499987 0.250832 0.791031 -0.433307 -0.351565
-0.705636 1.32471 0.510741 -0.115979 0.103508 -0.568649 -0.807758
-1.22083 2.57825 0.499 0.597215 0.440999 0.501924 -0.443764
3.1093 1.43099 0.498252 -0.68517 0.48319 0.532283 0.117233
0.232288 0.678494 0.498847 -0.139292 0.710623 -0.468015 -0.506532
-0.436744 -0.067237 0.523748 0.243203 0.491383 -0.074246 -0.832996
-0.825596 -2.47855 0.499 0.960398 -0.00477755 0.0488698 0.274271
-0.0382331 2.11831 0.499118 0.10898 0.103555 -0.0390568 -0.987863
-2.33885 -1.60082 0.499 -0.979309 0.0926579 -0.00562528 0.179822
-0.359014 -1.06745 0.498933 -0.617493 0.569644 -0.542409 0.000592955
2.12696 -0.194067 0.499 -0.613113 0.239928 -0.45365 0.600606
0.404088 -1.81632 0.499 -0.177736 -0.836775 -0.156174 -0.493788
-2.53132 -0.559066 0.499 0.30142 -0.453458 0.0156783 -0.838615
-2.8895 3.83215 0.493518 0.560436 -0.500049 0.391151 0.531849
-0.774547 4.05993 0.497636 -0.575663 -0.00749182 0.577494 -0.578841
1.51279 4.01877 0.499 -0.256767 -0.41636 -0.468058 0.73596
1.38109 2.39777 0.498789 0.484871 0.77466 -0.403276 -0.0465829
-2.11574 0.513584 0.499 0.618468 -0.366156 -0.133517 -0.682349
0.529491 2.9685 0.498287 -0.506475 0.634645 -0.353345 0.464603
-1.67303 3.51364 0.534861 0.548541 -0.126946 0.529266 -0.634716
0.970424 1.38324 0.498998 0.763725 -0.114128 0.607466 -0.186236
0.440729 4.02755 0.499029 0.075977 0.889921 0.339997 -0.294398
-1.28184 -1.54715 0.499 -0.338599 0.163503 -0.679081 -0.630449
