105.3 1.46457 -1.04644 1
1.82647 -1.50382 0.499 -0.185672 -0.392491 0.833976 0.340529
3.25145 1.55262 0.499 -0.149831 -0.263865 0.450325 0.839722
4.00365 0.752502 0.499 0.687811 0.54171 -0.453265 0.167384
-1.38174 -0.8375 0.499039 -0.43165 0.643359 -0.476424 -0.415677
-0.41856 1.53426 0.499 0.462665 -0.220598 0.133105 -0.848269
5.28288 0.742688 0.499 -0.191945 0.815565 0.532218 -0.121466
0.53366 -1.69236 0.504407 -0.669877 0.461564 -0.221729 0.537643
-0.623153 -1.53146 0.499 0.0994097 0.428 0.350711 -0.827004
-0.816733 -3.36912 0.499 0.340608 -0.174164 0.120562 -0.916034
0.168355 -0.762251 0.498388 -0.600699 0.13898 0.786658 0.0318563
-2.29474 -1.3052 0.498982 0.508938 0.700277 0.0679548 0.49596
0.135288 -2.60939 0.498428 -0.895452 0.262129 0.248626 0.260074
3.24268 -0.853665 0.499 -0.40575 0.259912 0.485065 0.729743
1.07532 -3.10655 0.499 -0.456423 -0.678096 0.0833972 -0.570008
-2.54306 -0.205259 0.499 -0.602084 0.204522 -0.663912 -0.393556
-2.97702 1.17304 0.499 -0.00542916 -0.25087 0.207571 0.945489
0.59888 2.40832 0.499 0.193731 0.101267 0.557012 0.801218
2.57382 2.48009 0.499 -0.301333 -0.202492 0.485512 -0.795282
2.6448 0.729501 0.499 -0.267582 0.760716 -0.132865 0.576245
-1.95469 0.697271 0.499 -0.581178 0.269087 0.531627 0.554253
0.411529 0.205917 0.499982 -0.371157 0.277401 0.885463 0.0352912
-1.83056 2.79079 0.499 0.832994 -0.19812 -0.143005 -0.496407
2.23733 -0.257503 0.499 0.140244 0.95833 0.125526 -0.21489
1.45359 0.836878 0.499 -0.883686 0.254244 -0.38866 -0.0583335
-1.53461 -2.10495 0.499 -0.765014 -0.0500525 -0.285624 0.575037
