30.9 1.14996 1.38477 1
0.403966 0.0637045 0.497426 -0.909315 0.191811 0.353302 0.107386
1.63289 -0.431487 0.498938 -0.69948 0.566339 0.375818 0.22079
0.767501 -3.8388 0.499778 0.803063 -0.552699 -0.141406 -0.172099
1.8379 2.34408 0.499 -0.687705 0.68009 0.252601 -0.0270523
0.739073 -0.877415 0.500884 0.497342 0.515701 0.687002 -0.121373
-0.237895 -3.81655 0.499195 0.210972 0.531295 0.496354 -0.653336
0.675396 -2.84727 0.498693 0.433436 -0.522308 0.549546 0.487162
0.857047 -1.86784 0.498546 0.816267 0.103535 -0.397342 0.406336
-0.521387 -0.496087 0.499 -0.168882 0.980902 0.0964018 -0.00409508
1.94967 -1.5898 0.499 -0.122376 0.697499 0.275423 -0.650124
0.0325479 0.992432 0.499157 0.396916 0.877871 0.252905 -0.0885446
2.13445 0.877827 0.499 0.414496 0.132484 0.16782 0.884577
-1.09354 -3.28536 0.498835 0.62567 0.540815 0.259068 -0.498939
-1.08795 1.90084 0.49933 -0.294868 0.273085 -0.541219 -0.73862
-0.313609 -1.51073 0.499015 0.672009 0.588261 -0.43738 0.10513
3.80884 1.16532 0.499 -0.0363152 0.687478 -0.169128 -0.705302
-1.7931 0.00816468 0.499 -0.632688 0.527387 0.519806 -0.22665
1.18349 1.38035 0.499 0.607365 0.729014 -0.161936 -0.270966
-1.41059 -2.3134 0.499 0.143288 0.909973 0.0133885 -0.388894
2.96415 1.81791 0.499 0.127016 0.00237129 0.579012 0.805361
-1.27793 -1.24205 0.499084 0.423184 0.757527 0.181675 0.462669
2.84616 3.72912 0.499 0.880857 0.370606 0.173942 0.237668
-0.965067 0.908485 0.498736 0.860408 0.411221 0.0500512 0.296799
3.04554 -1.65101 0.499 0.391532 0.39777 0.585588 -0.58785
-0.356955 -2.51025 0.498901 0.418848 0.670058 -0.5814 0.193814
