96.3 -1.52637 -0.954048 1
-0.109531 -0.294302 0.499 0.0543123 0.024221 -0.941611 -0.331411
0.892526 1.69199 0.499 -0.231153 -0.834433 0.241917 0.437912
0.509185 0.52331 0.499 0.0660316 -0.591287 -0.29942 0.7459
-2.18073 -1.80791 0.499 0.262779 -0.624822 -0.724599 0.124506
-4.51788 -1.89118 0.499 0.192792 -0.506453 0.725665 0.423966
1.58005 0.601273 0.498989 0.655281 -0.0588593 -0.747471 -0.0918124
-1.44123 -0.233263 0.499 -0.681473 -0.25719 -0.456943 0.51054
-3.17051 -1.44507 0.499006 0.466773 -0.861256 -0.000712806 -0.200901
0.696886 -3.32234 0.499 -0.0528332 -0.887526 0.441505 0.120745
-2.51762 -0.314808 0.499 0.579254 -0.404888 -0.691487 -0.149588
-0.540864 -3.58029 0.499 -0.0834702 0.219087 0.186393 -0.954092
-0.436455 -1.24415 0.499 0.510108 0.097653 -0.54365 0.659317
1.89461 -0.365941 0.498704 0.93403 -0.188975 0.193881 0.232996
0.817519 -0.775589 0.499 -0.962639 0.0316198 0.266312 0.0374856
-0.134783 -2.48889 0.499 0.560724 0.252122 0.0203896 0.788421
-3.56119 -0.509883 0.498994 0.342102 -0.182877 -0.495056 0.777458
-2.20727 0.645728 0.499 -0.622714 0.388754 0.206178 0.646984
0.255683 2.61374 0.499 0.592133 0.372169 -0.476609 -0.532646
-0.856316 1.53269 0.499 0.555251 -0.390788 0.289748 -0.674557
-4.20779 -3.08779 0.499 0.0515144 0.448025 0.476596 0.754637
-1.46587 2.84217 0.499 0.946403 0.310149 0.0307437 -0.0847573
-5.62149 0.105128 0.499 -0.708787 0.191304 0.515124 -0.442348
-0.673152 0.550058 0.499 0.312975 0.0223444 -0.763705 0.564182
-2.89735 1.82937 0.499 0.518118 0.419693 0.702577 -0.248593
1.33374 -2.24111 0.499 0.297056 0.591242 -0.704529 -0.256573
