29.5 1.74687 0.434121 1
0.800543 -0.15979 0.499 -0.501853 0.612429 0.494093 -0.35909
2.0262 -0.493861 0.499 -0.0223179 0.643132 0.609177 -0.463451
1.10126 -4.76235 0.498991 0.774408 -0.454478 -0.427787 -0.103641
1.90985 2.48485 0.499 0.438368 0.681025 0.555404 -0.188588
1.30488 -1.36911 0.499 0.676704 0.364675 0.41046 -0.490517
0.138675 -4.23386 0.499 0.64637 0.300291 0.134246 -0.688483
1.06311 -3.73692 0.499 0.558514 -0.352357 0.681498 0.315385
1.31553 -2.67634 0.499 0.649354 -0.028392 -0.378321 0.659096
-0.0381689 -0.725212 0.499 0.535958 0.842087 0.0387748 0.0462054
2.14644 -2.08343 0.499 0.594131 0.56345 0.250682 -0.516421
0.342287 0.755908 0.499 0.925575 0.338551 0.164903 0.0387483
2.28086 0.773891 0.499 0.218253 -0.583624 0.590498 0.512894
-0.628903 -3.47057 0.499 0.799018 0.0807079 -0.333308 -0.493926
-0.822956 1.7658 0.499 0.0247388 0.704399 -0.705347 -0.0754776
0.204645 -1.93291 0.499 0.84279 0.240267 -0.254301 0.409033
3.71465 1.15528 0.499 0.487792 0.69855 -0.47777 0.214061
-1.23152 -0.246044 0.499 -0.0951844 0.711161 0.361526 -0.59539
1.17101 1.41841 0.499 0.631689 -0.138288 -0.721907 0.246365
-1.01692 -2.47817 0.499 0.773017 0.594344 -0.197996 -0.0999931
2.85091 1.73346 0.499 0.307363 -0.600227 0.737558 -0.0355467
-0.773446 -1.4451 0.499 0.857721 0.223805 0.380018 0.264219
3.01678 3.45748 0.499 0.888245 -0.37744 -0.0462429 0.257723
-0.752187 0.752177 0.499 0.854078 -0.437975 -0.0777121 0.269609
3.12473 -1.78597 0.499 0.8099 0.0506301 -0.136397 -0.568237
0.312528 -3.06299 0.499 0.669309 0.369536 -0.591931 0.255122
