21.2 -1.75296 -0.408832 1
1.67311 0.507744 0.499 -0.568739 0.754364 -0.31563 0.0885888
3.1679 0.956692 0.499 -0.463695 0.789788 -0.117009 -0.384097
1.22658 -3.97784 0.499 -0.298529 0.421921 -0.455892 -0.724587
0.458769 4.12223 0.499 -0.352253 0.106346 -0.924104 -0.103152
2.64025 0.00433608 0.499 0.126142 0.691663 -0.202391 -0.68171
0.300003 -3.5197 0.499 -0.681156 0.533966 -0.398029 -0.304105
1.63202 -3.03612 0.499 0.930474 0.201844 -0.164253 -0.257873
1.84812 -2.05911 0.499 0.294169 -0.521615 -0.671763 -0.436023
1.10665 -0.424971 0.498959 0.162381 0.347937 -0.913149 0.136865
2.72536 -1.41098 0.499 -0.349281 0.742226 -0.555404 -0.136491
-0.157173 1.4773 0.499 -0.352253 0.106346 -0.924104 -0.103152
0.422946 2.31259 0.498967 -0.327087 0.0910314 -0.927239 -0.157973
-0.644823 -3.0876 0.499 -0.628819 0.552193 -0.518068 -0.176847
-1.23078 4.81085 0.498506 -0.373517 -0.0152482 -0.878072 -0.298735
1.07227 -1.42388 0.499093 0.33985 -0.218371 -0.807081 -0.430623
2.59827 2.35121 0.499 -0.631724 -0.0528227 -0.749043 -0.192534
0.0862167 -0.383912 0.498986 -0.483056 0.76032 -0.432761 -0.0358881
-0.600326 4.03175 0.49922 -0.28335 0.154321 -0.915484 -0.240388
-0.695476 -2.089 0.498923 -0.410785 0.131062 -0.901351 -0.0405603
-0.064765 3.18545 0.498966 -0.306818 0.0334571 -0.933878 -0.180599
0.0112531 -1.38177 0.499091 0.583177 0.204348 -0.741971 -0.26005
2.01674 3.21643 0.499 -0.352253 0.106346 -0.924104 -0.103152
-1.75138 0.607733 0.499 -0.352253 0.106346 -0.924104 -0.103152
3.50218 -0.684802 0.499 -0.396462 0.563481 -0.395104 -0.607618
0.590099 -2.3037 0.498948 -0.507396 -0.156861 -0.844525 -0.0687117
