113.5 1.47617 1.03 1
-0.0150055 -4.16126 0.499199 -0.304037 0.250903 0.101088 -0.91345
-0.118463 1.69535 0.49902 0.604103 0.259852 0.499832 0.563653
2.02161 0.694239 0.499 -0.240029 0.262531 -0.361094 -0.862018
-1.85698 -0.590766 0.499 0.471487 -0.683304 0.309271 0.46384
0.239421 -0.783777 0.499 -0.930994 -0.168762 -0.272012 0.175438
-0.295947 3.37631 0.49943 -0.25635 0.16667 0.409621 0.859486
-1.00458 -2.85161 0.497783 -0.168011 -0.72383 0.135718 -0.655304
-1.92924 0.427734 0.498998 0.718651 -0.184978 0.659854 -0.117968
-2.0109 -2.84411 0.499 -0.534651 0.366539 -0.0797353 -0.757258
-0.798758 -0.502925 0.499 -0.654199 -0.423575 -0.579225 0.238968
-2.88672 -0.661871 0.498999 0.012951 -0.330279 0.251351 0.909709
-1.10592 -1.71305 0.499 0.173097 -0.754379 0.584726 -0.242993
1.72419 -1.92748 0.499 0.843085 -0.0670356 -0.0720766 0.528695
-1.4628 -4.06838 0.499 0.697093 0.36713 0.587477 -0.184791
-2.93309 0.432934 0.499025 0.0735532 -0.928084 0.113523 0.346933
-3.93337 0.379751 0.498968 0.343169 -0.261618 0.672764 0.600982
-1.1582 2.04711 0.498124 0.759395 0.412943 0.224459 -0.449907
-1.23988 3.04539 0.499483 0.753421 -0.0876085 -0.635647 0.14365
0.999998 0.164857 0.499 0.275365 0.469897 0.755423 0.364289
-2.07876 1.44917 0.498981 -0.912372 0.349613 0.00493639 0.212892
-0.971781 0.972255 0.499 0.363363 0.768953 -0.3604 0.383133
-3.26359 1.4648 0.499 -0.714684 0.238179 0.657569 0.00998308
-0.046203 -3.10174 0.500234 -0.0914404 -0.709636 -0.639143 0.282049
0.478163 -1.91656 0.499 0.685955 0.573489 -0.318525 0.314831
-2.37044 -1.67763 0.499 -0.429309 -0.0591949 -0.829774 -0.351661
