59 1.01079 1.4894 1
0.622897 3.04193 0.499 0.481514 0.111725 -0.851687 0.174045
-0.0874153 -1.94755 0.497038 0.292702 -0.176784 -0.291912 -0.89323
2.81711 -2.80941 0.506275 -0.360081 -0.406037 -0.820485 0.179668
2.50213 -3.74594 0.519722 -0.295178 0.466789 -0.175043 0.815069
1.35875 1.30626 0.499 -0.100629 0.77042 0.59359 0.209708
-1.19427 -1.39274 0.499 -0.296972 0.624072 0.682833 -0.236815
1.58906 -0.832526 0.498281 -0.716588 0.616274 0.326131 -0.0186121
2.96518 -1.83463 0.520157 -0.627169 -0.562213 -0.0543368 0.536305
-0.0388615 0.019925 0.498776 -0.236595 -0.417388 -0.81475 0.325565
0.00721376 -2.93277 0.503529 0.366252 0.173978 0.081844 0.910435
2.7184 -0.677851 0.499 0.495422 0.56446 -0.623859 -0.216197
1.62854 -3.29411 0.499346 -0.59854 -0.25759 -0.472357 -0.593528
-1.68152 -0.386083 0.499 0.208642 -0.345409 0.59217 -0.697492
0.94459 0.299782 0.498996 0.6792 0.632527 0.270949 -0.255313
-0.222884 -0.96179 0.499389 -0.105623 0.169164 0.129684 0.971293
3.96711 -3.61523 0.50259 0.318308 0.362065 -0.45538 -0.748477
-0.922279 -2.575 0.499659 -0.749017 0.65436 -0.0563296 -0.0872556
1.14629 -2.38193 0.499 0.351347 -0.691148 -0.126217 -0.618821
-1.75574 -3.12164 0.499075 0.276633 0.479204 -0.827602 -0.0944059
3.85517 -2.4843 0.700984 0.030285 -0.537544 -0.800147 -0.264376
-2.34033 -1.41051 0.499 -0.875818 0.193398 0.209964 0.389172
1.64032 3.11029 0.499 -0.310761 -0.348453 0.299218 -0.832152
-1.28348 0.601622 0.499 -0.628569 0.72736 0.053727 -0.270115
0.568001 -3.74419 0.497317 -0.192854 0.0925255 0.444468 0.869882
0.756309 -1.3863 0.499156 0.330758 0.7892 -0.517371 -0.0094955
