68.6 -1.71267 -0.553876 1
0.532048 3.78894 0.499219 0.925555 -0.350272 -0.142715 -0.0170158
-2.00671 3.21981 0.49899 0.573588 0.563 0.592949 0.0493928
1.36678 0.83725 0.498997 0.173436 -0.813235 0.508526 -0.223541
-0.0916349 -0.530821 0.499015 0.552696 -0.296667 0.358214 0.691519
0.625018 2.02375 0.499004 0.531239 0.044321 0.809111 -0.247305
-1.67022 0.55123 0.528702 0.223152 -0.200236 -0.863402 0.405765
-0.215613 3.12601 0.499106 -0.302214 -0.374618 0.309253 -0.820177
2.44537 2.56143 0.498993 0.605432 0.0640553 -0.494326 0.620476
0.139062 4.69349 0.501355 0.881366 -0.21481 0.420172 0.022508
-1.37075 1.51673 0.497537 0.492132 -0.222289 0.392021 -0.744791
1.62008 3.90819 0.499 0.18101 0.329939 -0.097629 -0.921328
0.45178 0.360787 0.49856 0.035096 0.19141 -0.495296 0.846648
-2.84049 2.66775 0.49901 -0.322455 -0.161336 0.814181 0.455085
-2.14592 4.23479 0.499 -0.215743 0.914128 -0.34321 -0.00566657
-3.14954 4.06072 0.498994 -0.159629 -0.911491 -0.332955 0.181227
1.8303 -0.0615557 0.498999 0.455373 -0.452588 -0.703703 -0.304304
-1.09262 -0.507413 0.498985 0.329054 0.148067 -0.76532 0.532995
-0.432348 1.88352 0.498997 -0.355839 -0.408104 -0.0947304 -0.835378
-1.57419 -1.4281 0.499 0.837807 -0.544546 0.027215 -0.0284489
1.66975 1.83857 0.497186 0.335574 -0.717453 0.425087 -0.438124
-2.80199 1.64647 0.499 0.169771 0.691102 0.342057 -0.613639
1.13535 2.97795 0.499009 -0.131364 0.458718 0.126955 -0.8696
-3.96226 3.47808 0.499006 -0.5164 0.353044 -0.657824 -0.419473
-0.553011 0.631502 0.498982 -0.488311 -0.773462 0.319441 0.24752
-1.12917 2.66371 0.499 -0.272897 -0.578581 -0.548366 -0.538578
