73.5 -0.16133 1.79276 1
2.15271 -1.03767 0.519339 -0.415594 0.0654197 0.13426 -0.897205
-1.32811 -0.465809 0.498998 -0.113015 -0.335793 -0.758179 -0.54739
2.00706 -3.13523 0.499502 -0.0405065 0.426094 -0.434106 0.792689
-0.406224 -2.81 0.499 -0.886635 0.34065 0.160551 0.268438
0.901421 -1.96144 0.502751 -0.635703 -0.0676619 -0.644125 0.420008
-2.88329 -1.46678 0.513423 0.152231 0.412014 0.406263 0.801262
1.17785 -0.815892 0.498863 0.0819295 -0.0517852 -0.524743 0.845725
3.81318 -1.80199 0.546667 -0.295783 0.184239 0.831782 0.432097
2.21961 -0.00556173 0.514736 -0.248101 0.400829 -0.875323 0.107667
-1.42661 -1.50835 0.499016 0.570598 -0.0584566 0.671714 0.46883
2.86652 1.30313 0.499 0.578125 -0.581043 -0.443286 0.362847
0.970411 -2.98841 0.49901 0.260531 0.448083 0.843348 0.141809
-2.20531 0.287761 0.498999 -0.528813 0.0486233 0.786156 0.31615
1.82776 1.09476 0.499 -0.0789798 -0.316376 0.74487 0.582097
1.01582 0.327961 0.499 -0.779467 -0.43767 -0.245411 0.375033
3.2984 -2.66088 0.498264 -0.902397 -0.111923 -0.354935 -0.217195
-2.19285 -2.21504 0.499215 0.825295 0.365894 0.336485 -0.267933
-0.326653 -0.44295 0.499 -0.269539 0.000123163 -0.785982 0.5564
-2.10945 -3.22319 0.499 0.445978 0.672302 -0.441784 -0.392353
1.90208 -2.1485 0.498476 -0.691977 -0.65079 -0.0414589 0.309711
-2.99309 -0.435085 0.499 -0.193426 0.229181 0.894353 -0.331958
2.8271 -1.76957 0.498824 0.584619 0.277693 -0.751991 0.124967
-0.371629 1.6293 0.499 -0.752373 0.50898 0.412379 -0.0694094
-0.0270375 -1.46765 0.499 0.317876 0.0816761 -0.697584 0.636915
-1.04161 0.521135 0.499025 -0.378996 -0.37227 0.843128 0.0831451
