98.3 1.31634 -1.2277 1
0.145082 -0.486418 0.499 -0.569771 0.143365 -0.78551 -0.194374
1.73991 2.16553 0.499 -0.362312 0.566134 0.608881 -0.421291
0.688131 0.602564 0.499513 -0.00942692 -0.565444 0.78506 -0.252715
-2.52777 -1.2604 0.499013 -0.377034 0.168866 0.907419 -0.0769392
-4.50372 -1.58085 0.500841 0.331993 0.25745 -0.137957 -0.896921
1.88148 0.59647 0.499 0.0366825 -0.845566 -0.502035 -0.177857
-1.2267 -0.323876 0.498632 0.043083 0.148144 0.949056 0.274756
-3.49455 -1.6904 0.513633 -0.228967 -0.13929 -0.153045 -0.951183
-0.289476 -3.91063 0.499 0.141786 0.704561 0.0440825 -0.693936
-2.2393 -0.222447 0.49884 -0.688724 -0.718428 0.0775395 0.0592351
-1.81263 -4.3705 0.499 -0.0922906 0.955923 -0.243227 0.136142
-0.540704 -1.28824 0.499 0.410339 -0.905029 -0.0355598 0.106209
1.59412 -0.609224 0.499 -0.151992 -0.3965 -0.418462 -0.802855
0.760495 -1.27561 0.499 0.581998 0.493331 0.348113 0.544721
-1.57899 -3.36814 0.499 0.0442592 -0.911686 -0.408339 -0.0113115
-3.24882 -0.0491597 0.499131 -0.0153138 -0.782564 0.598042 0.172352
-2.3799 0.799977 0.499029 0.91964 -0.0985291 0.321538 0.202897
0.838824 3.00249 0.499 0.011738 -0.654043 -0.628692 0.420519
-0.0191346 1.32969 0.499106 -0.296194 -0.0194222 0.85254 -0.430194
-3.90641 -2.61113 0.503051 0.13414 -0.85231 -0.0231709 -0.505012
-1.01857 2.11737 0.499 0.183076 0.0553567 -0.368424 -0.909771
-4.02384 -0.694282 0.498358 -0.452495 0.692898 0.248673 -0.50329
-0.49088 0.379948 0.499771 -0.036113 -0.280067 -0.615168 0.736089
-2.49519 2.38175 0.548165 -0.0756434 -0.406163 -0.829908 -0.374917
0.340554 -2.54438 0.499 -0.438971 -0.772822 0.267633 0.372053
