23.8 -0.805838 -1.60954 1
1.26675 0.0164722 0.499 0.0921655 -0.0157622 0.15775 0.983042
2.69052 0.153394 0.499 -0.0663446 0.493693 0.106543 0.860532
1.1292 -4.83394 0.499 -0.534424 0.790413 -0.225205 0.197287
0.778731 3.57985 0.499 -0.54707 0.0364076 -0.497255 0.672403
2.19454 -0.895575 0.499 0.0404155 0.72067 -0.247994 0.646143
0.278243 -3.97297 0.49843 -0.336651 0.556171 -0.0541501 0.757897
1.24236 -3.70993 0.499571 0.0385406 -0.0897394 -0.96369 0.248524
1.46159 -2.71519 0.499003 -0.842696 0.0850494 -0.403147 -0.346557
0.662413 -0.979653 0.499 -0.667419 -0.182803 -0.10197 0.714659
2.39823 -2.08888 0.499 -0.337546 0.209284 -0.0559087 0.916044
-0.0100314 0.803638 0.499 -0.760767 -0.139512 -0.352298 0.526931
1.19457 1.12095 0.499 -0.492995 0.0893768 -0.854808 -0.135167
-0.676344 -3.62698 0.499 -0.375557 0.598496 0.115679 0.698124
-1.14849 3.38183 0.499 -0.923819 -0.289463 -0.119349 -0.220285
0.728866 -1.99685 0.499 -0.8205 0.0869555 -0.563482 0.0412984
2.40586 1.55216 0.499 -0.847722 -0.121655 0.304822 0.416715
-0.369168 -0.75918 0.499 0.0207573 0.0586651 0.16441 0.984427
-0.117398 2.70221 0.499 -0.362921 0.877669 -0.201862 -0.239242
-0.838195 -2.62715 0.499 -0.791396 0.079914 0.0155602 0.605858
0.878263 2.15912 0.499 -0.32009 -0.108115 -0.940986 0.0199762
-0.252976 -1.80071 0.499 -0.441135 -0.0900895 -0.716891 0.532307
2.28742 2.87336 0.499 -0.605748 0.200814 -0.325056 0.697913
-1.4807 0.264664 0.499 -0.605748 0.200814 -0.325056 0.697913
3.34136 -1.44832 0.499 -0.396112 0.795076 -0.0997873 0.448321
0.500222 -2.99231 0.498996 -0.946267 0.285199 0.0462607 0.145257
