10.2 1.27931 1.26624 1
3.60775 1.23136 0.499 0.560202 0.758748 0.311995 -0.114607
5.20195 2.13716 0.499 0.560202 0.758748 0.311995 -0.114607
2.81064 -2.89908 0.499 0.560202 0.758748 0.311995 -0.114607
1.32514 4.60092 0.499 0.560202 0.758748 0.311995 -0.114607
4.65847 1.23136 0.499 0.560202 0.758748 0.311995 -0.114607
2.05074 -3.95278 0.499 0.922574 0.0612436 0.273168 -0.265493
4.48673 -2.34715 0.498999 0.613044 0.762706 0.180025 0.100236
5.42314 -1.99625 0.499007 0.848425 0.507088 0.070345 0.134496
3.68197 -0.515308 0.499 0.619099 0.722491 0.290481 -0.101705
4.73093 -0.580235 0.499 0.560202 0.758748 0.311995 -0.114607
0.709194 1.956 0.499 0.560202 0.758748 0.311995 -0.114607
1.25267 2.86179 0.499 0.560202 0.758748 0.311995 -0.114607
1.00001 -3.95278 0.499 0.922574 0.0612436 0.273168 -0.265493
-0.34153 5.50672 0.499 0.560202 0.758748 0.311995 -0.114607
4.15506 -1.40282 0.499 0.641634 0.717914 0.232847 -0.136703
3.68021 3.04295 0.499 0.560202 0.758748 0.311995 -0.114607
2.04977 0.253099 0.499 0.560202 0.758748 0.311995 -0.114607
0.23818 4.63716 0.499 0.560202 0.758748 0.311995 -0.114607
0.23818 -1.70342 0.499 0.560202 0.758748 0.311995 -0.114607
0.745426 3.73136 0.499 0.560202 0.758748 0.311995 -0.114607
2.81064 -1.08748 0.499 0.560202 0.758748 0.311995 -0.114607
2.88311 3.69513 0.499 0.560202 0.758748 0.311995 -0.114607
-0.885008 1.08643 0.499 0.560202 0.758748 0.311995 -0.114607
5.16572 0.361794 0.499 0.560202 0.758748 0.311995 -0.114607
1.75992 -2.86284 0.499 0.560202 0.758748 0.311995 -0.114607
