91.2 1.01402 -1.4872 1
0.235212 -2.21476 0.499 0.29056 0.688711 -0.621764 -0.233797
0.401533 0.651229 0.499 0.417518 0.0784275 -0.2827 0.860005
1.10384 -1.29031 0.499 0.894761 0.363541 -0.230362 0.11905
0.381127 -4.21538 0.498987 -0.161273 -0.948618 -0.00689046 -0.272152
-1.92039 -2.64332 0.499 -0.51349 0.763972 -0.376185 -0.105638
1.28675 1.38055 0.500261 0.0592292 0.03945 0.96845 -0.238832
-0.26393 -1.3303 0.499 0.192969 0.0238832 -0.95857 0.208171
-1.06863 -1.94268 0.499 -0.0465799 0.711511 -0.408768 0.569642
3.26811 -2.01246 0.499 -0.415498 0.139665 -0.58238 -0.684608
-1.21798 -0.92509 0.499 0.584738 0.24408 0.77337 0.0201098
1.43955 -2.96323 0.499 -0.506745 -0.0380551 0.412251 0.756181
0.307076 -3.21777 0.499013 0.465581 0.0523576 -0.874307 -0.126807
2.60979 0.42479 0.499 0.317805 -0.113561 -0.182662 -0.923438
1.48315 0.410909 0.497793 0.531518 0.127698 -0.782987 -0.296839
1.88204 -0.593781 0.499 -0.925111 -0.0687739 -0.341792 0.150391
-3.58601 -1.77475 0.499 -0.432087 -0.419783 -4.14223e-05 -0.798175
-1.4524 1.3279 0.499 -0.432863 0.679282 -0.539267 -0.245756
-1.01678 2.24336 0.499113 0.263787 -0.491662 0.734707 -0.385863
-2.54426 2.33108 0.499 0.508702 -0.302318 -0.348497 -0.726895
-0.693199 -3.60857 0.499 -0.828064 0.415147 0.0498009 0.373474
-1.67076 3.0398 0.499001 0.192516 0.158018 -0.438427 -0.863568
-3.54289 -0.484284 0.499 0.205145 -0.706266 -0.676511 0.0379053
0.304673 -0.413899 0.499 0.861856 0.277081 -0.31746 -0.282222
-3.04873 1.17222 0.499 -0.422385 0.378732 0.805562 0.170948
3.4806 -0.935764 0.499 0.691469 -0.116497 0.174682 0.69122
