14.6 -0.0501221 1.7993 1
3.22788 1.38365 0.499 -0.204073 0.523276 0.538069 -0.628505
4.82208 2.28945 0.499 -0.204073 0.523276 0.538069 -0.628505
2.43078 -2.74678 0.499 -0.204073 0.523276 0.538069 -0.628505
0.945271 4.75322 0.499 -0.204073 0.523276 0.538069 -0.628505
4.2786 1.38365 0.499 -0.204073 0.523276 0.538069 -0.628505
1.52284 -3.23988 0.499 0.310371 -0.209045 0.712901 -0.593078
3.62277 -2.20155 0.499 0.0931502 0.816428 0.564846 -0.0756131
4.15806 -1.34879 0.499 0.903229 0.418646 0.092805 0.0173122
2.99006 0.0587694 0.499 0.229651 0.670703 0.236352 -0.664496
4.32207 -0.358844 0.499 -0.201871 0.588136 0.45887 -0.634651
0.329329 2.10829 0.499 -0.204073 0.523276 0.538069 -0.628505
0.872807 3.01409 0.499 -0.204073 0.523276 0.538069 -0.628505
0.521538 -3.16914 0.499 0.292614 -0.289199 0.726653 -0.550197
-0.721396 5.65902 0.499 -0.204073 0.523276 0.538069 -0.628505
3.22984 -0.964683 0.499 0.4578 0.688439 0.395323 -0.400238
3.30034 3.19525 0.499 -0.204073 0.523276 0.538069 -0.628505
1.66991 0.405392 0.499 -0.204073 0.523276 0.538069 -0.628505
-0.141686 4.78945 0.499 -0.204073 0.523276 0.538069 -0.628505
-0.141686 -1.55113 0.499 -0.204073 0.523276 0.538069 -0.628505
0.36556 3.88365 0.499 -0.204073 0.523276 0.538069 -0.628505
2.22829 -0.901249 0.499 -0.0548095 0.620817 0.573248 -0.531948
2.50324 3.84742 0.499 -0.204073 0.523276 0.538069 -0.628505
-1.26487 1.23873 0.499 -0.204073 0.523276 0.538069 -0.628505
4.794 0.524446 0.499 -0.198109 0.51456 0.539428 -0.636394
1.29507 -2.23143 0.499 0.204823 0.326636 0.610487 -0.691854
