6.1 1.73037 0.4958 1
3.73663 1.01123 0.499 0.936743 0.346569 0.0486642 -0.00588654
5.33083 1.91702 0.499 0.936743 0.346569 0.0486642 -0.00588654
2.93953 -3.11921 0.499 0.936743 0.346569 0.0486642 -0.00588654
1.45402 4.38079 0.499 0.936743 0.346569 0.0486642 -0.00588654
4.78735 1.01123 0.499 0.936743 0.346569 0.0486642 -0.00588654
2.24062 -4.72414 0.499001 0.995742 0.0749654 0.0363522 -0.0394497
4.85982 -2.57573 0.499 0.936743 0.346569 0.0486642 -0.00588654
5.91054 -2.57573 0.499 0.936743 0.346569 0.0486642 -0.00588654
3.84532 -0.800367 0.499 0.936743 0.346569 0.0486642 -0.00588654
4.85982 -0.800367 0.499 0.936743 0.346569 0.0486642 -0.00588654
0.838078 1.73586 0.499 0.936743 0.346569 0.0486642 -0.00588654
1.38156 2.64166 0.499 0.936743 0.346569 0.0486642 -0.00588654
1.1899 -4.72414 0.499001 0.995742 0.0749654 0.0363522 -0.0394497
-0.212647 5.28659 0.499 0.936743 0.346569 0.0486642 -0.00588654
4.35257 -1.70616 0.499 0.936743 0.346569 0.0486642 -0.00588654
3.80909 2.82282 0.499 0.936743 0.346569 0.0486642 -0.00588654
2.17866 0.0329662 0.499 0.936743 0.346569 0.0486642 -0.00588654
0.367063 4.41702 0.499 0.936743 0.346569 0.0486642 -0.00588654
0.367063 -1.92356 0.499 0.936743 0.346569 0.0486642 -0.00588654
0.87431 3.51123 0.499 0.936743 0.346569 0.0486642 -0.00588654
2.93953 -1.30761 0.499 0.936743 0.346569 0.0486642 -0.00588654
3.01199 3.475 0.499 0.936743 0.346569 0.0486642 -0.00588654
-0.756125 0.8663 0.499 0.936743 0.346569 0.0486642 -0.00588654
5.2946 0.141662 0.499 0.936743 0.346569 0.0486642 -0.00588654
1.8888 -3.08298 0.499 0.936743 0.346569 0.0486642 -0.00588654
