9.7 1.37016 1.16734 1
3.6337 1.2031 0.499 0.631374 0.723134 0.266268 -0.0868648
5.22791 2.1089 0.499 0.631374 0.723134 0.266268 -0.0868648
2.8366 -2.92733 0.499 0.631374 0.723134 0.266268 -0.0868648
1.35109 4.57267 0.499 0.631374 0.723134 0.266268 -0.0868648
4.68443 1.2031 0.499 0.631374 0.723134 0.266268 -0.0868648
2.08605 -4.0525 0.499 0.944455 0.0676971 0.22365 -0.231091
4.56053 -2.37768 0.498982 0.669336 0.721973 0.154302 0.0832778
5.51781 -2.08858 0.499017 0.852464 0.502522 0.0706278 0.125656
3.71757 -0.561717 0.499 0.671113 0.693865 0.249317 -0.077459
4.75689 -0.608493 0.499 0.631374 0.723134 0.266268 -0.0868648
0.735152 1.92774 0.499 0.631374 0.723134 0.266268 -0.0868648
1.27863 2.83354 0.499 0.631374 0.723134 0.266268 -0.0868648
1.03533 -4.0525 0.499 0.944455 0.0676971 0.22365 -0.231091
-0.315573 5.47846 0.499 0.631374 0.723134 0.266268 -0.0868648
4.19436 -1.44712 0.499012 0.692494 0.685224 0.199891 -0.104709
3.70617 3.0147 0.499 0.631374 0.723134 0.266268 -0.0868648
2.07573 0.224841 0.499 0.631374 0.723134 0.266268 -0.0868648
0.264137 4.6089 0.499 0.631374 0.723134 0.266268 -0.0868648
0.264137 -1.73168 0.499 0.631374 0.723134 0.266268 -0.0868648
0.771383 3.7031 0.499 0.631374 0.723134 0.266268 -0.0868648
2.8366 -1.11574 0.499 0.631374 0.723134 0.266268 -0.0868648
2.90906 3.66687 0.499 0.631374 0.723134 0.266268 -0.0868648
-0.859051 1.05817 0.499 0.631374 0.723134 0.266268 -0.0868648
5.19167 0.333536 0.499 0.631374 0.723134 0.266268 -0.0868648
1.78588 -2.8911 0.499 0.631374 0.723134 0.266268 -0.0868648
