7.1 1.6729 0.664393 1
3.72021 1.0594 0.499 0.885554 0.456043 0.0872359 -0.0144329
5.31441 1.9652 0.499 0.885554 0.456043 0.0872359 -0.0144329
2.9231 -3.07104 0.499 0.885554 0.456043 0.0872359 -0.0144329
1.4376 4.42896 0.499 0.885554 0.456043 0.0872359 -0.0144329
4.77093 1.0594 0.499 0.885554 0.456043 0.0872359 -0.0144329
2.21507 -4.55554 0.499 0.992308 0.0747848 0.0657049 -0.0735852
4.84339 -2.52756 0.499 0.885554 0.456043 0.0872359 -0.0144329
5.86886 -2.5064 0.499002 0.895785 0.438256 0.0733636 0.0109477
3.8289 -0.752196 0.499 0.885554 0.456043 0.0872359 -0.0144329
4.84339 -0.752196 0.499 0.885554 0.456043 0.0872359 -0.0144329
0.821655 1.78404 0.499 0.885554 0.456043 0.0872359 -0.0144329
1.36513 2.68983 0.499 0.885554 0.456043 0.0872359 -0.0144329
1.16435 -4.55554 0.499 0.992308 0.0747848 0.0657049 -0.0735852
-0.229069 5.33476 0.499 0.885554 0.456043 0.0872359 -0.0144329
4.33615 -1.65799 0.499 0.885554 0.456043 0.0872359 -0.0144329
3.79267 2.87099 0.499 0.885554 0.456043 0.0872359 -0.0144329
2.16224 0.0811378 0.499 0.885554 0.456043 0.0872359 -0.0144329
0.350641 4.4652 0.499 0.885554 0.456043 0.0872359 -0.0144329
0.350641 -1.87538 0.499 0.885554 0.456043 0.0872359 -0.0144329
0.857887 3.5594 0.499 0.885554 0.456043 0.0872359 -0.0144329
2.9231 -1.25944 0.499 0.885554 0.456043 0.0872359 -0.0144329
2.99557 3.52317 0.499 0.885554 0.456043 0.0872359 -0.0144329
-0.772548 0.914471 0.499 0.885554 0.456043 0.0872359 -0.0144329
5.27818 0.189833 0.499 0.885554 0.456043 0.0872359 -0.0144329
1.87238 -3.0348 0.499 0.885554 0.456043 0.0872359 -0.0144329
