109.4 -1.79997 0.010061 1
1.70475 -3.20083 0.499 0.561606 0.823828 -0.0685409 0.0347666
2.35223 0.842159 0.499 0.957949 -0.268372 0.101524 0.00164398
3.34856 0.6929 0.499 -0.539431 0.564331 -0.351849 0.516476
-2.56199 -1.57308 0.498631 -0.446958 -0.795718 0.167996 0.372611
0.37062 0.193583 0.499 -0.837245 0.214023 -0.46745 0.186294
2.65766 2.26408 0.499107 0.535352 0.0956088 0.433175 0.71876
0.261799 -2.098 0.499116 0.47413 0.461325 -0.58972 -0.46326
-1.59904 -1.84638 0.499495 -0.852962 0.456695 -0.157496 -0.197686
-2.49097 -3.18736 0.499 0.800738 0.535732 -0.0615783 0.260801
-0.625714 -1.62331 0.498774 0.81067 -0.485384 0.225673 0.237249
-3.54939 -1.39987 0.4991 0.128657 -0.24729 -0.7258 -0.628895
-0.850801 -2.6401 0.499 -0.0731606 0.63558 0.309922 -0.703303
1.78644 -0.814648 0.499063 -0.425166 -0.469002 0.149579 0.759537
0.587558 -3.05029 0.498472 -0.324026 0.263829 -0.860642 -0.291028
-3.31657 0.0519203 0.499 -0.490661 -0.32815 0.291047 0.752902
-4.63634 0.397288 0.499 0.212532 -0.54518 0.688922 0.42778
0.804674 1.53692 0.499 -0.259694 -0.512455 0.817972 -0.029487
1.76932 1.80546 0.498893 -0.690008 0.385352 -0.380409 0.480293
1.47226 0.145019 0.499 -0.474903 -0.680169 -0.209866 -0.517488
-1.29899 1.50806 0.499 -0.0123727 -0.752258 0.0590474 -0.6561
-0.662344 -0.379668 0.499 -0.0727423 -0.0430022 0.766689 0.636433
-2.65667 2.47271 0.499 -0.668246 -0.164955 0.0360628 -0.724525
2.12267 -2.24282 0.499 0.00305529 -0.842998 0.331405 -0.423694
1.02549 -1.45553 0.498911 0.0537244 0.783607 0.041862 0.617513
-3.38724 -2.5266 0.499 0.589551 -0.587146 0.490893 0.25829
