30.7 1.27282 1.27276 1
0.492309 -0.0450546 0.502341 -0.906856 0.17258 0.373481 0.0913268
1.67481 -0.471732 0.498976 -0.640845 0.557999 0.505021 0.151358
0.846931 -3.94789 0.498114 0.801152 -0.539228 -0.201849 -0.163234
1.85892 2.371 0.499 -0.555834 0.754454 0.348053 -0.0265984
0.809003 -0.986836 0.496527 0.497007 0.558713 0.653964 -0.114692
-0.184413 -3.92551 0.499538 0.232497 0.556641 0.48992 -0.629344
0.749731 -2.95428 0.501186 0.463368 -0.501154 0.557162 0.472974
0.9246 -1.97362 0.499165 0.787177 0.0879679 -0.409148 0.453002
-0.441614 -0.522017 0.499 -0.0796549 0.992498 0.0868111 0.032658
1.98469 -1.66455 0.499 -0.0224789 0.733051 0.312562 -0.603685
0.0972635 0.89923 0.499 0.442865 0.861441 0.236828 -0.0755151
2.16611 0.869781 0.499 0.421194 0.00435725 0.22288 0.879148
-0.988364 -3.33684 0.499177 0.63466 0.51421 0.186345 -0.545958
-1.03855 1.88295 0.499 -0.286893 0.36725 -0.57757 -0.670248
-0.230496 -1.59103 0.499 0.673267 0.577939 -0.436972 0.147489
3.80612 1.17069 0.499 0.0287051 0.770996 -0.239283 -0.589479
-1.70213 -0.0213487 0.499 -0.565647 0.574375 0.529501 -0.26413
1.19245 1.39259 0.499 0.653727 0.663602 -0.304212 -0.199321
-1.34361 -2.33014 0.499 0.231925 0.912409 -0.026423 -0.336188
2.95872 1.81265 0.499 0.197163 -0.115689 0.640322 0.733301
-1.18582 -1.27048 0.499 0.502227 0.708418 0.192076 0.457185
2.88127 3.69712 0.499 0.919418 0.276822 0.114627 0.254755
-0.904821 0.889566 0.499 0.905991 0.308471 0.0123829 0.289606
3.05758 -1.66599 0.499 0.492473 0.418442 0.480557 -0.592825
-0.24976 -2.59236 0.499 0.431895 0.64452 -0.594142 0.212265
