87.4 -0.460104 1.7402 1
1.17432 -0.685931 0.499 -0.154098 0.822422 -0.462377 0.2934
0.487564 1.58257 0.499 -0.664888 -0.108096 0.200106 0.711476
2.19325 -0.787287 0.499 -0.602902 0.176909 0.722207 0.289188
2.21324 -3.25762 0.499 0.082014 0.767376 0.410237 0.485915
-0.681145 -2.09158 0.499 0.581716 0.596155 0.547053 -0.0833001
0.378326 5.75117 0.499 0.0452648 0.748107 -0.160239 0.642347
0.63327 0.158768 0.499 0.513047 0.00644993 -0.428185 0.743908
0.20445 -1.04093 0.499 0.268303 0.298795 0.877424 -0.262415
3.80263 -0.296412 0.499 -0.0174993 0.551325 -0.689141 -0.469914
-0.375449 0.0479222 0.499 -0.131483 -0.964489 0.205482 0.101249
3.55115 -1.72493 0.505448 0.517715 0.175308 -0.400977 -0.735157
2.62505 -2.15108 0.498987 -0.152433 0.722206 -0.343132 -0.580899
0.862748 4.3599 0.499 0.760669 0.274944 0.45674 -0.370375
1.72228 1.2628 0.499 0.819546 0.207588 -0.33092 0.419217
2.81027 0.180268 0.499 -0.606369 0.0361686 -0.135243 -0.782763
-2.10056 -1.10163 0.499 0.482502 -0.727262 -0.333096 -0.356833
-0.782401 1.71838 0.499 0.504694 0.465625 0.67608 -0.267194
-0.156226 2.77063 0.499 0.432438 -0.525019 0.711567 0.176137
-2.60523 4.57356 0.499 -0.331556 0.210523 -0.896164 -0.206498
0.333689 -2.11712 0.499 -0.245285 0.628897 -0.223406 -0.703145
-1.21099 3.23195 0.499 -0.0385137 0.722659 0.148047 0.674064
-1.84767 -0.0589261 0.499 0.226229 0.787175 -0.234443 0.523653
1.72128 0.199951 0.499 0.428761 -0.0918789 0.738017 0.512887
-2.32059 1.7266 0.499 -0.254291 -0.908245 -0.0849976 -0.321253
3.37339 2.02593 0.499 0.475222 0.285962 0.085174 -0.827729
