69 -1.40047 -1.13079 1
0.597432 3.05659 0.498989 0.874698 -0.397299 -0.22801 0.158327
-2.11869 3.18165 0.50406 0.681057 0.437382 0.58189 -0.0791344
1.40827 0.316547 0.498565 0.148574 -0.764932 0.540173 -0.317832
-0.211503 -0.721553 0.508619 0.600851 -0.408377 0.485732 0.486077
0.282189 1.67684 0.499 0.427352 0.370124 0.66006 -0.494671
-2.05275 0.408713 0.499188 0.0676247 -0.0792087 -0.874577 0.47357
-0.343869 2.63667 0.499048 -0.671279 -0.0645889 0.336094 -0.657459
2.35204 2.1485 0.499 0.69429 -0.304895 -0.483275 0.437545
0.264934 4.04872 0.497494 0.759963 -0.11506 0.633907 -0.0858973
-1.8624 1.43402 0.499431 0.445439 -0.158958 0.172902 -0.863957
1.47377 3.65873 0.498995 -0.124439 0.376617 -0.349882 -0.84868
0.432226 0.050842 0.499052 0.0307984 0.0700606 -0.493087 0.866607
-2.95759 2.6733 0.496968 -0.450803 0.0113867 0.814405 0.365227
-2.19983 4.13428 0.50421 0.066734 0.914744 -0.398072 0.0181577
-3.26861 4.06115 0.498996 -0.420005 -0.767219 -0.365963 0.317871
1.96049 -0.579033 0.499 0.586124 -0.450766 -0.673247 -0.00268119
-1.19503 -0.543151 0.498676 0.378311 0.0907399 -0.532735 0.751558
-0.833127 1.7367 0.500411 -0.407181 -0.204614 -0.20017 -0.867334
-1.52215 -1.49298 0.498957 0.607244 -0.72981 0.307202 -0.0652593
1.47628 1.33927 0.49893 0.426328 -0.747443 0.200117 -0.468537
-2.81533 1.69503 0.501967 0.335658 0.463728 0.0486961 -0.818485
1.2834 2.3241 0.499053 -0.191681 0.400157 0.161582 -0.88149
-4.07645 3.47177 0.499004 -0.390787 0.304709 -0.866415 -0.0613371
-0.730809 0.547529 0.499 -0.662382 -0.424191 0.613312 0.0718394
-1.35589 2.57154 0.496575 -0.307277 -0.610091 -0.632655 -0.364853
