19 -1.633 0.757173 1
2.28023 0.966328 0.499 -0.662256 0.276105 -0.180941 -0.672639
3.83513 1.6793 0.499 -0.519159 0.238164 -0.017877 -0.820629
1.60892 -3.22904 0.499043 -0.274772 0.10392 -0.157935 -0.942739
0.493011 4.45541 0.499 -0.376472 -0.112269 -0.508976 -0.765904
3.28066 0.808691 0.499 -0.209025 0.210116 -0.0108173 -0.955009
0.583196 -3.18915 0.499 -0.683736 -0.0730878 0.024175 -0.725657
2.2291 -2.44478 0.498932 0.581038 0.500342 0.383742 -0.514582
2.519 -1.48582 0.499025 0.854117 -0.344289 -0.14787 -0.36067
1.7435 0.109723 0.498923 0.340363 0.232144 -0.668308 -0.619375
3.26544 -0.794474 0.499 -0.382588 0.447864 -0.342066 -0.732144
-0.122931 1.81048 0.499 -0.376472 -0.112269 -0.508976 -0.765904
0.420547 2.71628 0.499 -0.376472 -0.112269 -0.508976 -0.765904
-0.35678 -2.80394 0.498978 -0.717438 -0.111494 -0.236487 -0.645698
-1.17366 5.3612 0.499 -0.376472 -0.112269 -0.508976 -0.765904
1.68464 -0.888064 0.499077 0.763463 -0.0970513 -0.212928 -0.601969
2.84808 2.89744 0.499 -0.376472 -0.112269 -0.508976 -0.765904
0.747768 0.0141624 0.498991 -0.533731 0.236815 -0.262535 -0.768196
-0.593946 4.49164 0.499 -0.376472 -0.112269 -0.508976 -0.765904
-0.600604 -1.82985 0.499022 -0.375914 -0.123359 -0.498435 -0.771384
-0.0866996 3.58584 0.499 -0.376472 -0.112269 -0.508976 -0.765904
0.628279 -0.978167 0.499009 0.529628 0.307764 -0.0415402 -0.789335
2.05098 3.54961 0.499 -0.376472 -0.112269 -0.508976 -0.765904
-1.71713 0.940914 0.499 -0.376472 -0.112269 -0.508976 -0.765904
3.90154 0.00414734 0.499 -0.446492 0.164764 -0.133068 -0.869362
0.720313 -1.99265 0.499 -0.203434 -0.537072 -0.490567 -0.655372
