30.6 1.32997 1.21292 1
0.52935 -0.0723272 0.499 -0.892557 0.200135 0.398751 0.0654714
1.69402 -0.495099 0.49904 -0.602799 0.554493 0.563356 0.108629
0.880849 -4.0087 0.497934 0.800868 -0.529059 -0.232141 -0.157538
1.86821 2.38335 0.499 -0.481886 0.784155 0.389913 -0.0292318
0.854844 -1.04195 0.499116 0.489953 0.576207 0.644791 -0.110347
-0.15247 -3.99515 0.512429 0.255257 0.557628 0.492625 -0.617426
0.780672 -3.01633 0.503456 0.472169 -0.486607 0.567572 0.467046
0.966461 -2.03537 0.498496 0.779105 0.0810247 -0.413207 0.464424
-0.402951 -0.536079 0.499 -0.0322517 0.995012 0.0814763 0.0476615
2.00096 -1.70303 0.499 0.0287567 0.745082 0.327643 -0.580238
0.122724 0.890158 0.499 0.494 0.837475 0.226907 -0.0557922
2.18071 0.864662 0.499 0.420872 -0.0583521 0.25254 0.869302
-0.950692 -3.34566 0.499 0.657046 0.493746 0.139389 -0.552337
-1.01544 1.87476 0.499 -0.278427 0.411546 -0.596538 -0.630278
-0.186586 -1.63218 0.498997 0.675884 0.569548 -0.434563 0.173063
3.80354 1.17227 0.499 0.0637918 0.802454 -0.273457 -0.526516
-1.65787 -0.0372019 0.499 -0.53036 0.596863 0.530203 -0.285233
1.19571 1.39761 0.499 0.671887 0.620401 -0.370593 -0.162268
-1.31134 -2.33961 0.499 0.277792 0.907727 -0.0465168 -0.310966
2.95477 1.80892 0.499 0.228116 -0.171948 0.667037 0.688083
-1.14641 -1.28216 0.499 0.541988 0.676396 0.200401 0.456703
2.89761 3.68002 0.499 0.93431 0.226657 0.0877985 0.260734
-0.887027 0.881324 0.499 0.92229 0.249774 -0.0103031 0.294768
3.06229 -1.67461 0.499 0.538647 0.422128 0.423884 -0.593287
-0.196769 -2.63594 0.499 0.442127 0.629918 -0.59954 0.219726
