54.9 -1.47152 -1.03664 1
0.426089 2.49673 0.499 -0.883974 -0.181483 0.427986 -0.0498165
-1.00749 -2.3602 0.499 0.53398 0.144247 0.297829 0.778046
2.29597 -0.799937 0.498995 -0.396092 0.15855 -0.578549 -0.695165
1.66407 -1.58385 0.499002 0.27792 -0.768265 -0.524962 0.238629
1.45774 2.14422 0.499 0.341552 -0.109767 -0.0714007 0.930696
-1.18932 -1.29299 0.499 -0.151123 -0.837131 0.251436 -0.461686
1.48064 0.424278 0.499 0.501039 -0.554319 0.0392583 0.663437
2.56572 0.177046 0.498658 0.60709 -0.38273 0.342 -0.606626
-0.0335145 0.819004 0.499 -0.523476 0.335168 0.431372 -0.653876
-1.38103 -3.36329 0.499 -0.292492 0.204738 -0.925504 -0.126387
2.60197 1.18202 0.498997 -0.822783 0.413705 -0.289497 0.260897
0.790674 -2.1167 0.499 0.651593 0.627105 0.393643 -0.164957
-1.34496 -0.304314 0.498983 0.469602 -0.291873 -0.74596 0.371253
0.900322 1.24954 0.499 -0.191995 0.0501061 -0.480124 0.854464
-0.341048 -0.339453 0.498616 -0.731191 0.0950108 -0.103904 -0.667485
3.7094 -1.06929 0.499 0.765061 0.0449177 0.311199 0.561977
-2.08745 -2.48922 0.499 0.283056 0.697686 0.0900663 -0.651921
0.279937 -1.23653 0.499 0.490135 -0.403159 -0.488787 0.598597
-2.57884 -3.37815 0.499 -0.374706 0.175777 0.563462 -0.714989
3.62496 -0.0307689 0.499 -0.654007 -0.0485775 -0.00427965 -0.754915
-2.30223 -0.608198 0.499017 0.286486 -0.448245 0.560716 -0.634507
2.02248 3.08139 0.499 0.815406 0.572444 0.0197353 0.0838477
-1.03869 0.67841 0.499 0.82571 -0.504514 0.251519 -0.0201986
0.14403 -2.90953 0.499128 -0.4117 -0.55928 -0.521683 -0.495536
0.658588 -0.30046 0.499384 -0.466577 0.0807476 0.82336 0.312834
