31.8 0.47977 1.73488 1
-0.0421825 0.570438 0.499056 -0.901928 0.393918 0.136567 0.112714
1.43838 -0.269544 0.499 -0.636223 0.577729 -0.32998 0.390594
0.366401 -3.40345 0.499 0.722898 -0.660659 0.121476 -0.161836
1.70979 2.17898 0.499 -0.929453 0.211183 -0.293096 -0.0749243
0.351238 -0.364575 0.499 0.411927 0.241901 0.860504 -0.177009
-0.657804 -3.3657 0.499 0.257299 0.352399 0.515412 -0.737538
0.260381 -2.37549 0.499 0.163536 -0.513962 0.574526 0.615646
0.513642 -1.37678 0.499 0.977526 0.00961045 -0.104186 0.183019
-0.946559 -0.22381 0.499 -0.260671 0.92296 0.133404 -0.249797
1.75857 -1.29745 0.499 -0.474867 0.379556 -0.0282801 -0.793498
-0.372971 1.51411 0.498944 0.438113 0.779232 0.344478 -0.286687
1.97551 0.864367 0.498999 0.317481 0.669249 0.014789 0.671634
-1.65492 -3.11196 0.499 0.61513 0.517831 0.467912 -0.366775
-1.35114 1.97384 0.499 -0.224991 -0.200054 -0.430743 -0.850775
-0.729671 -1.20139 0.499 0.768786 0.534748 -0.336157 -0.100056
3.78753 1.09717 0.499 -0.22672 0.0563908 0.0840609 -0.968686
-2.23597 0.0969761 0.499 -0.863053 0.334719 0.35375 -0.13403
1.07258 1.29893 0.499001 0.299011 0.667274 0.456807 -0.506621
-1.84436 -2.1274 0.49883 -0.0568598 0.805946 -0.00904334 -0.589182
2.9551 1.79759 0.499 -0.224781 0.548557 0.226306 0.772881
-1.76191 -1.13014 0.499171 0.134227 0.884183 0.224972 0.38677
2.65461 3.82914 0.499 0.592848 0.639148 0.486389 0.0587113
-1.3234 0.951426 0.499 0.57931 0.706968 0.283951 0.289773
2.95778 -1.62764 0.499 -0.151071 0.135941 0.83351 -0.513768
-0.850631 -2.24282 0.498999 0.451575 0.738207 -0.499047 0.0456386
