25.7 0.429945 -1.7479 1
1.15869 -0.239764 0.499 0.639986 -0.75981 -0.0797324 0.0821619
2.49699 -0.222414 0.499 0.204663 -0.751887 -0.175511 0.601643
1.21336 -5.24833 0.499 -0.544989 -0.025023 0.236803 0.803919
1.26579 2.98066 0.499 -0.298409 -0.815781 -0.234068 0.436653
2.02416 -1.34198 0.499 -0.413155 -0.525759 -0.166813 0.724606
0.334761 -4.29117 0.499 -0.0725661 -0.530077 0.0413443 0.843827
1.2777 -3.94883 0.499 -0.893335 -0.211343 -0.390891 -0.0670129
1.51362 -2.93412 0.498969 -0.751331 0.227786 0.616131 0.0632298
0.493134 -1.17414 0.499 -0.207551 -0.755501 0.615448 -0.0858152
2.33319 -2.36116 0.499027 0.0330767 -0.85328 0.16454 0.493706
0.248201 0.511732 0.499 -0.48981 -0.696912 0.387165 0.352849
1.80126 0.639133 0.499021 -0.868071 -0.0616414 -0.412125 -0.269825
-0.548551 -3.80987 0.499 -0.0281986 -0.35808 0.311489 0.879749
-0.932879 2.54866 0.499 -0.270202 -0.446321 0.852953 -0.0161281
0.663101 -2.20956 0.499 -0.756914 -0.122514 0.623512 0.15266
2.62455 1.23936 0.499223 -0.0118219 -0.424496 0.798297 0.427066
-0.546604 -0.822328 0.499 0.406069 -0.894053 0.0372717 0.185439
0.392124 1.94241 0.499 -0.558212 0.408593 0.696973 0.188892
-0.787754 -2.81168 0.499 -0.196936 -0.551277 0.695371 0.416855
1.70857 1.64473 0.49876 -0.558616 -0.346637 -0.680348 -0.32391
-0.300685 -1.89725 0.499 -0.812287 -0.522645 0.24435 0.0855887
2.64056 2.83387 0.499 -0.553658 -0.38388 0.300917 0.674943
-1.12756 0.225177 0.499 -0.553658 -0.38388 0.300917 0.674943
3.37917 -1.79507 0.499 -0.302512 -0.209366 0.158862 0.916196
0.561202 -3.24729 0.499004 -0.334637 -0.114683 0.902447 0.245876
