52.1 0.112376 1.79649 1
-3.54282 2.47964 0.499 -0.967867 -0.0275337 0.152516 -0.198025
0.566189 -1.94366 0.499 0.843969 0.393131 0.257581 -0.258488
-3.50814 1.42627 0.499 0.562032 -0.344926 -0.411219 -0.62932
3.11892 -1.16832 0.499 -0.495102 -0.336376 -0.799344 0.0526738
3.30367 -2.17642 0.499 -0.0166338 -0.811182 -0.577811 0.0885501
-2.73647 0.655158 0.499 0.309657 0.196222 0.391568 -0.843969
-1.58765 0.213248 0.499 0.221864 -0.7043 0.416315 0.530491
-0.117903 -2.8467 0.499 0.744373 0.361027 -0.538227 -0.160869
-2.29677 1.56561 0.499 -0.0536915 0.929228 0.344045 0.123634
-3.0119 -1.40608 0.499 -0.557061 0.485696 -0.666589 0.097169
