67.7 -1.56936 0.881531 1
1.48225 -1.94506 0.499 0.723141 -0.209385 -0.65708 0.0383617
0.410167 3.6755 0.49899 -0.124682 -0.893177 -0.0798155 0.42464
4.26177 1.27216 0.503849 0.0688917 -0.525589 -0.819851 -0.21646
-1.4093 -1.31626 0.499 0.533334 -0.30827 -0.356494 0.70245
-1.83519 -2.99214 0.499 -0.0192791 0.404837 -0.843604 0.352232
-1.00831 1.96428 0.499 0.163324 0.185909 -0.677317 -0.692824
-0.561622 3.43967 0.49901 -0.163952 0.335492 0.105045 0.9217
-1.61647 -0.215123 0.499 0.30037 0.278037 -0.776199 -0.479571
-1.56446 3.92141 0.499 -0.273378 0.464713 -0.242127 -0.806648
2.24473 0.481166 0.499 -0.691996 -0.131488 0.709803 -0.00569818
