115.6 -1.47705 1.02875 1
2.21794 0.184075 0.499 -0.473991 -0.0514065 -0.527814 -0.702924
3.8002 2.16115 0.499072 -0.245572 0.358546 0.758837 0.485083
0.684159 -1.57344 0.499 -0.971816 0.202764 -0.0852483 0.084813
2.61719 4.25479 0.54379 0.0628552 0.291369 0.943897 -0.142167
-2.40104 -0.808666 0.499 -0.59331 0.587374 -0.338504 0.43404
1.79516 -0.84946 0.499 -0.294975 -0.757341 -0.344949 -0.469504
-1.30038 0.659675 0.499 -0.588526 -0.644373 0.358808 -0.331175
-2.77345 2.06583 0.499 0.426608 0.0234543 0.159138 0.890017
3.06064 0.723283 0.499 -0.745166 0.342921 0.309845 0.480759
-1.11677 -0.94234 0.499 -0.0879896 0.0809368 -0.986898 0.108352
