58.2 1.73414 0.482444 1
0.0913306 2.7855 0.499 -0.518569 0.18454 -0.831309 0.0771835
-0.357142 -3.32092 0.499 -0.625049 0.702104 0.28724 0.184001
-1.49513 1.91515 0.499 -0.20378 -0.913312 -0.352181 0.0174401
3.33331 -2.12261 0.499 0.469131 0.545811 0.440873 -0.536319
0.715665 -3.27964 0.499 -0.538586 0.51895 -0.396134 0.532629
-3.45339 0.0284049 0.499 0.00158427 -0.681855 -0.0939267 0.72543
-2.36083 -0.178935 0.499001 -0.044342 0.402093 -0.901143 0.155874
-0.802986 -4.23115 0.499 -0.623091 0.228818 0.680047 0.311344
-2.74325 0.761859 0.498998 -0.388677 -0.610648 0.227274 -0.651449
-2.95293 -1.03628 0.499 -0.443762 -0.545671 0.236914 -0.670216
