56.6 0.806427 -1.60925 1
-2.23738 2.93624 0.499 -0.0117983 0.241005 0.203578 0.948859
-0.347105 -3.30481 0.499001 -0.236356 0.701247 -0.326875 -0.587827
-2.88183 1.92612 0.499 -0.434024 0.649266 -0.623136 -0.0421848
2.83918 -2.19437 0.499 0.326367 -0.479067 0.582544 -0.569756
0.680027 -3.26257 0.499109 -0.0868602 0.798807 -7.37467e-05 -0.595284
-3.70194 -0.10545 0.499 -0.512136 0.438792 0.189586 0.713607
-2.61372 -0.359356 0.499 0.86887 0.40669 -0.184713 -0.213421
-1.05512 -4.19785 0.499 -0.724396 0.230965 -0.145758 -0.632977
-3.15711 0.843844 0.499 -0.465162 -0.262921 -0.811302 0.237248
-4.68485 -2.01795 0.499 -0.291211 -0.916464 0.263612 -0.0761536
