89.1 -1.74615 -0.43698 1
0.9635 1.56657 0.499 0.627837 -0.0562541 0.766211 -0.124809
0.530167 -0.717788 0.499 0.129885 -0.886583 -0.308807 0.318966
-1.09615 -0.269702 0.499 0.371812 -0.291218 0.830062 0.296554
-1.22497 0.986521 0.499 -0.0967123 0.301228 0.946266 -0.0670068
0.00717845 2.50991 0.499 -0.306504 0.380724 -0.865359 0.110714
-0.511188 -1.0956 0.499 -0.477153 -0.110633 -0.767795 0.413008
-0.0887839 0.952191 0.499 -0.240899 -0.387813 0.741654 0.491445
0.244752 -2.84185 0.499 0.0843996 0.834555 -0.461256 -0.289202
1.37745 0.162723 0.499 0.28696 -0.571122 0.531982 0.5554
-1.64527 -1.18017 0.499 -0.0811652 -0.234778 -0.464499 0.850019
