59.6 0.112534 1.79648 1
1.67558 2.80638 0.499 0.681329 -0.406082 0.269222 -0.546267
-0.297824 -2.00338 0.499 -0.862274 0.303275 0.0519051 0.402261
-0.730851 2.05374 0.499 0.651389 0.137494 0.698121 0.263467
3.38069 -1.81022 0.499 -0.4326 0.748467 0.484898 -0.132396
0.394591 -3.00983 0.499 -0.314691 -0.456499 -0.738631 0.38341
-3.61801 0.685791 0.499 0.318349 -0.351559 -0.685803 0.552027
-2.07267 0.545925 0.499 -0.258566 0.413192 -0.870985 -0.0616464
-1.38804 -2.94762 0.499 -0.240886 0.581061 0.494908 0.599507
-2.6977 1.345 0.499 -0.0150247 -0.661403 0.72761 -0.181395
-2.14537 -0.67019 0.499 0.0430444 -0.898147 -0.398314 -0.181177
