65.7 1.25741 1.28799 1
2.42051 -3.6947 0.499 0.0835392 0.575605 0.40826 0.70358
0.236229 2.40679 0.498999 -0.174842 -0.592107 -0.20423 -0.759691
3.31264 1.16959 0.499 0.11407 0.76077 0.613027 0.18004
0.117216 -1.75675 0.499 -0.642049 0.686753 0.131137 0.314556
-0.874768 -3.6175 0.499 -0.148586 0.94326 0.277628 -0.105387
-1.9584 1.52645 0.499 0.0107411 0.331188 0.531151 0.779793
-0.762793 2.35555 0.499001 -0.252718 -0.918695 0.299624 -0.0485608
-2.07752 -0.23695 0.499 -0.168806 0.785833 0.178708 0.56748
-1.72006 2.7438 0.499 0.1251 0.843554 0.404498 0.330376
1.41984 -0.169428 0.499 0.909614 0.144086 0.135615 -0.365308
