65.3 1.63544 0.751896 1
2.46156 -3.28498 0.499 0.341367 0.358862 0.84743 0.191177
0.107355 2.10997 0.499 -0.237054 -0.552837 -0.270683 -0.751603
3.01949 1.09732 0.499 0.402825 0.379367 0.829037 0.0806928
0.323823 -1.88427 0.499 -0.557249 0.774182 0.239888 -0.180472
-0.821136 -3.69742 0.499 0.0916246 0.862282 0.362718 -0.341336
-2.23889 1.3761 0.499 0.226595 0.0712893 0.770128 0.59201
-0.898938 2.08429 0.499 -0.351762 -0.846481 0.318017 -0.242073
-2.27215 -0.255289 0.499 -0.152346 0.730249 0.400077 0.532415
-1.8455 2.45623 0.499 0.28629 0.782597 0.441536 0.332606
1.15498 -0.335332 0.499 0.854882 0.0639122 -0.0901946 -0.50691
