61.1 -1.73213 0.489633 1
3.02166 2.48759 0.499 -0.784574 0.333261 0.0798749 0.51672
-0.372751 -0.405276 0.499 -0.15638 0.81917 -0.5155 0.19689
-0.254403 1.85166 0.499 -0.587385 0.547817 -0.342321 -0.487536
2.47299 -1.69761 0.499 -0.652586 0.577567 -0.340055 0.353426
-0.311882 -3.01591 0.499 0.492109 -0.63936 -0.352775 0.473917
-4.13842 1.0545 0.499 0.656856 0.38854 -0.0253347 0.645705
-2.15642 1.10554 0.499 0.656594 0.218241 -0.713029 -0.113336
-2.45338 -1.49095 0.499 0.653784 0.567167 -0.109324 -0.488811
-3.0069 1.69254 0.499 -0.608638 -0.306705 0.583481 0.441636
-1.68345 -0.466209 0.499 0.199965 0.240876 0.168364 0.934691
