36.3 -1.61468 -0.795494 1
-0.959118 0.441835 0.499 0.122986 0.252079 0.180136 0.942805
1.06454 -0.724984 0.499 -0.455779 0.736656 -0.378644 0.325933
-0.293614 -3.29857 0.499 -0.688068 0.0255254 -0.666601 0.285577
1.44429 0.275141 0.499 0.307617 -0.735004 0.0184762 0.603987
2.50596 -1.66372 0.499 0.093362 0.203533 0.0361693 -0.973935
-1.28499 -1.81274 0.499 -0.51365 0.745249 -0.315041 0.285512
-0.287873 -1.49947 0.499 0.724276 0.0550765 -0.577736 -0.372307
0.901559 -1.71173 0.499 -0.350567 -0.518983 -0.37578 -0.683044
-0.419643 -0.443451 0.499 -0.114836 -0.279047 -0.723608 0.620755
0.688785 -3.01247 0.499 0.00244251 -0.396204 -0.265579 0.878911
