105.3 1.46457 -1.04644 1
-1.09192 -3.26021 0.511006 0.192769 -0.352554 -0.0822832 -0.912017
-1.78293 -4.01782 0.500865 -0.229758 0.880213 0.316892 0.268356
-0.508426 -1.0449 0.497503 0.519025 -0.52775 -0.417896 0.526741
0.249808 -1.9211 0.498992 0.254422 0.16302 -0.446351 0.842297
-0.502581 -0.0457279 0.501913 -0.515839 0.0699591 -0.766486 0.376186
-2.79081 -4.11126 0.498688 -0.0185905 0.829024 -0.0612772 -0.555534
-0.901817 3.49513 0.499 0.434581 0.897615 -0.0130856 -0.0724943
-1.60846 -0.606291 0.499 0.825991 -0.212252 -0.10851 -0.510797
1.10954 -2.43182 0.499008 0.945039 0.315144 0.0866363 -0.00890967
1.23439 3.12219 0.499 0.0953356 -0.82683 -0.47724 0.281965
