12.3 0.760444 1.63148 1
3.45949 1.33571 0.499 0.199451 0.785991 0.50082 -0.302682
5.05369 2.24151 0.499 0.199451 0.785991 0.50082 -0.302682
2.66238 -2.79472 0.499 0.199451 0.785991 0.50082 -0.302682
1.17688 4.70528 0.499 0.199451 0.785991 0.50082 -0.302682
4.51021 1.33571 0.499 0.199451 0.785991 0.50082 -0.302682
1.86316 -3.54827 0.499 0.741021 -0.0293454 0.533271 -0.406999
4.10664 -2.19814 0.499 0.373738 0.850266 0.345125 0.135117
4.91706 -1.60876 0.499 0.861671 0.491451 0.0711984 0.104545
3.56818 -0.475881 0.499 0.199451 0.785991 0.50082 -0.302682
4.58267 -0.475881 0.499 0.199451 0.785991 0.50082 -0.302682
