119.3 1.68459 -0.634163 1
3.12199 0.542304 0.499 -0.494411 -0.511291 0.166146 0.683034
-1.7289 1.93109 0.499001 -0.524303 0.288682 0.689886 -0.407219
1.76717 -3.97997 0.499 -0.358781 0.0958161 -0.172087 0.912404
-2.09241 3.07626 0.529967 0.166595 -0.70237 -0.385005 0.575059
-1.98597 -3.06545 0.499 0.0305547 0.733485 -0.452349 0.506405
3.21436 -0.852913 0.499 0.252165 0.154179 0.773064 0.56126
-0.303307 -1.24394 0.499 -0.503106 -0.442869 0.299892 0.678834
-2.7604 1.26047 0.499 -0.844221 0.0416237 -0.524432 -0.102611
3.93733 1.12128 0.499 0.629544 -0.248182 -0.702368 0.220814
-0.705528 -4.15193 0.499 -0.0883941 0.413184 -0.366495 -0.828943
