19.8 -1.76363 0.360015 1
2.38492 0.885046 0.499 -0.719734 0.139527 -0.497603 -0.46358
3.61118 1.40974 0.499 -0.56738 0.370693 -0.0946997 -0.729176
1.6943 -3.299 0.499 -0.245593 0.0290211 -0.56452 -0.787501
0.455695 4.34192 0.499 -0.347031 -0.0742295 -0.734725 -0.578134
3.31952 0.393295 0.499 -0.071452 0.0431417 -0.0587634 -0.994776
0.669581 -3.04864 0.499 -0.820381 0.129702 -0.292789 -0.473738
2.09222 -2.29621 0.499 0.735451 0.315169 -0.143726 -0.582342
2.80495 -1.41539 0.499 0.443115 -0.705507 0.00484727 -0.553069
2.29718 -0.524716 0.499 -0.0668646 0.187761 -0.73962 -0.642835
3.55997 -0.58813 0.499 -0.0378942 -0.0850582 -0.824518 -0.558121
