113.5 1.47617 1.03 1
2.04653 -0.728076 0.498997 -0.65849 0.730489 0.0382481 0.176955
6.62031 -0.483686 0.504309 -0.114076 -0.985319 0.00035744 -0.127016
0.375635 -0.761236 0.499 0.881532 0.238669 0.343732 -0.218602
2.93788 3.0534 0.499 0.688124 -0.623183 -0.0126911 0.37144
-2.08269 -0.0909576 0.499 0.150329 -0.0927297 0.94234 0.284249
1.36874 -1.54235 0.499 -0.0132022 0.698432 -0.317541 -0.641238
-1.49287 1.10713 0.499 0.179857 0.412902 -0.331365 -0.829072
-2.74986 1.68611 0.499 -0.553242 0.225579 -0.195334 -0.777741
2.9097 -0.223176 0.499003 -0.30638 -0.283631 0.877256 -0.236868
-0.949548 0.156245 0.499 -0.0292659 0.396047 0.911042 0.11087
