16.9 -0.973179 1.51424 1
2.96414 1.30218 0.499 -0.411897 0.0828434 0.151754 -0.894678
4.55834 2.20798 0.499 -0.411897 0.0828434 0.151754 -0.894678
2.17537 -2.81098 0.498999 -0.396362 0.0838393 0.135782 -0.904119
0.681527 4.67175 0.499 -0.411897 0.0828434 0.151754 -0.894678
4.01486 1.30218 0.499 -0.411897 0.0828434 0.151754 -0.894678
1.14369 -3.02801 0.499 -0.315761 -0.435876 0.522438 -0.661336
2.89861 -2.11609 0.499001 0.224075 0.784955 0.445547 -0.367592
3.4811 -1.18987 0.499 0.941068 -0.0239822 0.216195 -0.258989
2.85109 -0.411306 0.499 -0.273773 0.227278 0.218389 -0.90868
3.93382 -0.0705368 0.499 -0.18566 0.273875 -0.25924 -0.907369
