98.4 1.42314 -1.10212 1
2.63161 -2.70223 0.499 -0.608435 0.170122 -0.554885 0.541265
0.498775 -2.85962 0.499116 0.457432 0.468826 -0.697431 0.290769
-1.44559 -2.53419 0.499 0.205532 0.733506 0.461102 -0.455094
0.0392059 -1.97202 0.498884 0.364625 -0.671939 -0.182929 -0.618128
2.56995 3.05163 0.499 0.172761 -0.944243 -0.279239 0.0241606
-0.683768 -3.19009 0.499 0.790104 -0.340733 -0.452919 -0.233454
-0.327195 2.24454 0.499 -0.485811 -0.824239 -0.059095 0.284827
-2.70832 -3.57798 0.499 0.719574 0.313089 0.57489 0.23171
3.68155 -2.99898 0.499 0.623918 0.698367 0.295892 -0.188302
-3.38235 -2.56578 0.499 0.385185 0.595846 -0.506298 -0.490166
