77.5 1.03549 -1.47233 1
0.131235 1.87831 0.499 -0.0544228 0.491854 0.595706 -0.632655
3.52339 -0.641823 0.499 0.604793 -0.185129 -0.772081 -0.0619983
-2.22035 -2.82915 0.499 -0.166003 -0.839517 -0.514102 -0.0579054
-2.72722 1.48131 0.499 0.458122 -0.435504 -0.0339278 0.774151
-1.19297 0.10758 0.499 0.0550563 0.941592 0.121966 -0.309027
2.13665 0.166731 0.499 0.878642 -0.197367 -0.320038 -0.294296
3.74109 0.44279 0.499 0.693021 0.252484 -0.544586 -0.39925
2.14286 -1.61973 0.499 -0.00302846 -0.818657 -0.508195 -0.267451
-0.650812 0.952186 0.499 -0.0952076 0.480173 0.342085 -0.802089
0.214478 -0.29335 0.499 0.337513 -0.825185 0.327283 0.313114
