4.4 1.78106 0.260413 1
3.75111 0.94397 0.499 0.982663 0.184913 0.0134421 -0.000839106
5.34532 1.84977 0.499 0.982663 0.184913 0.0134421 -0.000839106
2.95401 -3.18646 0.499 0.982663 0.184913 0.0134421 -0.000839106
1.4685 4.31354 0.499 0.982663 0.184913 0.0134421 -0.000839106
4.80184 0.94397 0.499 0.982663 0.184913 0.0134421 -0.000839106
2.26315 -4.95955 0.499003 0.997086 0.0750005 0.0104009 -0.00927432
4.8743 -2.64299 0.499 0.982663 0.184913 0.0134421 -0.000839106
5.92503 -2.64299 0.499 0.982663 0.184913 0.0134421 -0.000839106
3.85981 -0.867624 0.499 0.982663 0.184913 0.0134421 -0.000839106
4.8743 -0.867624 0.499 0.982663 0.184913 0.0134421 -0.000839106
