41.9 1.48505 1.01717 1
-1.29492 1.27957 0.499 -0.719567 0.406384 0.423393 -0.371233
1.48681 -0.988345 0.499 0.822015 0.40326 0.0378155 -0.400302
-1.44394 -1.71472 0.499 0.0828847 0.67604 -0.397487 -0.614902
2.82837 -0.374839 0.499 -0.838631 0.514008 0.062814 0.168963
3.39007 -1.49325 0.499 -0.14668 -0.883941 -0.431981 0.102596
-1.14133 -0.739109 0.499 0.693556 0.134855 0.00528647 -0.707649
-0.116269 -0.651429 0.499 0.286911 -0.63552 0.620025 0.359673
1.15205 -1.94665 0.499 0.449312 -0.030011 -0.704779 0.548183
-0.478976 0.473272 0.499 0.309835 0.870393 0.310567 0.223534
-0.0742897 -2.18174 0.499 -0.321498 0.806257 -0.290389 0.40282
