106.2 1.76261 0.364977 1
-0.120186 -2.45678 0.499161 0.749238 0.290907 -0.515536 -0.297051
-0.436271 -3.61915 0.499 0.0535547 0.988595 -0.10064 0.0984056
-0.542103 -1.28938 0.499021 -0.276841 -0.54147 -0.780029 0.147393
0.447972 -1.59175 0.511227 0.291762 -0.389239 -0.678865 0.550009
-0.654808 0.0222241 0.495228 -0.91344 -0.270714 -0.294646 0.0743365
-1.76205 -3.12102 0.499 -0.27401 0.605208 -0.246909 -0.705462
-0.766934 3.76545 0.499 0.243335 0.805807 -0.389932 0.373386
-1.74066 -0.177558 0.499 0.396333 -0.317545 -0.328265 -0.796447
1.211 -2.25378 0.498984 0.661478 0.358943 -0.545501 0.36883
2.05052 3.96529 0.499 -0.0560025 -0.880172 0.22784 0.412613
