54.4 -1.76273 -0.364391 1
-4.38643 3.45856 0.499 0.239681 0.496412 -0.725033 0.412862
-0.302207 -2.46493 0.499 -0.28092 -0.232477 0.476695 -0.799875
-4.06086 2.35212 0.499 -0.805778 0.0788145 0.517161 0.277585
2.513 -1.51275 0.499 0.654268 -0.393929 0.198008 0.614449
1.59139 -2.54794 0.499 0.287359 -0.822142 0.488182 0.0564452
-3.64887 0.564019 0.499 -0.758294 -0.329608 -0.238764 -0.509255
-2.58023 0.102367 0.499 -0.282871 0.543751 0.75831 0.222001
-1.06507 -3.3555 0.499 0.311042 -0.574121 0.194401 -0.732015
-3.28711 1.53175 0.499 0.244899 0.364369 -0.596368 -0.672015
-4.33511 -1.53703 0.499 0.51972 -0.0174956 -0.762618 0.384705
