53.6 -1.62536 0.773441 1
-4.14157 3.25073 0.499 -0.421317 0.256808 -0.859354 -0.134358
-0.0652738 -2.15783 0.499 0.0105654 -0.000758891 0.836922 -0.54722
-3.92294 2.14176 0.499002 -0.243844 -0.801601 0.238093 0.49121
2.66056 -1.28279 0.499 0.659675 -0.364411 -0.448326 0.480664
2.24798 -2.30087 0.499 0.561975 -0.729131 0.0309558 0.38935
-3.3839 0.725859 0.499 -0.430962 -0.461243 0.2648 -0.728977
-2.3001 0.26672 0.499 -0.272106 0.197926 0.569959 0.74962
-0.800738 -3.05274 0.499 0.660243 -0.136829 0.27783 -0.684228
-3.02416 1.67626 0.498998 -0.126889 0.647846 -0.102962 -0.744039
-3.93998 -1.36569 0.499 0.236325 0.251452 -0.93754 -0.0440682
