44.9 -1.49764 0.99854 1
-2.8019 1.44513 0.499 -0.495982 0.37655 -0.63998 0.450153
0.413642 -1.35255 0.499 -0.576264 -0.167395 0.212521 -0.77119
-3.402 -1.19361 0.499 -0.0991432 -0.286483 -0.906569 -0.29365
2.16575 -0.820534 0.499 0.561768 -0.350115 -0.401731 0.63281
2.55357 -1.74297 0.499 0.385695 0.0552118 0.787966 0.47676
-2.37665 -0.287929 0.499 -0.694342 -0.467263 0.00844208 -0.547251
-1.35142 -0.480347 0.499 -0.1673 0.722098 0.667473 0.0711711
-0.0238602 -2.29461 0.499 0.639288 -0.392044 0.242159 -0.615607
-1.83785 0.681149 0.499 0.153302 0.34793 -0.561141 -0.735231
-1.74069 -2.03684 0.499 0.47752 0.194278 -0.855591 0.0468534
