43.3 0.136046 1.79485 1
-1.98596 1.58161 0.499 -0.989237 -0.0863928 -0.0864829 -0.0804197
0.998214 -0.933531 0.499 0.0667799 0.37489 0.789434 -0.481448
-2.34549 -1.24676 0.499 -0.126947 0.241094 -0.318075 -0.908067
2.5673 -0.444727 0.499 -0.399276 -0.2422 -0.883682 0.031985
3.004 -1.35803 0.499 0.724656 -0.40343 -0.232142 0.508162
-1.7056 -0.303779 0.499 0.247937 -0.183292 0.636094 -0.70733
-0.68046 -0.346812 0.499 0.0464166 0.0273711 0.48073 0.875211
0.615509 -1.88425 0.499 0.829391 0.359763 -0.338145 -0.261418
-1.1009 0.79506 0.499 -0.285465 0.887782 0.139347 -0.333069
-0.839729 -1.88934 0.499 -0.340798 0.586215 -0.715049 -0.170037
