25.5 0.294573 -1.77573 1
1.86897 0.0337904 0.499 0.559621 -0.629007 0.335563 0.422578
2.91547 -0.215343 0.499 0.14293 -0.465507 -0.0221703 0.873145
1.80182 -4.20945 0.499 -0.671278 -0.0878738 0.202811 0.707482
1.21301 3.03161 0.499 -0.362487 -0.738528 -0.262749 0.504126
3.16038 -1.197 0.498973 -0.584139 0.49633 -0.354383 0.535584
0.686086 -3.07033 0.499 0.425172 -0.511774 0.0915372 0.740903
1.56913 -2.5979 0.499 -0.918256 -0.312958 0.24222 -0.0138832
2.4809 -1.93173 0.499027 -0.541448 0.525422 0.589536 0.288468
2.00746 -1.03791 0.499 -0.266803 -0.774691 0.534418 0.207527
3.90732 -2.45453 0.499 -0.933666 -0.247805 0.258093 -0.0157781
