29.1 1.79587 0.121913 1
1.55886 0.462667 0.499 0.0862694 0.635504 -0.098762 -0.76088
2.76777 -0.153271 0.499 0.513203 0.111091 0.0298016 -0.850525
1.92715 -3.85673 0.499 0.791828 -0.593811 -0.0923937 0.108905
1.89567 2.51347 0.499 0.689863 0.448105 0.497132 -0.275954
3.48274 -0.954096 0.499 0.0332863 -0.977961 -0.179709 0.100942
0.650832 -2.19749 0.499 0.614926 -0.119488 -0.229189 -0.745024
1.57569 -1.7297 0.499 0.462017 -0.219923 0.770261 0.38062
2.52078 -1.31528 0.499 0.505654 -0.112514 -0.370064 0.771172
1.80724 -0.511127 0.499 0.735271 0.622079 0.257012 -0.0796112
4.20064 -2.68692 0.499 0.802606 -0.0334487 0.139729 0.578948
