16.6 -0.85639 1.58322 1
2.99751 1.3219 0.499 -0.401296 0.136693 0.22938 -0.876163
4.59171 2.22769 0.499 -0.401296 0.136693 0.22938 -0.876163
2.23373 -2.77722 0.499 -0.404067 0.126091 0.186094 -0.886679
0.714897 4.69146 0.499 -0.401296 0.136693 0.22938 -0.876163
4.04823 1.3219 0.499 -0.401296 0.136693 0.22938 -0.876163
1.19532 -3.04168 0.499 -0.22936 -0.427983 0.584846 -0.649754
2.98772 -2.11611 0.499 0.187301 0.79628 0.467547 -0.335046
3.56106 -1.18094 0.499 0.953073 0.0377949 0.196066 -0.227555
2.9184 -0.413981 0.499 -0.280033 0.252171 0.295676 -0.877819
3.97973 -0.087213 0.499 -0.195745 0.328981 -0.157651 -0.910276
