45 -1.56151 0.89537 1
-2.84197 1.42134 0.499 -0.442442 0.41576 -0.619392 0.497737
0.388039 -1.39401 0.499 -0.586154 -0.162811 0.140779 -0.781087
-3.4571 -1.20555 0.499 -0.121027 -0.29159 -0.926259 -0.205847
2.15127 -0.858605 0.499 0.569419 -0.362206 -0.324454 0.662796
2.53627 -1.78223 0.499 0.347975 0.0470197 0.834285 0.425053
-2.40766 -0.3022 0.499 -0.737333 -0.421377 -0.0592713 -0.52466
-1.38243 -0.503955 0.499 -0.131499 0.732031 0.668426 -0.00664802
-0.0528885 -2.33551 0.499 0.596463 -0.448976 0.230744 -0.624028
-1.87298 0.658768 0.499 0.193317 0.310382 -0.615747 -0.697959
-1.78607 -2.06132 0.499 0.507396 0.150426 -0.841738 0.106765
