12.4 0.730092 1.64529 1
3.45081 1.33966 0.499 0.180787 0.781174 0.507985 -0.314697
5.04502 2.24546 0.499 0.180787 0.781174 0.507985 -0.314697
2.65371 -2.79078 0.499 0.180787 0.781174 0.507985 -0.314697
1.1682 4.70922 0.499 0.180787 0.781174 0.507985 -0.314697
4.50154 1.33966 0.499 0.180787 0.781174 0.507985 -0.314697
1.85261 -3.53003 0.499 0.727493 -0.0371887 0.546215 -0.413545
4.08739 -2.19293 0.499 0.361548 0.852299 0.354401 0.131413
4.88912 -1.59078 0.499 0.864003 0.488417 0.0714924 0.0991812
3.55951 -0.471936 0.499 0.180787 0.781174 0.507985 -0.314697
4.574 -0.471936 0.499 0.180787 0.781174 0.507985 -0.314697
