86.2 1.3415 1.20016 1
1.04459 2.42288 0.499 -0.81598 0.496215 -0.200186 0.218799
1.44864 -0.405279 0.499 -0.000424763 -0.376002 -0.902537 0.209876
-0.596472 0.537876 0.499989 -0.0423603 -0.55582 -0.748789 -0.358587
-1.29285 1.69276 0.498996 -0.575516 -0.363226 -0.701709 0.210839
-0.272761 1.87727 0.499004 -0.409859 0.344681 0.813758 0.22585
0.45673 -0.713691 0.498998 -0.822535 0.199461 0.52968 -0.0556009
0.356819 0.282418 0.498013 -0.697157 -0.574688 0.0103233 0.428484
1.44713 -2.6235 0.499 0.228111 0.304652 -0.0353647 0.924068
1.28228 0.920945 0.499 -0.614517 -0.188482 -0.759185 -0.102379
-0.516737 -1.02571 0.499 -0.985911 0.0409705 0.0413563 0.156814
