74.2 -1.20182 1.34001 1
0.225147 1.52462 0.499 0.508414 -0.630799 -0.58093 0.0782797
4.41212 0.672642 0.569001 -0.438116 -0.238633 0.845285 0.191315
2.09076 -2.68912 0.499 0.164629 0.531258 0.772249 -0.307074
-2.2329 0.637724 0.499 0.579765 -0.171371 0.488607 -0.629101
-1.71398 -0.243378 0.499 0.488127 -0.595636 -0.625854 0.123517
2.47568 1.13206 0.499 0.510125 0.750944 -0.275164 0.316451
2.69487 2.21065 0.499 -0.267295 -0.864191 -0.295498 0.307258
1.01307 -0.807867 0.499 -0.207774 0.922504 -0.140497 0.29339
-1.22168 1.16112 0.499 -0.761722 -0.0694081 0.389507 0.513076
0.866086 0.487283 0.499 0.111417 -0.207954 -0.649345 0.722975
