48.2 0.260729 -1.78102 1
-3.02128 0.830102 0.499 0.58082 -0.696932 -0.0805442 -0.412851
0.671458 -2.55033 0.499 -0.499307 0.44765 0.147023 0.727108
-4.11756 -1.41753 0.499 0.647915 -0.192396 0.697697 -0.237505
2.79052 -1.90679 0.499 0.433663 -0.104395 0.405624 -0.797814
3.08526 -2.86849 0.499 0.496941 0.603316 -0.229804 -0.57987
-2.38377 -0.728681 0.499 0.29707 -0.139869 0.346346 0.878767
-1.27179 -1.0893 0.499 -0.0729813 0.0680623 -0.981896 0.161001
0.120935 -3.4745 0.499 -0.746271 0.543181 0.316252 -0.21913
-1.8688 0.149207 0.499 -0.600171 -0.676805 0.403978 0.136128
-2.13543 -2.67459 0.499 -0.150645 -0.382051 0.579969 -0.703548
