49.6 1.65893 -0.698533 1
-2.90256 1.18343 0.499 0.0786231 0.487912 -0.0939545 -0.864252
0.99262 -2.44423 0.499 -0.101677 -0.784385 -0.0718363 0.607652
-4.20934 -0.898278 0.499 0.548058 0.62594 -0.510072 -0.218308
3.26736 -1.75338 0.499 0.116165 0.921594 0.291507 -0.228462
3.52262 -2.73174 0.499 -0.49742 0.842522 -0.178019 0.105071
-2.19018 -0.337042 0.499 0.658046 -0.578574 -0.478128 0.0601674
-1.02623 -0.733403 0.499 -0.865392 -0.334257 -0.21073 -0.308157
0.39415 -3.36082 0.499 -0.193503 -0.0704858 0.521609 0.827957
-1.6636 0.545668 0.499 0.534658 -0.357948 0.722012 -0.254388
-2.09111 -2.33091 0.499 0.435452 0.735019 0.513084 -0.0829109
