64.5 1.71853 -0.535411 1
2.45461 -2.39138 0.499 0.124013 -0.394758 0.481684 -0.772507
-0.20218 1.56318 0.499 -0.172124 -0.695544 -0.374346 -0.588606
2.32248 0.993135 0.499 0.421 -0.518426 0.732378 -0.132723
0.641165 -2.07265 0.499 -0.106915 0.161852 0.190118 -0.962408
-0.810668 -3.79177 0.499 0.301797 0.31021 0.479882 -0.763153
-2.9119 1.10756 0.499 0.32585 -0.298215 0.896949 0.0192841
-1.26059 1.61985 0.499027 -0.46183 -0.744755 0.30602 -0.372028
-2.74104 -0.205261 0.499 -0.333714 0.588349 0.64579 0.354169
-2.24601 1.93653 0.499001 0.434206 0.731128 0.485528 0.202928
0.530754 -0.598172 0.499 0.627271 -0.0931158 -0.231753 -0.737666
