8.6 1.53014 0.94799 1
3.67941 1.14043 0.499 0.762448 0.620888 0.176739 -0.0439823
5.27362 2.04623 0.499 0.762448 0.620888 0.176739 -0.0439823
2.88231 -2.99001 0.499 0.762448 0.620888 0.176739 -0.0439823
1.39681 4.50999 0.499 0.762448 0.620888 0.176739 -0.0439823
4.73014 1.14043 0.499 0.762448 0.620888 0.176739 -0.0439823
2.15211 -4.27192 0.499 0.975247 0.0734185 0.138518 -0.155932
4.70011 -2.43682 0.499 0.781016 0.611484 0.118257 0.0460036
5.69164 -2.28394 0.499003 0.866399 0.485451 0.0712324 0.0928226
3.78811 -0.671165 0.499 0.762448 0.620888 0.176739 -0.0439823
4.8026 -0.671165 0.499 0.762448 0.620888 0.176739 -0.0439823
