102.6 -1.79797 -0.0854189 1
0.242828 -2.91525 0.499 0.492043 0.0183187 0.00984353 0.870322
-0.759104 -3.11719 0.499 -0.200053 -0.56574 -0.0961737 -0.794146
-0.60407 -1.28955 0.498762 -0.597303 0.797331 -0.0571611 -0.0650038
0.301072 -1.72457 0.499158 -0.789405 0.589242 0.152413 0.0800232
2.03425 2.88543 0.499 0.664038 0.481269 0.519763 -0.239334
-1.71898 -3.42407 0.499 -0.365473 -0.521119 0.302889 -0.709312
-0.884919 3.52857 0.499 -0.423323 -0.107982 0.87104 0.224558
-1.61031 -1.34443 0.504283 -0.593307 0.0494811 -0.214512 0.774288
1.23452 -2.13444 0.499 -0.756543 0.00515164 0.353886 0.549892
-0.808604 1.41468 0.499 -0.40845 0.345669 0.779445 0.325804
