60.2 -0.82567 1.59946 1
2.2322 2.74172 0.499 0.301033 -0.374568 0.819159 0.31314
-0.306931 -1.3014 0.499 -0.776151 0.470092 -0.234439 0.348771
-0.52356 2.03622 0.499 0.0386765 0.789115 0.611683 0.0405719
3.27439 -1.73719 0.499 -0.775346 0.551511 0.235981 -0.197451
0.129521 -2.9498 0.499 0.0833161 -0.596632 -0.724565 0.334804
-3.81396 0.897203 0.499 0.506408 0.0259579 -0.619493 0.599254
-2.0775 0.827498 0.499 0.00853455 0.414577 -0.88695 -0.203404
-1.81493 -2.29918 0.499 0.0377269 0.911234 0.332901 0.239596
-2.80182 1.5461 0.499 -0.154124 -0.636661 0.734926 0.175477
-1.94062 -0.529192 0.499 0.319583 -0.683785 -0.462917 0.464772
