98.5 1.51801 -0.967292 1
2.67319 -2.74086 0.499 -0.598866 0.0680647 -0.557468 0.570926
0.525856 -2.87626 0.499024 0.397742 0.447214 -0.739405 0.308352
-1.42397 -2.54307 0.499 0.235964 0.754029 0.486403 -0.37306
0.0708468 -1.985 0.498976 0.360793 -0.624356 -0.179807 -0.669087
2.62175 3.06365 0.499 0.154065 -0.929171 -0.335952 -0.00649088
-0.664031 -3.20237 0.499 0.761345 -0.302374 -0.505185 -0.271498
-0.308083 2.26478 0.499 -0.495042 -0.83871 -0.00647479 0.226843
-2.71852 -3.59222 0.499 0.776975 0.326489 0.482923 0.237698
3.73146 -3.02601 0.499 0.627017 0.701657 0.324254 -0.096886
-3.38336 -2.56293 0.499 0.34619 0.645091 -0.520072 -0.439926
