66.8 -0.41812 1.75076 1
1.95831 -2.75366 0.587751 0.422462 0.453212 -0.60261 0.502977
0.405672 3.19237 0.499 0.0335153 -0.926858 -0.102616 -0.359558
3.92413 1.32182 0.499 -0.576365 0.540353 -0.588734 -0.170922
-0.647103 -1.42745 0.499 -0.1724 0.0281792 -0.427053 0.887192
-1.29823 -3.24722 0.499 -0.501353 0.752545 -0.353823 0.239021
-1.37285 1.86655 0.499 -0.437359 0.775609 -0.438775 0.120932
-0.588651 3.05019 0.499 -0.119663 -0.619673 0.0855347 0.770954
-1.73651 -0.15518 0.499 -0.188498 0.804911 -0.555612 0.0887764
-1.567 3.4862 0.499 -0.374144 0.879792 0.215907 -0.198409
1.9513 0.272806 0.499 0.358953 0.101367 0.926062 0.0573327
