36.4 -1.56893 -0.882308 1
-0.967851 0.42273 0.499 0.163345 0.194132 0.232767 0.938856
1.06585 -0.771168 0.499 -0.441808 0.739303 -0.344558 0.373519
-0.316931 -3.30406 0.499 -0.718255 0.056696 -0.598195 0.350796
1.46627 0.22947 0.499 0.290775 -0.760599 0.0522527 0.578107
2.51901 -1.69474 0.499 0.1104 0.229574 -0.0203019 -0.966797
-1.28525 -1.82856 0.499 -0.471206 0.763407 -0.275833 0.345095
-0.287545 -1.51839 0.499 0.701057 0.0252943 -0.63369 -0.326062
0.90176 -1.75776 0.499 -0.391432 -0.474392 -0.384487 -0.688406
-0.423439 -0.461145 0.499 -0.166469 -0.304389 -0.671062 0.655218
0.665653 -3.0217 0.499 -0.0558624 -0.451876 -0.200427 0.867477
