38.3 0.010724 -1.79997 1
-0.930792 0.268935 0.499 0.647503 -0.73718 0.10963 -0.159019
1.33037 -1.36325 0.499 -0.245074 -0.172063 0.296327 0.906931
-0.542277 -3.19667 0.499 0.101018 -0.230251 0.877447 0.408493
2.08686 -0.429086 0.499 0.363555 -0.775151 0.315207 -0.409405
2.96997 -2.07493 0.499 -0.0673826 0.836957 -0.527735 -0.128291
-1.08738 -1.91995 0.499 0.289239 -0.180576 0.263073 0.902511
-0.0783296 -1.66869 0.499 -0.595124 -0.204603 -0.761205 0.156625
1.1189 -2.34107 0.499 -0.754583 0.517562 0.238081 -0.325654
-0.292577 -0.588141 0.499 -0.451264 -0.673574 0.582237 0.0604909
0.48346 -3.1473 0.499 -0.248381 -0.433094 0.700162 -0.510402
