21.5 -1.70566 -0.575101 1
2.09413 0.543051 0.499 -0.766746 0.428973 -0.413925 0.238219
3.17356 0.835519 0.499 -0.551943 0.788106 -0.138165 -0.234859
1.56753 -3.65575 0.499 -0.255006 0.314104 -0.848846 -0.340253
0.47229 4.07472 0.499 -0.368147 0.15052 -0.917439 0.0107851
3.00948 -0.270405 0.499001 0.196654 0.407034 -0.286879 -0.844601
0.519395 -3.13859 0.499 -0.564724 0.714119 -0.404801 0.0851843
1.76842 -2.47572 0.499 0.614888 -0.0929808 -0.749701 -0.226308
2.55419 -1.62738 0.499 -0.227906 -0.629343 -0.364839 -0.647208
2.09898 -0.693056 0.498999 -0.0875553 0.239705 -0.959026 0.123066
3.48638 -1.25071 0.499 -0.21102 -0.069102 -0.92105 -0.319941
