12.5 0.699242 1.65863 1
3.442 1.34347 0.499 0.162094 0.775739 0.514821 -0.326977
5.0362 2.24927 0.499 0.162094 0.775739 0.514821 -0.326977
2.6449 -2.78696 0.499 0.162094 0.775739 0.514821 -0.326977
1.15939 4.71304 0.499 0.162094 0.775739 0.514821 -0.326977
4.49272 1.34347 0.499 0.162094 0.775739 0.514821 -0.326977
1.84193 -3.51193 0.499 0.713421 -0.0454011 0.55903 -0.420064
4.06799 -2.18785 0.499 0.34942 0.854044 0.363759 0.127255
4.86087 -1.57293 0.499 0.86647 0.485106 0.071861 0.0934735
3.55069 -0.468123 0.499 0.162094 0.775739 0.514821 -0.326977
4.56519 -0.468123 0.499 0.162094 0.775739 0.514821 -0.326977
