9.5 1.4032 1.1274 1
3.64314 1.19169 0.499 0.65785 0.706679 0.248713 -0.0773303
5.23735 2.09749 0.499 0.65785 0.706679 0.248713 -0.0773303
2.84604 -2.93874 0.499 0.65785 0.706679 0.248713 -0.0773303
1.36054 4.56126 0.499 0.65785 0.706679 0.248713 -0.0773303
4.69387 1.19169 0.499 0.65785 0.706679 0.248713 -0.0773303
2.09924 -4.0925 0.499 0.951653 0.0693934 0.205733 -0.21729
4.58141 -2.37693 0.499 0.698601 0.694679 0.146124 0.0895832
5.55051 -2.12908 0.499005 0.852168 0.502985 0.0703658 0.125952
3.75184 -0.619904 0.499 0.65785 0.706679 0.248713 -0.0773303
4.76633 -0.619904 0.499 0.65785 0.706679 0.248713 -0.0773303
