108.3 -0.952156 1.52755 1
0.367144 -1.61103 0.499 0.454957 0.509556 0.711318 0.165511
2.03632 -2.44397 0.499 0.212164 -0.683409 -0.254198 -0.650632
-0.79738 -0.322913 0.499067 0.372914 0.376111 -0.51094 -0.677064
1.01297 0.243123 0.499 0.675281 -0.347426 0.650434 0.015036
-1.2614 0.575503 0.49893 -0.245988 -0.914367 -0.321075 0.0182551
-0.62779 -1.81288 0.499025 0.235787 -0.89407 -0.256073 0.281905
-1.08144 4.61284 0.499 -0.0279861 0.471842 -0.867072 -0.15738
-2.74224 1.05355 0.499 -0.479911 -0.758592 0.238153 -0.370818
1.46077 -1.33087 0.499 0.299987 0.234009 -0.856514 -0.348757
2.59391 5.76014 0.56346 -0.247156 0.768819 0.446329 0.385515
