2.5 1.79802 0.0843273 1
3.75596 0.893656 0.499 0.998187 0.0601782 0.00140867 -2.83209e-05
5.35016 1.79945 0.499 0.998187 0.0601782 0.00140867 -2.83209e-05
2.95886 -3.23678 0.499 0.998187 0.0601782 0.00140867 -2.83209e-05
1.47335 4.26322 0.499 0.998187 0.0601782 0.00140867 -2.83209e-05
4.80668 0.893656 0.499 0.998187 0.0601782 0.00140867 -2.83209e-05
2.27045 -5.12084 0.499 0.998187 0.0601782 0.00140867 -2.83209e-05
4.87915 -2.6933 0.499 0.998187 0.0601782 0.00140867 -2.83209e-05
5.92987 -2.6933 0.499 0.998187 0.0601782 0.00140867 -2.83209e-05
3.86465 -0.917938 0.499 0.998187 0.0601782 0.00140867 -2.83209e-05
4.87915 -0.917938 0.499 0.998187 0.0601782 0.00140867 -2.83209e-05
