8.3 1.56507 0.889137 1
3.6894 1.12361 0.499 0.792037 0.589201 0.155672 -0.0358596
5.2836 2.02941 0.499 0.792037 0.589201 0.155672 -0.0358596
2.89229 -3.00682 0.499 0.792037 0.589201 0.155672 -0.0358596
1.40679 4.49318 0.499 0.792037 0.589201 0.155672 -0.0358596
4.74012 1.12361 0.499 0.792037 0.589201 0.155672 -0.0358596
2.16729 -4.33078 0.499 0.980466 0.0739624 0.120539 -0.136699
4.7364 -2.45621 0.499 0.804914 0.581761 0.112957 0.0301442
5.73239 -2.33272 0.499003 0.871836 0.478029 0.0715503 0.0791942
3.79809 -0.687981 0.499 0.792037 0.589201 0.155672 -0.0358596
4.81258 -0.687981 0.499 0.792037 0.589201 0.155672 -0.0358596
