22.8 -1.30827 -1.2363 1
1.96337 0.297219 0.499013 -0.544789 0.377254 0.0170459 0.748729
2.95825 0.412723 0.498987 -0.38029 0.837774 0.0101304 0.391678
1.57148 -3.91315 0.499 -0.40062 0.517046 -0.741761 0.148182
0.585865 3.88579 0.499 -0.493181 0.270827 -0.680832 0.468929
2.98419 -0.651499 0.499 0.184342 0.651244 -0.548494 -0.490972
0.505432 -3.19197 0.499 -0.163085 0.749063 -0.137589 0.627198
1.62169 -2.59758 0.499 0.0197089 -0.286012 -0.949005 0.131144
2.45452 -1.79086 0.499 -0.71656 -0.132253 -0.371345 -0.575459
1.99754 -0.886569 0.499 -0.374917 -0.0342707 -0.683873 0.624964
3.55098 -1.71939 0.499 -0.537637 -0.0168796 -0.833498 -0.126259
