28.2 1.70919 -0.564495 1
1.72005 0.280053 0.499 0.52609 0.329093 -0.309472 -0.720524
2.85283 -0.250084 0.499 0.549863 -0.330944 -0.351514 -0.68159
1.97831 -4.00548 0.499 0.382945 -0.89659 0.0922533 0.202407
1.8075 2.58243 0.499 0.850949 -0.257495 0.262661 -0.374955
3.45827 -1.09435 0.499 -0.467068 -0.848706 -0.07459 0.236606
0.746248 -2.47454 0.499 0.606346 -0.461281 -0.400816 -0.508834
1.65339 -2.0085 0.499 0.205937 -0.326536 0.919102 0.0788392
2.55911 -1.54905 0.499 0.363902 -0.187729 0.0538412 0.910733
1.95035 -0.694277 0.499 0.869675 0.128587 0.415551 -0.23334
4.2098 -2.68939 0.499 0.537083 -0.490305 0.538912 0.425108
