95.8 -1.79091 -0.180658 1
2.04388 -1.14378 0.499001 -0.0771739 0.499185 0.767735 -0.394259
0.24523 -1.8891 0.499 -0.0720115 0.938839 0.329677 -0.0686231
-1.53722 -1.78074 0.49757 -0.81065 0.110919 0.467681 -0.334392
-0.306805 -1.00445 0.499 0.906233 -0.23185 -0.349226 0.0550319
1.71581 3.2936 0.499 0.862841 0.471253 -0.103599 -0.150642
-0.672992 -2.35807 0.499 0.92098 0.228941 0.104451 0.297443
-0.339401 2.27489 0.499 0.283527 0.124329 -0.898002 -0.312645
-1.88622 -2.71637 0.500865 -0.654115 -0.610208 0.234416 0.380565
2.86143 -1.72536 0.498999 -0.899903 0.417542 0.0908082 -0.0871087
-2.80747 -2.12439 0.499 0.16884 0.417787 0.514389 -0.729624
