14.2 0.105329 1.79692 1
3.2723 1.38297 0.499 -0.14219 0.589951 0.556392 -0.567598
4.8665 2.28877 0.499 -0.14219 0.589951 0.556392 -0.567598
2.48262 -2.74069 0.499 -0.143886 0.590768 0.550716 -0.571841
0.989688 4.75254 0.499 -0.14219 0.589951 0.556392 -0.567598
4.32302 1.38297 0.499 -0.14219 0.589951 0.556392 -0.567598
1.61616 -3.24765 0.499 0.401119 -0.213254 0.722872 -0.520657
3.71839 -2.12677 0.499 0.164952 0.834594 0.525335 -0.0163164
4.32578 -1.32222 0.499 0.915814 0.391176 0.0885434 -0.0206313
3.35556 -0.425301 0.499 -0.11885 0.596089 0.568061 -0.55485
4.35489 -0.317254 0.499 -0.0994252 0.663252 0.443369 -0.594673
