2.2 1.79881 0.0653109 1
3.75618 0.888222 0.499 0.998913 0.0466145 0.00084459 -1.31498e-05
5.35039 1.79402 0.499 0.998913 0.0466145 0.00084459 -1.31498e-05
2.95908 -3.24221 0.499 0.998913 0.0466145 0.00084459 -1.31498e-05
1.47357 4.25779 0.499 0.998913 0.0466145 0.00084459 -1.31498e-05
4.80691 0.888222 0.499 0.998913 0.0466145 0.00084459 -1.31498e-05
2.27068 -5.12627 0.499 0.998913 0.0466145 0.00084459 -1.31498e-05
4.87937 -2.69873 0.499 0.998913 0.0466145 0.00084459 -1.31498e-05
5.9301 -2.69873 0.499 0.998913 0.0466145 0.00084459 -1.31498e-05
3.86488 -0.923372 0.499 0.998913 0.0466145 0.00084459 -1.31498e-05
4.87937 -0.923372 0.499 0.998913 0.0466145 0.00084459 -1.31498e-05
