29.3 1.77831 0.278561 1
1.51252 0.504422 0.499 -0.0182735 0.65867 -0.0368922 -0.751305
2.73835 -0.130583 0.499 0.479788 0.189162 0.135194 -0.846016
1.90526 -3.8225 0.499 0.857098 -0.492318 -0.113334 0.100802
1.90475 2.49932 0.499 0.57585 0.575264 0.532146 -0.233001
3.47765 -0.921754 0.499 0.155595 -0.963195 -0.199703 0.0903568
0.619108 -2.13475 0.499 0.608417 -0.0543236 -0.165098 -0.774352
1.54791 -1.66657 0.499 0.48789 -0.180654 0.726305 0.449231
2.50175 -1.26216 0.499 0.529999 -0.0684869 -0.446081 0.717929
1.76491 -0.469253 0.499 0.663109 0.710192 0.230513 -0.0526942
4.18808 -2.68519 0.499 0.805811 0.0957298 0.0531988 0.581957
