98.8 1.72356 -0.51898 1
2.79536 -2.84205 0.499 -0.524264 -0.25542 -0.550157 0.597692
0.603727 -2.91137 0.499 0.195689 0.382023 -0.845432 0.31782
-1.36255 -2.55516 0.499 0.281661 0.780916 0.548778 -0.098383
0.163293 -2.0094 0.499 0.361138 -0.454793 -0.13693 -0.802492
2.77453 3.11443 0.499 0.13011 -0.853304 -0.493783 -0.10546
-0.607611 -3.22452 0.499 0.658937 -0.151354 -0.624285 -0.39136
-0.253555 2.34019 0.499 -0.473749 -0.867845 0.140063 0.0528238
-2.57994 -3.49478 0.527979 0.885098 0.365776 0.246965 0.147706
3.87839 -3.0924 0.499 0.572364 0.693781 0.395181 0.18681
-3.21729 -2.38158 0.521922 0.237696 0.652175 -0.619986 -0.365767
