83.7 0.0182788 -1.79991 1
0.0741611 2.99511 0.498875 0.61293 -0.677872 0.341139 -0.22007
1.81518 -0.849611 0.499 0.16967 0.955973 0.186098 -0.150647
-2.5756 1.85857 0.499 0.201125 -0.541038 0.159944 0.800778
-3.39461 2.5522 0.497808 0.699064 -0.118044 0.529245 -0.466127
-0.428146 0.831182 0.499 -0.376313 -0.0914652 0.705699 -0.593306
0.702831 -0.569967 0.499 -0.207275 0.137208 -0.783474 -0.569543
0.865691 0.476835 0.499 -0.195885 0.219191 -0.513298 -0.806293
1.5802 -2.36929 0.499 -0.155115 0.682677 0.581122 -0.414955
0.217545 1.98963 0.504359 0.851022 0.306431 -0.000433463 0.426452
-0.70816 -0.862924 0.499 -0.080398 0.130987 -0.620008 -0.769395
