3.2 1.7947 0.138083 1
3.75501 0.909016 0.499 0.995135 0.0984514 0.00377908 -0.000124522
5.34921 1.81481 0.499 0.995135 0.0984514 0.00377908 -0.000124522
2.95791 -3.22142 0.499 0.995135 0.0984514 0.00377908 -0.000124522
1.4724 4.27858 0.499 0.995135 0.0984514 0.00377908 -0.000124522
4.80573 0.909016 0.499 0.995135 0.0984514 0.00377908 -0.000124522
2.26917 -5.08154 0.499 0.997206 0.0746184 0.0033641 -0.00129846
4.8782 -2.67794 0.499 0.995135 0.0984514 0.00377908 -0.000124522
5.92892 -2.67794 0.499 0.995135 0.0984514 0.00377908 -0.000124522
3.8637 -0.902578 0.499 0.995135 0.0984514 0.00377908 -0.000124522
4.8782 -0.902578 0.499 0.995135 0.0984514 0.00377908 -0.000124522
