40.2 1.62375 -0.776807 1
-0.884306 0.669852 0.499 0.162996 0.473891 -0.148593 -0.852514
1.6516 -1.29786 0.499 0.535192 -0.785031 -0.306046 0.060271
-0.77911 -2.53851 0.499 0.909013 0.126529 -0.314667 -0.242221
2.71688 -0.532929 0.499 0.464459 0.603997 0.503072 -0.407902
3.43035 -1.90041 0.499 -0.924785 0.0581801 -0.152833 0.343554
-0.880075 -1.45663 0.499 0.659387 -0.583461 -0.456931 -0.126474
0.140312 -1.26427 0.499 -0.586207 -0.575404 0.474841 -0.315906
1.37507 -2.26538 0.499 -0.173291 -0.0877614 0.451899 0.870664
-0.15229 -0.160424 0.499 0.759151 0.0129708 0.612661 -0.219472
0.426663 -2.77975 0.499 0.532785 0.731033 0.423502 0.0487487
