11.6 0.958634 1.52349 1
3.51612 1.30486 0.499 0.32799 0.802873 0.443391 -0.226324
5.11032 2.21066 0.499 0.32799 0.802873 0.443391 -0.226324
2.71901 -2.82557 0.499 0.32799 0.802873 0.443391 -0.226324
1.23351 4.67443 0.499 0.32799 0.802873 0.443391 -0.226324
4.56684 1.30486 0.499 0.32799 0.802873 0.443391 -0.226324
1.93289 -3.67917 0.499 0.821549 0.01554 0.441366 -0.360573
4.23735 -2.23788 0.499 0.459833 0.828402 0.283129 0.148801
5.1033 -1.73747 0.499004 0.849412 0.506109 0.0701873 0.132007
3.62481 -0.506734 0.499 0.32799 0.802873 0.443391 -0.226324
4.6393 -0.506734 0.499 0.32799 0.802873 0.443391 -0.226324
