8.9 1.49163 1.00749 1
3.66841 1.15743 0.499 0.730236 0.651276 0.19933 -0.053499
5.26262 2.06323 0.499 0.730236 0.651276 0.19933 -0.053499
2.87131 -2.97301 0.499 0.730236 0.651276 0.19933 -0.053499
1.3858 4.52699 0.499 0.730236 0.651276 0.19933 -0.053499
4.71914 1.15743 0.499 0.730236 0.651276 0.19933 -0.053499
2.13569 -4.21242 0.499 0.968817 0.0725651 0.158592 -0.175999
4.66279 -2.41725 0.499 0.755168 0.640612 0.12532 0.0602765
5.64766 -2.23392 0.499003 0.861067 0.492319 0.0709153 0.105629
3.77711 -0.654165 0.499 0.730236 0.651276 0.19933 -0.053499
4.7916 -0.654165 0.499 0.730236 0.651276 0.19933 -0.053499
