58.1 1.76958 0.329541 1
-0.040009 2.78358 0.499 -0.549357 0.204708 -0.783856 0.204625
-0.350197 -3.33621 0.499 -0.582427 0.757596 0.256796 0.144508
-1.56787 1.9044 0.499 -0.30972 -0.853601 -0.418325 0.0210463
3.31218 -2.1421 0.499 0.496615 0.486549 0.429449 -0.576383
0.721269 -3.29466 0.499 -0.504956 0.594774 -0.374388 0.501096
-3.47175 -0.02978 0.499 -0.00247181 -0.642835 -0.0286125 0.765466
-2.3723 -0.195426 0.498996 0.0274137 0.411547 -0.896068 0.164137
-0.808914 -4.24406 0.499 -0.643944 0.279972 0.670115 0.240617
-2.75199 0.742259 0.499014 -0.447274 -0.612288 0.155086 -0.633244
-3.05007 -1.08303 0.499 -0.462433 -0.534928 0.266461 -0.654986
