67.3 -1.14927 1.38534 1
1.70536 -2.26872 0.498963 0.611372 0.141961 -0.749003 0.212287
0.412205 3.48465 0.499 0.00277065 -0.992868 -0.101353 0.0627206
4.13204 1.32462 0.499 -0.301661 -0.0768623 -0.899147 -0.307615
-1.06519 -1.34163 0.499 0.24078 -0.170722 -0.479177 0.8266
-1.59195 -3.08132 0.499 -0.300473 0.585824 -0.693355 0.29289
-1.16663 1.94531 0.499 -0.183681 0.553983 -0.678488 -0.446115
-0.569124 3.29121 0.499 -0.15458 -0.119528 0.0464476 0.979623
-1.66248 -0.165145 0.499 0.0397179 0.590383 -0.752231 -0.289861
-1.56155 3.75235 0.499 -0.401045 0.70334 -3.32861e-05 -0.586921
2.12018 0.412475 0.499 -0.244445 -0.0484355 0.963961 0.0931659
