50.5 1.73132 0.492474 1
-3.02127 1.56008 0.499 -0.458184 0.644632 0.391865 -0.470063
1.00405 -2.22651 0.499 0.545679 -0.665686 -0.49524 0.117615
-3.71175 0.0278862 0.499015 0.303606 0.554538 -0.645124 -0.429099
3.37887 -1.50524 0.499 -0.635288 0.740309 0.127102 0.179435
3.60874 -2.49431 0.499 -0.98488 0.101681 -0.122729 0.0678979
-2.25926 0.0661115 0.499 0.683815 -0.0492923 -0.503949 -0.52536
-1.06339 -0.355091 0.499 -0.429453 -0.735043 0.312352 -0.421566
0.374759 -3.13822 0.499 0.217061 -0.299452 -0.279526 0.886047
-1.72657 0.950236 0.499 0.794395 0.244644 0.539007 0.136227
-2.25765 -1.96045 0.499 -0.0271283 0.849096 0.121726 0.513306
