76.4 -0.692455 -1.66148 1
-0.162834 1.69986 0.499 -0.389962 -0.566461 0.702326 -0.18382
3.46343 0.0303908 0.499054 0.899688 0.241821 0.158395 0.327102
-1.02833 -2.70761 0.499 0.609078 0.283197 -0.355718 0.649837
-2.76309 1.24089 0.499 -0.495533 0.603567 -0.464926 0.41713
-1.50154 0.184815 0.498989 -0.103293 0.329573 0.890329 -0.296692
2.21406 0.492646 0.499 0.79199 -0.138854 0.332893 -0.492599
3.20995 0.995425 0.498946 0.958974 0.089799 -0.0140526 0.268528
1.51957 -1.34171 0.499 0.455414 -0.401794 -0.711163 -0.354129
-1.03142 1.07257 0.499011 -0.688641 -0.26321 -0.203194 -0.644365
0.186568 -0.0307021 0.499 0.331153 -0.212487 0.250863 0.884452
