68 -1.74971 0.4225 1
1.31572 -1.72841 0.499 0.705461 -0.495311 -0.503778 -0.0565639
0.412445 3.79281 0.498997 -0.265347 -0.712901 -0.028042 0.648519
3.89269 0.975797 0.541871 0.232452 -0.680322 -0.634676 -0.283398
-1.66353 -1.32297 0.499 0.683556 -0.422513 -0.190724 0.563789
-2.0128 -2.95084 0.499 0.21185 0.226892 -0.853006 0.419548
-0.885202 1.9528 0.499 0.403385 -0.136751 -0.580159 -0.694259
-0.551175 3.52556 0.499003 -0.12724 0.628475 0.194406 0.742318
-1.57834 -0.278282 0.499 0.470611 -0.0105767 -0.721364 -0.507984
-1.56212 4.02255 0.499 -0.114236 0.252315 -0.442448 -0.852952
2.34169 0.506915 0.499 -0.904453 -0.128246 0.386129 -0.128145
