22.3 -1.49769 -0.998455 1
2.00892 0.386889 0.499 -0.660351 0.444676 -0.173324 0.579792
3.01925 0.570072 0.499 -0.461976 0.87257 -0.059837 0.147037
1.55951 -3.81885 0.499 -0.33029 0.457878 -0.824186 -0.0444202
0.531729 3.95375 0.499 -0.436457 0.245191 -0.809735 0.30613
2.98347 -0.509624 0.499 0.213708 0.554188 -0.464338 -0.656959
0.500348 -3.17615 0.499 -0.324286 0.801998 -0.263489 0.426862
1.66767 -2.55542 0.499 0.292811 -0.231215 -0.927753 0.00868636
2.4824 -1.73269 0.499 -0.5543 -0.357525 -0.414767 -0.626813
2.026 -0.816915 0.499 -0.255012 0.0915652 -0.842753 0.465137
3.51568 -1.54383 0.499 -0.39643 -0.0386816 -0.896701 -0.193066
