58.5 1.54948 0.916034 1
0.470798 2.79477 0.499 -0.334914 0.0978903 -0.882077 -0.316528
-0.390741 -3.26727 0.499 -0.746223 0.500107 0.340192 0.278052
-1.29152 1.95065 0.499 0.147532 -0.980795 -0.122415 0.0359139
3.38333 -2.05739 0.499 0.345755 0.693016 0.482186 -0.409485
0.686279 -3.22648 0.499 -0.608707 0.274479 -0.469656 0.577546
-3.44182 0.175099 0.499056 0.0296553 -0.718711 -0.258602 0.644748
-2.2761 -0.041155 0.498372 -0.187357 0.391214 -0.889314 0.144811
-0.798539 -4.18563 0.499 -0.557037 0.067596 0.650861 0.511391
-2.70013 0.864654 0.498606 -0.252696 -0.608754 0.398545 -0.63775
-2.73208 -0.960804 0.499045 -0.39554 -0.611458 0.0977569 -0.678315
