10 1.31709 1.2269 1
3.61854 1.22012 0.499 0.589508 0.745524 0.293433 -0.102813
5.21274 2.12592 0.499 0.589508 0.745524 0.293433 -0.102813
2.82144 -2.91031 0.499 0.589508 0.745524 0.293433 -0.102813
1.33593 4.58969 0.499 0.589508 0.745524 0.293433 -0.102813
4.66926 1.22012 0.499 0.589508 0.745524 0.293433 -0.102813
2.06527 -3.9926 0.499 0.932041 0.0642621 0.252569 -0.251751
4.50731 -2.34274 0.499 0.646812 0.734937 0.169944 0.112339
5.45969 -2.0377 0.499006 0.847152 0.508617 0.0700545 0.136873
3.72723 -0.591474 0.499 0.589508 0.745524 0.293433 -0.102813
4.74173 -0.591474 0.499 0.589508 0.745524 0.293433 -0.102813
