53.1 -1.1957 1.34548 1
-3.94417 3.05468 0.499 -0.75927 0.0448821 -0.584328 -0.282941
0.134914 -2.0263 0.499 0.294751 0.228469 0.833239 -0.408212
-3.78801 1.95902 0.499 0.285011 -0.942378 -0.0020668 0.175179
2.8013 -1.20246 0.499024 0.401674 -0.418809 -0.761302 0.289268
2.7145 -2.205 0.503392 0.547977 -0.659164 -0.295814 0.421567
-3.16947 0.764247 0.499 -0.172605 -0.291315 0.489187 -0.803765
-2.07292 0.309041 0.499 -0.0898963 -0.118179 0.460707 0.875044
-0.583427 -2.92392 0.499 0.776134 0.166092 0.101265 -0.599813
-2.80216 1.70129 0.499 -0.268503 0.802865 0.130422 -0.516047
-3.64092 -1.31901 0.499 -0.0756843 0.338586 -0.925634 -0.151108
