39.1 0.815765 -1.60453 1
-0.875229 0.370477 0.499 0.580702 -0.355271 -0.240179 -0.692013
1.50161 -1.40298 0.499 -0.0134832 -0.732464 0.170335 0.659015
-0.606006 -2.98682 0.499 0.779846 -0.340429 0.52164 0.061964
2.38812 -0.540075 0.499 0.586831 -0.278685 0.352991 -0.673322
3.19981 -2.06871 0.499 -0.489048 0.750153 -0.365927 0.253378
-0.964103 -1.79214 0.499 0.477848 -0.663636 -0.0179559 0.575262
0.0497198 -1.56567 0.499 -0.920991 -0.304547 -0.23128 -0.0744042
1.26275 -2.37646 0.499 -0.580751 0.460472 0.637042 0.211829
-0.197519 -0.475315 0.499 0.0919586 -0.54255 0.77239 -0.31717
0.494191 -3.07153 0.499 0.282863 0.114179 0.733833 -0.606993
