77.1 0.439144 -1.74561 1
0.00875022 1.78302 0.499 -0.2605 0.106404 0.721579 -0.632568
3.48772 -0.42816 0.499 0.873292 -0.102983 -0.456208 0.136488
-1.81532 -2.80361 0.499 0.239609 -0.590495 -0.642146 0.426089
-2.76169 1.36741 0.499 0.150642 0.0276187 -0.226731 0.96184
-1.32865 0.11391 0.498999 0.00434273 0.788575 0.443098 -0.426373
2.13791 0.264047 0.499 0.8878 -0.265502 -0.044639 -0.373266
3.52428 0.619959 0.499 0.913909 0.153665 -0.339946 -0.159984
1.89342 -1.5442 0.499 0.167831 -0.730494 -0.618965 -0.234719
-0.810711 0.970865 0.499001 -0.366175 0.21535 0.0809487 -0.901658
0.182125 -0.223942 0.499 0.304577 -0.640949 0.391851 0.585551
