30.8 1.21278 1.3301 1
1.04098 0.782321 0.499 -0.680956 0.368118 0.264916 -0.574985
2.40991 0.0635612 0.499 -0.0252402 0.32586 0.760522 -0.561057
1.6171 -3.60104 0.499 0.936908 0.331604 0.0742845 0.0819969
1.84881 2.35792 0.499 -0.624657 0.719594 0.302185 -0.0259277
3.31553 -0.714453 0.499 0.863839 -0.429534 -0.109426 0.239392
0.257189 -1.69945 0.499 0.411976 0.127796 0.423581 -0.796569
1.21552 -1.22837 0.499 0.35569 0.268308 0.435061 0.782444
2.22667 -0.920394 0.499 0.680732 0.379522 -0.604838 0.163519
1.32349 -0.19046 0.499 -0.0541088 0.987696 0.0963221 -0.110686
3.96991 -2.70753 0.499 0.351944 0.888965 -0.26755 0.119556
