39 0.720434 -1.64954 1
-0.880658 0.351904 0.499 0.60054 -0.427577 -0.210514 -0.642039
1.48172 -1.4039 0.499 -0.0525384 -0.677815 0.204376 0.704299
-0.596524 -3.01893 0.499 0.71559 -0.349354 0.596322 0.101399
2.35198 -0.532081 0.499 0.564117 -0.356449 0.34466 -0.660246
3.17259 -2.07537 0.499 -0.43266 0.782089 -0.39199 0.217911
-0.977996 -1.81399 0.499 0.45774 -0.625353 0.0291302 0.631315
0.0352296 -1.58443 0.499 -0.907304 -0.286335 -0.3054 -0.0392754
1.24629 -2.37792 0.499 -0.611342 0.491934 0.604073 0.139132
-0.207885 -0.495298 0.499 0.0140282 -0.573434 0.766554 -0.288741
0.494056 -3.08931 0.499 0.219351 0.0426891 0.741707 -0.632403
