112.4 1.65889 -0.698629 1
1.58011 -1.21193 0.499 -0.299514 0.831807 -0.449289 0.128561
5.8678 -1.42599 0.499 0.0709214 -0.56721 -0.699638 -0.428661
-0.136786 -0.225802 0.499 -0.0946628 -0.053469 0.104417 -0.988573
2.36706 2.1911 0.499 0.404034 -0.344557 -0.398897 0.747608
-2.17345 0.420448 0.495406 0.32853 0.0450736 0.943414 -0.00262455
0.785533 -1.89463 0.499 0.353875 0.697037 -0.241137 -0.575122
-1.94641 1.40995 0.499652 0.567799 0.15835 -0.573626 -0.568756
-3.05171 1.46071 0.498997 0.606391 0.603963 -0.00205617 -0.517218
2.46267 -0.737279 0.499 -0.565796 -0.506898 0.475816 -0.443315
-1.21988 0.712487 0.508215 0.131634 -0.0599673 0.33314 -0.931716
