93.3 1.04463 1.46586 1
2.15638 -0.29757 0.499 -0.135353 -0.742859 -0.588534 0.288906
0.752495 -1.55553 0.499 0.379147 0.332835 0.825023 0.254568
-0.878999 -1.42004 0.499 0.692344 0.599128 0.344747 -0.207017
-0.00266921 -0.656486 0.499 -0.44497 -0.105316 -0.408824 0.789793
1.60474 2.83589 0.499 -0.376408 -0.222581 -0.485679 0.756895
-0.0550434 -2.21836 0.499 0.208925 -0.852896 -0.187145 0.440335
0.326803 1.60901 0.499 -0.0468144 0.840235 -0.538667 0.0406334
-0.123845 -3.63509 0.499 -0.355202 -0.474797 -0.776064 -0.214765
2.82083 -1.20638 0.499 0.830798 -0.133212 0.493899 -0.219302
-1.86632 -1.95269 0.499 0.967994 0.000227475 0.0451774 -0.246874
