38.9 0.622886 -1.68879 1
-0.886722 0.334975 0.499 0.617034 -0.494568 -0.175361 -0.586447
1.4612 -1.40317 0.499 -0.0887322 -0.617068 0.233876 0.746093
-0.587676 -3.0494 0.499 0.643623 -0.351179 0.664882 0.142669
2.31521 -0.522444 0.499 0.538546 -0.430562 0.337626 -0.640776
3.14475 -2.08039 0.499 -0.376224 0.807827 -0.417244 0.178268
-0.992524 -1.83421 0.499 0.436825 -0.579646 0.0741372 0.683885
0.0201052 -1.60154 0.499 -0.885356 -0.269826 -0.378571 -0.00466148
1.22919 -2.37773 0.499 -0.639863 0.517048 0.564579 0.0669874
-0.218886 -0.513638 0.499 -0.0628721 -0.600181 0.755862 -0.253975
0.49321 -3.105 0.499 0.152146 -0.0292101 0.745937 -0.647747
