83.8 0.182878 -1.79069 1
0.11113 2.94993 0.499054 0.628151 -0.618063 0.380388 -0.280589
1.77886 -0.852676 0.499 0.244487 0.959274 0.128047 -0.0601866
-2.54088 1.84455 0.507408 0.150094 -0.609512 0.194432 0.753766
-3.33644 2.43909 0.495728 0.66677 -0.0573986 0.556486 -0.492387
-0.390763 0.8238 0.499 -0.366594 0.000384558 0.697496 -0.615717
0.698407 -0.606043 0.499 -0.225951 0.212864 -0.782309 -0.540026
0.784325 0.481104 0.499 -0.31235 0.286443 -0.539408 -0.727618
1.5688 -2.40451 0.499 -0.0858342 0.679858 0.600978 -0.411402
0.255793 1.91935 0.49855 0.816287 0.277609 0.0256982 0.505913
-0.697932 -0.895431 0.499 -0.11709 0.186399 -0.651693 -0.725838
