92.4 1.78549 0.228104 1
1.93185 -0.150439 0.499 -0.732558 0.204462 -0.476099 0.441456
0.728596 -1.65464 0.499 0.196044 -0.0139774 0.944244 -0.26415
-0.904189 -1.441 0.499 0.688129 -0.0358806 0.0195632 -0.724437
-0.23599 -0.555039 0.499 -0.527309 0.367593 0.366577 0.672638
1.29995 2.51276 0.499 -0.0959439 -0.182391 0.0817905 0.975109
-0.114791 -2.24663 0.499 -0.297796 -0.689883 0.251011 0.610223
0.294572 1.21461 0.499 0.459081 0.825619 -0.325274 -0.0423687
-0.0157006 -3.72468 0.499 -0.313498 -0.371979 -0.620022 0.615567
2.54314 -1.17398 0.499 0.191402 -0.410613 0.178586 -0.873424
-1.79123 -2.04233 0.499 0.722262 -0.662077 0.187259 -0.0701821
