15.9 -0.57513 1.70565 1
3.07787 1.35688 0.499 -0.356652 0.27292 0.380069 -0.808617
4.67207 2.26268 0.499 -0.356652 0.27292 0.380069 -0.808617
2.30654 -2.74939 0.499 -0.360652 0.266792 0.34876 -0.822872
0.79526 4.72645 0.499 -0.356652 0.27292 0.380069 -0.808617
4.12859 1.35688 0.499 -0.356652 0.27292 0.380069 -0.808617
1.31828 -3.08458 0.499 -0.0274881 -0.382663 0.688775 -0.615144
3.23772 -2.10942 0.499 0.127124 0.794868 0.541241 -0.24307
3.75104 -1.17227 0.499005 0.96578 0.157498 0.135963 -0.154847
3.07796 -0.43119 0.498995 -0.277051 0.31761 0.444776 -0.790279
4.08937 -0.137137 0.499 -0.200706 0.451413 0.0615389 -0.86727
