112.6 1.75842 -0.384658 1
1.68062 -1.13992 0.499 -0.352696 0.850362 -0.343142 0.186396
6.09097 -1.32593 0.499 -0.00437859 -0.704541 -0.593743 -0.388681
-0.0331274 -0.342735 0.499 0.152299 0.0147096 0.118593 -0.981083
2.48484 2.33097 0.499 0.444859 -0.457081 -0.330577 0.695626
-2.15616 0.306016 0.499035 0.299491 0.00474757 0.954086 -0.00134015
0.904289 -1.84849 0.499 0.311914 0.71276 -0.29069 -0.556939
-1.85009 1.33214 0.498984 0.50905 0.208078 -0.576746 -0.604099
-2.99048 1.48148 0.499 0.443293 0.611562 -0.0935638 -0.648636
2.55877 -0.659647 0.499 -0.5191 -0.443272 0.569575 -0.457853
-1.16053 0.599137 0.515034 0.151391 0.0583842 0.510603 -0.844367
