21.4 -1.72327 -0.519934 1
2.10718 0.563214 0.499 -0.773349 0.41809 -0.435665 0.193205
3.19525 0.869342 0.499 -0.559326 0.768228 -0.143293 -0.276492
1.57093 -3.63472 0.499 -0.249126 0.294391 -0.843234 -0.374468
0.467254 4.09048 0.499 -0.362218 0.136031 -0.92171 -0.0272662
3.01511 -0.239958 0.498966 0.190641 0.39099 -0.262833 -0.861221
0.52417 -3.13326 0.499 -0.591143 0.690502 -0.414539 0.0437454
1.78341 -2.46511 0.499 0.642802 -0.0719151 -0.718549 -0.255581
2.56556 -1.61357 0.499001 -0.184364 -0.652937 -0.350666 -0.645536
2.11164 -0.676111 0.499034 -0.074111 0.253612 -0.961476 0.0758417
3.48511 -1.21342 0.498999 -0.19235 -0.0714518 -0.918982 -0.336703
