45.3 -1.71006 0.561873 1
-2.94984 1.34311 0.499 -0.274727 0.504498 -0.509541 0.640605
0.323541 -1.52521 0.499 -0.596534 -0.109807 -0.0727413 -0.791706
-3.61008 -1.24822 0.499 -0.212581 -0.284092 -0.932132 0.0723317
2.12013 -0.979672 0.499 0.553781 -0.413416 -0.0870735 0.717518
2.49667 -1.90687 0.499 0.249756 0.00354394 0.937606 0.241878
-2.48837 -0.351866 0.499 -0.833387 -0.233721 -0.241898 -0.438551
-1.46312 -0.581631 0.499 0.0135847 0.731652 0.642899 -0.226234
-0.127661 -2.46509 0.499 0.448277 -0.594553 0.16138 -0.647697
-1.96604 0.584772 0.499 0.28823 0.201381 -0.767711 -0.535714
-1.90989 -2.14161 0.499 0.55173 0.000438808 -0.77897 0.297993
