12 0.848462 1.58749 1
3.48464 1.32314 0.499 0.255114 0.79678 0.477586 -0.268275
5.07884 2.22894 0.499 0.255114 0.79678 0.477586 -0.268275
2.68753 -2.80729 0.499 0.255114 0.79678 0.477586 -0.268275
1.20203 4.69271 0.499 0.255114 0.79678 0.477586 -0.268275
4.53536 1.32314 0.499 0.255114 0.79678 0.477586 -0.268275
1.89392 -3.60372 0.499 0.778464 -0.00800181 0.493951 -0.387224
4.16354 -2.21452 0.499 0.410562 0.842489 0.31787 0.143559
4.99896 -1.66337 0.499001 0.85553 0.499041 0.070614 0.118492
3.59333 -0.48845 0.499 0.255114 0.79678 0.477586 -0.268275
4.60782 -0.48845 0.499 0.255114 0.79678 0.477586 -0.268275
