3.8 1.78946 0.194534 1
3.75351 0.925146 0.499 0.990336 0.138485 0.00750168 -0.000348827
5.34771 1.83094 0.499 0.990336 0.138485 0.00750168 -0.000348827
2.95641 -3.20529 0.499 0.990336 0.138485 0.00750168 -0.000348827
1.4709 4.29471 0.499 0.990336 0.138485 0.00750168 -0.000348827
4.80424 0.925146 0.499 0.990336 0.138485 0.00750168 -0.000348827
2.26688 -5.02544 0.499003 0.997156 0.0749959 0.00610121 -0.00427524
4.8767 -2.66181 0.499 0.990336 0.138485 0.00750168 -0.000348827
5.92742 -2.66181 0.499 0.990336 0.138485 0.00750168 -0.000348827
3.86221 -0.886448 0.499 0.990336 0.138485 0.00750168 -0.000348827
4.8767 -0.886448 0.499 0.990336 0.138485 0.00750168 -0.000348827
