43.5 -0.0981337 1.79732 1
-2.09653 1.59371 0.499 -0.97378 -0.0886619 -0.20591 -0.0386474
0.916569 -0.956752 0.499 -0.0551252 0.284821 0.80898 -0.511263
-2.48612 -1.21096 0.499 -0.114335 0.150213 -0.365326 -0.911537
2.51295 -0.472255 0.499231 -0.226914 -0.282729 -0.929732 0.0645981
2.94 -1.3773 0.498769 0.751082 -0.304856 -0.120106 0.57316
-1.79805 -0.272641 0.499 0.138744 -0.278051 0.647135 -0.696171
-0.772904 -0.334347 0.499 -0.0293571 0.146196 0.491403 0.858073
0.527015 -1.90639 0.499 0.853183 0.328843 -0.217376 -0.341597
-1.20159 0.809978 0.499 -0.293781 0.840384 0.0869035 -0.447097
-0.960922 -1.87862 0.499 -0.255713 0.554953 -0.759294 -0.223855
