28.3 1.73157 -0.491583 1
1.70578 0.299385 0.499 0.482595 0.377162 -0.295541 -0.733148
2.84703 -0.240285 0.499 0.55385 -0.279183 -0.32041 -0.715992
1.97627 -3.98992 0.499 0.434987 -0.878219 0.0673354 0.18704
1.82094 2.57381 0.499 0.861893 -0.177425 0.290993 -0.375479
3.46463 -1.07973 0.499 -0.419097 -0.877786 -0.0848739 0.215978
0.739289 -2.44471 0.499 0.609677 -0.422708 -0.39254 -0.543621
1.6484 -1.97848 0.499 0.244762 -0.320075 0.908671 0.109368
2.5585 -1.52404 0.499 0.383044 -0.190398 0.00373846 0.903887
1.93809 -0.674886 0.499 0.872428 0.188105 0.395451 -0.217033
4.21243 -2.69008 0.499 0.585269 -0.45387 0.499017 0.449939
