24.5 -0.376294 -1.76023 1
1.88184 0.0786879 0.499 0.112576 -0.296333 0.486995 0.813848
2.90925 -0.0353919 0.499 -0.0600595 0.155183 0.142636 0.975687
1.69445 -4.15237 0.499 -0.661253 0.335488 -0.158032 0.652087
0.950819 3.3306 0.499 -0.530873 -0.273365 -0.406011 0.69181
3.06893 -1.0525 0.499 -0.221926 0.768985 -0.555758 0.224819
0.604984 -3.1644 0.499 0.284287 0.0145845 0.174247 0.942659
1.54763 -2.65956 0.499 -0.852607 -0.32783 -0.366078 0.177696
2.44918 -1.92517 0.499 -0.819238 0.519431 0.205831 -0.129128
1.98197 -1.036 0.499 -0.550951 -0.573041 0.141345 0.589999
3.75328 -2.23492 0.499 -0.963543 -0.0578901 -0.260487 -0.0194978
