78.4 1.78403 -0.239207 1
0.390253 2.23433 0.499 0.189475 0.96186 0.160159 -0.115213
3.59146 -0.979934 0.499 -0.280082 -0.0814777 -0.717911 -0.632075
-2.86632 -2.6143 0.55867 -0.463706 -0.137861 0.373944 -0.791288
-2.64539 1.87912 0.499 0.633163 -0.62897 0.196173 -0.406223
-0.873718 0.222992 0.498975 -0.143972 0.830155 -0.527058 0.111015
2.17031 0.0838673 0.499 0.547124 0.305022 -0.758079 -0.181477
4.21684 0.183512 0.499 -0.24955 0.400441 -0.427362 -0.77119
2.72131 -1.64889 0.499 -0.115531 -0.871467 -0.0760099 -0.470554
-0.320239 1.05579 0.499025 0.288977 0.560412 0.773631 0.0626494
0.302357 -0.308368 0.499 0.561069 -0.764736 -0.00789237 -0.31673
