2.3 1.79858 0.0713808 1
3.75612 0.889956 0.499 0.998701 0.050945 0.00100905 -1.71707e-05
5.35032 1.79575 0.499 0.998701 0.050945 0.00100905 -1.71707e-05
2.95902 -3.24048 0.499 0.998701 0.050945 0.00100905 -1.71707e-05
1.47351 4.25952 0.499 0.998701 0.050945 0.00100905 -1.71707e-05
4.80684 0.889956 0.499 0.998701 0.050945 0.00100905 -1.71707e-05
2.27061 -5.12454 0.499 0.998701 0.050945 0.00100905 -1.71707e-05
4.87931 -2.697 0.499 0.998701 0.050945 0.00100905 -1.71707e-05
5.93003 -2.697 0.499 0.998701 0.050945 0.00100905 -1.71707e-05
3.86481 -0.921638 0.499 0.998701 0.050945 0.00100905 -1.71707e-05
4.87931 -0.921638 0.499 0.998701 0.050945 0.00100905 -1.71707e-05
