93.6 0.607562 1.69436 1
2.18767 -0.342211 0.499 0.236018 -0.835736 -0.464285 0.174012
0.717399 -1.51442 0.499 0.307186 0.444805 0.737426 0.404953
-0.913954 -1.40735 0.499 0.523256 0.695665 0.491724 -0.0214918
0.0316032 -0.686368 0.499 -0.288054 -0.178143 -0.675786 0.654678
1.66273 2.94801 0.499 -0.388136 -0.120567 -0.677664 0.612851
-0.0781621 -2.20116 0.499 0.392554 -0.753052 -0.322674 0.417966
0.293755 1.74464 0.499 -0.175078 0.800384 -0.572484 -0.0315406
-0.240213 -3.52165 0.507157 -0.278864 -0.498995 -0.724164 -0.385779
2.86999 -1.21148 0.499 0.8069 -0.0245068 0.575727 0.129806
-1.93465 -1.91672 0.499 0.932534 0.232057 0.0945067 -0.259996
