99.4 1.74077 0.457947 1
3.00902 -2.98542 0.499 -0.114336 -0.79211 -0.453183 0.392573
0.727571 -2.92308 0.499 -0.212843 0.230819 -0.940265 0.131614
-1.17614 -2.45908 0.515436 0.146305 0.679264 0.602058 0.393347
0.316523 -1.99981 0.499 0.367146 -0.0673957 0.113373 -0.920765
3.04933 3.27497 0.499 0.228098 -0.591652 -0.711487 -0.302828
-0.519028 -3.21323 0.498783 0.391623 0.21547 -0.630367 -0.634697
-0.175989 2.54962 0.499 -0.256179 -0.868421 0.372716 -0.203226
-2.0181 -3.02999 0.499393 0.880108 0.349844 -0.0228697 -0.320151
4.14112 -3.16637 0.499 0.180809 0.580127 0.416582 0.676181
-2.64197 -1.73108 0.498985 0.0866851 0.33924 -0.861236 -0.368339
