39.4 1.085 -1.43624 1
-0.863731 0.435709 0.499 0.501387 -0.11736 -0.29178 -0.806041
1.55649 -1.39073 0.499 0.119389 -0.85274 0.046762 0.506354
-0.639243 -2.88097 0.499 0.920969 -0.272127 0.275398 -0.0438026
2.49176 -0.554542 0.499 0.630586 -0.0298228 0.385956 -0.672688
3.27666 -2.03923 0.499 -0.651601 0.618123 -0.287553 0.332646
-0.927213 -1.71705 0.499 0.534068 -0.731332 -0.163943 0.391213
0.0883999 -1.49989 0.499 -0.912683 -0.368636 -0.00981922 -0.176127
1.30736 -2.36258 0.499 -0.479019 0.334105 0.690269 0.427133
-0.171211 -0.405852 0.499 0.322181 -0.426312 0.763554 -0.36255
0.48975 -3.00839 0.499 0.442065 0.320086 0.68614 -0.480973
