11.5 0.984883 1.50665 1
3.52362 1.30005 0.499 0.345876 0.802972 0.434412 -0.216547
5.11782 2.20585 0.499 0.345876 0.802972 0.434412 -0.216547
2.72651 -2.83038 0.499 0.345876 0.802972 0.434412 -0.216547
1.24101 4.66962 0.499 0.345876 0.802972 0.434412 -0.216547
4.57434 1.30005 0.499 0.345876 0.802972 0.434412 -0.216547
1.94227 -3.69828 0.499 0.831188 0.0205929 0.428347 -0.353866
4.25543 -2.24396 0.499 0.47211 0.82425 0.27477 0.149078
5.12848 -1.75617 0.499004 0.848257 0.507397 0.0701167 0.134508
3.63231 -0.511544 0.499 0.345876 0.802972 0.434412 -0.216547
4.6468 -0.511544 0.499 0.345876 0.802972 0.434412 -0.216547
