88.2 -1.50627 0.985477 1
1.02769 2.02739 0.499 0.801384 -0.570935 0.0267744 0.176352
0.841771 -0.386241 0.499 0.306848 -0.736424 -0.595885 -0.0918962
-0.876405 0.142023 0.499 0.897357 0.115659 0.425255 -0.0230659
-1.23157 1.40911 0.499 0.692257 -0.0507228 0.719803 -0.00957687
-0.0253868 2.50304 0.499 -0.807215 -0.222884 -0.515282 0.182241
-0.221719 -0.778735 0.499 -0.655764 -0.564267 -0.472984 0.166921
0.174121 0.87201 0.499 -0.034712 -0.707015 0.382484 0.593827
0.652365 -2.58525 0.499 -0.349335 0.6736 -0.6493 -0.051358
1.39413 0.547389 0.499 0.844651 -0.366906 0.349141 -0.173338
-1.27043 -0.943224 0.499 -0.290209 -0.530993 -0.590215 0.534296
