15.5 -0.412148 1.75218 1
3.12444 1.37018 0.499 -0.318765 0.352918 0.445584 -0.75848
4.71864 2.27598 0.499 -0.318765 0.352918 0.445584 -0.75848
2.34879 -2.74018 0.499 -0.322856 0.349106 0.420968 -0.772447
0.841829 4.73975 0.499 -0.318765 0.352918 0.445584 -0.75848
4.17516 1.37018 0.499 -0.318765 0.352918 0.445584 -0.75848
1.38919 -3.11579 0.499 0.0838033 -0.345754 0.722397 -0.592937
3.38123 -2.11228 0.499001 0.105962 0.786925 0.575296 -0.196354
3.87875 -1.19237 0.499 0.958449 0.228522 0.122012 -0.119445
3.15247 -0.43083 0.499 -0.251045 0.38368 0.497281 -0.736531
4.15266 -0.172357 0.499 -0.190785 0.514228 0.171749 -0.818335
