93.9 0.124889 1.79566 1
2.19799 -0.394626 0.499 0.573828 -0.777874 -0.243594 0.0793383
0.667035 -1.48993 0.49749 0.197881 0.545507 0.643808 0.498775
-0.970006 -1.40206 0.499 0.292846 0.717381 0.620501 0.120768
0.0377298 -0.713263 0.50182 -0.0790287 -0.192624 -0.856678 0.471968
1.69971 3.05248 0.499 -0.33859 0.0292743 -0.829077 0.443993
-0.122678 -2.1904 0.499 0.557012 -0.590664 -0.410777 0.414868
0.239511 1.8731 0.499 -0.25497 0.743745 -0.602992 -0.135035
-0.43483 -3.31674 0.499048 -0.29015 -0.614342 -0.613754 -0.402122
2.89799 -1.22378 0.499 0.637273 0.0801191 0.61965 0.451109
-2.02416 -1.88792 0.499 0.84539 0.421286 0.183014 -0.272654
