6.6 1.70481 0.577613 1
3.72932 1.0346 0.499 0.913859 0.400521 0.066 -0.00938544
5.32353 1.9404 0.499 0.913859 0.400521 0.066 -0.00938544
2.93222 -3.09583 0.499 0.913859 0.400521 0.066 -0.00938544
1.44672 4.40417 0.499 0.913859 0.400521 0.066 -0.00938544
4.78005 1.0346 0.499 0.913859 0.400521 0.066 -0.00938544
2.22926 -4.64232 0.499 0.994465 0.0749037 0.0494209 -0.0546471
4.85251 -2.55235 0.499 0.913859 0.400521 0.066 -0.00938544
5.90324 -2.55235 0.499 0.913859 0.400521 0.066 -0.00938544
3.83802 -0.776991 0.499 0.913859 0.400521 0.066 -0.00938544
4.85251 -0.776991 0.499 0.913859 0.400521 0.066 -0.00938544
