32.6 -0.209399 1.78778 1
0.249468 0.969151 0.499 -0.935074 -0.077637 -0.170956 -0.300636
1.84114 0.212667 0.499 -0.761889 -0.0494832 0.525195 -0.375828
0.958078 -3.30194 0.499 0.540525 0.540571 0.41746 -0.491266
1.56922 1.95839 0.499 -0.663908 -0.164162 -0.727601 -0.053618
2.90854 -0.695539 0.499 0.647753 0.299838 0.607479 0.348543
-0.38957 -1.40694 0.499 -0.202213 -0.284945 0.64747 -0.677273
0.585462 -0.97896 0.499 -0.0741176 0.819505 0.403052 0.400583
1.66674 -0.772765 0.499 0.78537 0.375026 -0.0104646 -0.492382
0.606276 0.031675 0.499 -0.300819 0.667919 -0.180085 -0.656476
3.1547 -2.75058 0.499137 -0.062506 0.774052 -0.202148 -0.596718
