46.2 -1.71952 -0.532219 1
-3.14879 1.0817 0.499 0.214402 0.327278 0.0863283 0.916225
0.254738 -1.94555 0.499 -0.517273 0.333819 -0.522924 -0.589528
-3.94435 -1.40296 0.499 -0.577509 -0.169414 -0.338454 0.723347
2.15141 -1.3696 0.499 0.312813 -0.649052 0.495271 0.485372
2.50256 -2.3075 0.499 0.179371 -0.158755 0.877877 -0.414675
-2.60944 -0.532756 0.499291 -0.76602 0.51906 -0.379056 0.0103408
-1.58052 -0.841385 0.499 0.60559 0.51555 0.240231 -0.55656
-0.227287 -2.88056 0.499 -0.112932 -0.651284 -0.214124 -0.719185
-2.11901 0.338883 0.498709 0.184551 -0.0900576 -0.955262 0.212848
-2.15666 -2.40922 0.499 0.232513 -0.553663 -0.407478 0.688009
