37.8 -0.496429 -1.73019 1
-0.966673 0.260326 0.499 0.591664 -0.684589 0.343216 0.251941
1.22266 -1.28132 0.498997 -0.308074 0.209301 0.194483 0.907447
-0.503513 -3.27288 0.498998 -0.366261 -0.0356483 0.717269 0.591699
1.89742 -0.304864 0.499 0.249815 -0.912764 0.299568 -0.121296
2.82517 -2.02396 0.499 0.106653 0.726109 -0.52948 -0.42549
-1.16558 -1.94498 0.499 0.128437 0.225566 0.267028 0.928073
-0.159515 -1.67822 0.499 -0.207346 -0.178028 -0.945503 0.177027
1.02811 -2.26408 0.499026 -0.758051 0.328311 -0.0498066 -0.561328
-0.353144 -0.603803 0.499 -0.602585 -0.634198 0.302367 0.378495
0.487991 -3.11558 0.498998 -0.435131 -0.681647 0.566821 -0.157267
