83.6 -0.146474 -1.79403 1
0.0393353 3.03888 0.497286 0.595014 -0.729495 0.296434 -0.161002
1.85339 -0.844905 0.499 0.0889404 0.937901 0.24082 -0.233319
-2.56553 1.81527 0.499 0.219327 -0.453956 0.0804368 0.859854
-3.49274 2.72641 0.500169 0.741231 -0.195161 0.512986 -0.386437
-0.463854 0.840418 0.499 -0.379231 -0.181742 0.711779 -0.562604
0.709221 -0.532351 0.499 -0.191569 0.0626159 -0.776103 -0.597532
0.949309 0.473648 0.499 -0.0780899 0.150559 -0.471395 -0.86546
1.59371 -2.33272 0.499 -0.222841 0.683663 0.5605 -0.410836
0.179389 2.06193 0.501074 0.878055 0.332902 -0.0272697 0.342712
-0.716721 -0.828556 0.499 -0.0463105 0.0774487 -0.579895 -0.809679
