76 -1.24183 -1.30302 1
-0.215875 1.68027 0.498998 -0.237142 -0.801281 0.527989 0.151459
3.47051 0.246356 0.499 0.63265 0.478824 0.399472 0.459241
-0.525064 -2.64864 0.499 0.534997 0.659783 -0.0902591 0.519921
-2.71397 1.18735 0.499 -0.727482 0.576437 -0.349279 -0.128433
-1.56468 0.220213 0.499 -0.0471926 0.0100415 0.99741 -0.0533487
2.3102 0.63518 0.499 0.719507 0.0340802 0.43548 -0.539912
3.10413 1.29169 0.498992 0.813419 0.0765518 0.0520428 0.574265
1.35582 -1.20579 0.499 0.506926 -0.100695 -0.715286 -0.470374
-1.09396 1.13395 0.499009 -0.781518 -0.402453 -0.26159 -0.398536
0.238454 0.10121 0.499 0.356452 -0.0188339 0.0505599 0.932755
