9.2 1.44938 1.06738 1
3.65634 1.17454 0.499 0.695371 0.68 0.223362 -0.064563
5.25054 2.08034 0.499 0.695371 0.68 0.223362 -0.064563
2.85924 -2.95589 0.499 0.695371 0.68 0.223362 -0.064563
1.37373 4.54411 0.499 0.695371 0.68 0.223362 -0.064563
4.70706 1.17454 0.499 0.695371 0.68 0.223362 -0.064563
2.11805 -4.15252 0.499 0.96101 0.071275 0.180942 -0.196568
4.62408 -2.39749 0.498934 0.727484 0.668848 0.134399 0.0731119
5.60056 -2.18274 0.499099 0.855979 0.498511 0.0708609 0.117324
3.76504 -0.637052 0.499 0.695371 0.68 0.223362 -0.064563
4.77953 -0.637052 0.499 0.695371 0.68 0.223362 -0.064563
