42.3 1.18371 1.35604 1
-1.46833 1.39922 0.499 -0.859476 0.216478 0.373423 -0.27385
1.37124 -0.93933 0.499 0.66412 0.538944 0.312174 -0.41356
-1.6775 -1.54766 0.499 -0.0429341 0.613186 -0.319267 -0.721269
2.77781 -0.361453 0.499 -0.927364 0.251745 -0.246526 0.125881
3.30379 -1.42126 0.499 0.183148 -0.84282 -0.477377 0.167994
-1.27852 -0.581375 0.499 0.62313 0.140235 0.239776 -0.731129
-0.253438 -0.531042 0.499 0.30755 -0.500411 0.556557 0.587576
1.02278 -1.89547 0.499 0.582157 0.150329 -0.741526 0.297714
-0.632641 0.598565 0.499 0.0754434 0.946094 0.278355 0.147417
-0.268958 -2.06484 0.499 -0.444592 0.74384 -0.430522 0.252371
