3.7 1.79052 0.184466 1
3.75382 0.922269 0.499 0.991312 0.13136 0.00674522 -0.000297314
5.34802 1.82807 0.499 0.991312 0.13136 0.00674522 -0.000297314
2.95671 -3.20817 0.499 0.991312 0.13136 0.00674522 -0.000297314
1.47121 4.29183 0.499 0.991312 0.13136 0.00674522 -0.000297314
4.80454 0.922269 0.499 0.991312 0.13136 0.00674522 -0.000297314
2.26736 -5.03551 0.499004 0.997162 0.0749956 0.00555525 -0.00364048
4.877 -2.66469 0.499 0.991312 0.13136 0.00674522 -0.000297314
5.92773 -2.66469 0.499 0.991312 0.13136 0.00674522 -0.000297314
3.86251 -0.889325 0.499 0.991312 0.13136 0.00674522 -0.000297314
4.877 -0.889325 0.499 0.991312 0.13136 0.00674522 -0.000297314
