30.5 1.38414 1.15072 1
1.15194 0.735584 0.499 -0.576075 0.47323 0.247303 -0.618896
2.48606 0.00974042 0.498956 0.0969636 0.365735 0.68857 -0.618633
1.69137 -3.63649 0.499 0.978411 0.185336 -0.00964221 0.0909331
1.87664 2.39504 0.499 -0.403532 0.808226 0.427528 -0.0339512
3.3646 -0.747071 0.499 0.775327 -0.578347 -0.171655 0.186865
0.346218 -1.77767 0.499 0.474876 0.140494 0.308779 -0.81204
1.29864 -1.30717 0.499 0.418959 0.162046 0.477913 0.75486
2.30116 -0.974442 0.499044 0.657177 0.287966 -0.634033 0.288437
1.42842 -0.237375 0.499 0.087306 0.986981 0.121594 -0.0588361
4.03019 -2.69422 0.499 0.480876 0.792422 -0.25699 0.273464
