35.5 -1.79935 -0.0485304 1
-0.837427 0.609673 0.499 -0.21441 0.506764 -0.291921 0.782304
1.11078 -0.345219 0.498999 -0.590079 0.599407 -0.540728 0.0114232
-0.0233591 -3.23673 0.499 -0.392404 -0.256364 -0.820804 -0.326462
1.32458 0.649706 0.499 0.415032 -0.548354 -0.308135 0.65735
2.45338 -1.40056 0.499 -0.0348355 0.0987746 0.49263 -0.863913
-1.23101 -1.67117 0.499 -0.779019 0.392694 -0.462867 -0.157081
-0.238668 -1.3331 0.499 0.678922 0.350881 -0.10709 -0.635987
0.950359 -1.33621 0.499001 -0.00929828 -0.728427 -0.203108 -0.654259
-0.337448 -0.286897 0.499 0.203672 -0.0876106 -0.961849 0.16028
0.926673 -2.92199 0.499 0.389357 0.0533346 -0.685242 0.613188
