115.5 -1.37673 1.15958 1
2.22303 0.159069 0.499 -0.5459 -0.0257315 -0.463197 -0.697695
4.0195 2.12803 0.498872 -0.363559 0.2515 0.752509 0.488163
0.685407 -1.52015 0.499 -0.953497 0.206153 -0.023391 0.218624
2.7956 4.30349 0.545914 0.0947472 0.220078 0.961214 -0.136591
-2.37677 -0.756972 0.499 -0.610296 0.540207 -0.286252 0.503762
1.78752 -0.863878 0.499 -0.302257 -0.701573 -0.320802 -0.559931
-1.29601 0.698168 0.499 -0.560895 -0.603955 0.396885 -0.403877
-2.76409 2.06887 0.499 0.340438 -0.0889868 0.108687 0.929715
3.0666 0.696898 0.499 -0.736 0.277065 0.36828 0.495892
-1.09704 -0.870621 0.499 -0.161976 0.0887872 -0.96569 0.182545
