117.5 -0.764076 -1.62978 1
2.35953 0.298524 0.499 0.350437 -0.0551929 -0.647482 0.674474
0.0617612 2.35089 0.516555 -0.00530344 -0.471986 -0.813702 -0.33925
0.920893 -2.91748 0.499 0.803206 0.354358 -0.275261 -0.391819
-0.391457 3.2931 0.498986 0.230613 0.941635 -0.15542 0.189699
-2.52552 -2.07756 0.499 0.357297 0.829929 -0.407305 -0.132888
2.19645 -0.92601 0.499 -0.370732 -0.0999507 0.186685 0.904277
-1.11486 -0.408793 0.499 -0.808785 -0.159327 -0.106989 0.555909
-2.65859 1.67518 0.499 0.0606846 0.150983 -0.222925 -0.961159
3.18561 0.862069 0.499 0.486875 0.81389 -0.306718 0.0803745
-1.23515 -2.65814 0.499 0.634819 -0.141536 -0.645157 -0.40093
