102.1 -1.65037 0.718528 1
0.707412 -2.84806 0.499001 0.64211 0.12612 -0.127931 0.745267
-0.291717 -2.94644 0.498999 -0.0941562 -0.610548 -0.130146 -0.775518
-0.572776 -1.34716 0.498555 -0.795958 0.595114 0.00680943 0.110648
0.551537 -1.77155 0.499 -0.804397 0.47028 0.359969 0.0469556
2.68607 3.44001 0.496796 0.745949 0.338186 0.545815 -0.176853
-1.25174 -3.25161 0.499 -0.417317 -0.434287 0.379931 -0.702063
-0.723318 3.50268 0.499 -0.172855 -0.323351 0.856351 0.363633
-1.56314 -1.49051 0.499445 -0.831465 -0.38727 -0.201185 0.343821
1.48543 -2.14166 0.499 -0.666656 -0.166011 0.0645851 0.723767
-1.03574 1.05433 0.499 -0.123492 -0.373199 0.697861 0.598717
