80.1 0.262852 1.7807 1
0.480253 3.21354 0.499 -0.17254 0.716038 -0.636646 0.228478
4.02029 -1.01701 0.499 -0.510458 -0.417485 0.245559 -0.71052
-1.8313 -0.549183 0.499 -0.637286 0.716468 -0.0363843 -0.281455
-2.86567 2.95195 0.499 -0.665554 0.474682 0.259629 -0.514109
-0.663024 0.730618 0.498999 -0.0958859 -0.525694 -0.842102 -0.0729062
1.91091 0.275757 0.499 -0.463962 0.652196 -0.0266711 -0.598889
4.69263 -0.0432276 0.499 -0.461892 -0.65425 0.363367 0.476002
2.9696 -1.48624 0.499 0.348282 -0.626228 0.541466 0.439719
-0.0874169 1.54834 0.499001 -0.501707 -0.0502829 -0.155982 0.849371
0.121046 0.00927936 0.499 0.72895 0.312692 0.196702 -0.576336
