82.1 -1.7881 -0.206616 1
-0.0305036 3.94255 0.499 0.643095 -0.16643 -0.734316 0.139682
2.70306 -0.731592 0.499 -0.644115 -0.125212 0.648926 -0.385141
-2.13921 1.16755 0.499 -0.0449278 0.485416 -0.838306 0.244123
-3.72245 3.7808 0.499 0.298728 0.0539137 -0.470425 0.828586
-0.73394 1.02732 0.499 0.287475 -0.884354 0.366954 0.0249178
1.04171 0.0565115 0.499 -0.252572 -0.430391 -0.0864674 -0.862261
2.5326 0.4269 0.499 0.897393 -0.263605 0.353476 -0.0159121
2.08274 -1.74821 0.499 -0.704256 0.508361 0.377469 0.321108
-0.142886 2.02629 0.499 0.080969 0.667122 -0.690243 -0.268248
-0.57882 -0.211933 0.499 0.244333 -0.0577824 0.434888 -0.864775
