88.7 -1.78678 0.217735 1
0.980491 1.7932 0.499 0.808709 -0.279405 0.515237 0.0495299
0.654085 -0.550828 0.499 0.276152 -0.835112 -0.451594 0.14964
-0.989539 -0.0790462 0.499 0.638865 -0.102129 0.726784 0.230666
-1.24071 1.19552 0.499 0.248559 0.17622 0.95245 0.00173419
-0.0177451 2.52918 0.499 -0.570274 0.0893391 -0.809404 0.108033
-0.421869 -0.923625 0.499 -0.552268 -0.322346 -0.7165 0.278785
0.0202717 0.939803 0.499 -0.133753 -0.546586 0.566608 0.601921
0.412691 -2.70699 0.499 -0.136083 0.778307 -0.560469 -0.248181
1.37179 0.354575 0.499 0.623423 -0.497384 0.519938 0.305969
-1.49291 -1.0547 0.499 -0.13978 -0.361367 -0.579793 0.71674
