32.8 -0.383491 1.75867 1
0.156089 0.972231 0.499 -0.928792 -0.0765446 -0.252941 -0.259823
1.77338 0.206477 0.499 -0.818159 -0.0661307 0.43311 -0.372368
0.871971 -3.26957 0.499 0.503651 0.485212 0.399279 -0.592858
1.53357 1.89115 0.499 -0.552387 -0.230839 -0.800592 -0.0251918
2.85872 -0.716289 0.499 0.566575 0.329564 0.688821 0.309687
-0.466021 -1.39729 0.499 -0.28581 -0.331385 0.602361 -0.667576
0.510204 -0.975512 0.499 -0.0904569 0.853355 0.413947 0.303728
1.59992 -0.77924 0.499 0.782958 0.302111 0.057062 -0.540786
0.52277 0.0375768 0.499 -0.266234 0.614091 -0.236009 -0.704494
2.98258 -2.73424 0.499 -0.034236 0.77251 -0.237067 -0.588095
