119.4 1.73554 -0.477378 1
3.16831 0.57736 0.498999 -0.51572 -0.547072 0.165946 0.638127
-1.76066 1.9378 0.499 -0.439905 0.326852 0.735609 -0.398161
1.81738 -4.01706 0.499 -0.47712 0.0530525 -0.201931 0.853678
-2.07013 3.0581 0.516338 0.272856 -0.779718 -0.325206 0.460251
-1.95113 -3.09868 0.499 -0.0415985 0.716723 -0.465947 0.517175
3.27512 -0.827316 0.499 0.286253 0.158743 0.757567 0.564759
-0.254264 -1.26864 0.499 -0.457071 -0.492768 0.288817 0.681799
-2.8102 1.24563 0.499 -0.857034 0.0469172 -0.505842 -0.0861157
3.98303 1.15722 0.499001 0.602696 -0.274783 -0.723833 0.193179
-0.671613 -4.21349 0.499 -0.156131 0.44282 -0.284855 -0.835698
