90.3 -0.403602 -1.75417 1
1.1168 0.783585 0.499 0.040653 0.557322 0.579867 -0.592869
0.383868 -1.26653 0.49943 -0.499067 -0.800623 0.262127 0.203037
-1.23405 -0.885881 0.499002 -0.15061 -0.772595 0.612978 -0.0683555
-1.0406 0.272345 0.499 -0.496807 0.547699 0.611707 -0.281111
0.284027 2.34754 0.499 0.345851 0.774289 -0.25321 0.465562
-0.520405 -1.69225 0.49857 -0.4575 0.274304 -0.318386 0.783633
-0.149235 0.869641 0.499 -0.0310405 0.0979327 0.92431 -0.367556
-0.046556 -3.3324 0.499 0.615129 0.733096 -0.190374 0.218961
1.60741 -0.496459 0.499 -0.668934 -0.61376 0.22901 0.351257
-1.88956 -1.64461 0.498998 -0.0838619 -0.263202 0.192474 0.941619
