7.1 1.6729 0.664393 1
3.72021 1.0594 0.499 0.885554 0.456043 0.0872359 -0.0144329
5.31441 1.9652 0.499 0.885554 0.456043 0.0872359 -0.0144329
2.9231 -3.07104 0.499 0.885554 0.456043 0.0872359 -0.0144329
1.4376 4.42896 0.499 0.885554 0.456043 0.0872359 -0.0144329
4.77093 1.0594 0.499 0.885554 0.456043 0.0872359 -0.0144329
2.21507 -4.55554 0.499 0.992308 0.0747848 0.0657049 -0.0735852
4.84339 -2.52756 0.499 0.885554 0.456043 0.0872359 -0.0144329
5.86886 -2.5064 0.499002 0.895785 0.438256 0.0733636 0.0109477
3.8289 -0.752196 0.499 0.885554 0.456043 0.0872359 -0.0144329
4.84339 -0.752196 0.499 0.885554 0.456043 0.0872359 -0.0144329
