29.6 1.72591 0.511098 1
1.43556 0.566357 0.499 -0.172481 0.661088 0.054721 -0.728161
2.68677 -0.0972473 0.499 0.411123 0.283004 0.295422 -0.814624
1.86498 -3.77186 0.499 0.932072 -0.326433 -0.125241 0.0948564
1.91091 2.47739 0.499 0.362274 0.724748 0.561861 -0.166768
3.46258 -0.873939 0.499 0.335946 -0.911331 -0.22027 0.0899816
0.564072 -2.04133 0.499 0.591151 0.0286658 -0.0564226 -0.804074
1.49878 -1.57258 0.499 0.505048 -0.111215 0.658592 0.546639
2.46574 -1.18317 0.499 0.563827 0.0110308 -0.539464 0.625264
1.69397 -0.407139 0.499 0.534835 0.821346 0.196787 -0.0248454
4.16179 -2.68331 0.499 0.773713 0.293541 -0.062495 0.557939
