116.3 -1.79902 -0.0593312 1
2.19765 0.291688 0.499002 0.0801255 -0.125942 -0.887221 -0.436529
2.31669 2.34651 0.499 0.691693 0.64336 0.303974 0.123484
0.692014 -2.01293 0.499 -0.533369 0.224467 -0.396413 -0.712733
1.41837 3.87653 0.499001 -0.0106279 0.736477 0.654217 -0.171724
-2.53544 -1.22989 0.499 -0.282915 0.810017 -0.51355 -0.00987606
1.86706 -0.815093 0.499 -0.298813 -0.813197 -0.415156 0.277609
-1.31097 0.324303 0.499 -0.736665 -0.660043 0.0298433 0.144147
-2.81168 1.98087 0.499 0.719514 0.539653 0.421947 0.114166
3.03354 0.840577 0.498998 -0.548696 0.79391 -0.0488988 0.257389
-1.23587 -1.51083 0.499 0.384891 0.00398914 -0.889559 -0.246025
