51.8 0.525476 1.72159 1
-3.43991 2.2625 0.499003 -0.938263 0.0514903 0.311023 -0.142396
0.683731 -1.96523 0.499 0.928897 0.289599 0.0112929 -0.230556
-3.44171 1.22466 0.499 0.475298 -0.120521 -0.48475 -0.724281
3.2031 -1.20003 0.499 -0.727335 -0.202022 -0.652105 0.0702184
3.39631 -2.20456 0.499 -0.290149 -0.804329 -0.518434 -0.00970051
-2.6313 0.577446 0.499001 0.424918 0.270878 0.24949 -0.826937
-1.45391 0.138148 0.499 0.216536 -0.812876 0.434937 0.321209
0.00991354 -2.86989 0.499 0.676983 0.272298 -0.682324 0.0445089
-2.15439 1.48167 0.499 0.119239 0.883727 0.373067 0.256183
-2.83504 -1.47856 0.499 -0.589857 0.54774 -0.54157 0.242386
