30 1.6075 0.809899 1
1.31908 0.645721 0.499 -0.365931 0.608773 0.161531 -0.685126
2.60411 -0.0560169 0.499 0.286532 0.359349 0.497378 -0.735787
1.79739 -3.70754 0.499 0.985954 -0.0937421 -0.101651 0.093667
1.90525 2.44494 0.499 0.025835 0.831712 0.547288 -0.0897978
3.4286 -0.813401 0.499 0.557014 -0.79155 -0.222346 0.117247
0.476818 -1.92 0.499 0.552252 0.10571 0.103682 -0.820423
1.4194 -1.45047 0.499 0.489866 -0.000420958 0.571192 0.658613
2.40385 -1.08107 0.499 0.606272 0.132884 -0.618543 0.481851
1.58552 -0.327537 0.499 0.339856 0.926506 0.160629 -0.0168137
4.11287 -2.684 0.499 0.671871 0.543848 -0.179939 0.469512
