69.6 -0.60336 -1.69586 1
0.639441 -0.85921 0.499 -0.727929 -0.313692 0.494903 -0.356073
0.850098 3.33429 0.496857 -0.297145 0.481768 0.269354 0.779136
3.3366 -0.578646 0.499 -0.170307 -0.16266 0.405776 -0.88311
-2.75522 -1.5934 0.499 0.0729144 -0.443015 0.326266 -0.831848
-2.68796 -2.95722 0.499 0.285699 -0.921971 0.219324 0.142279
0.0273035 1.64355 0.499 0.121344 -0.91118 0.221914 0.325241
-0.168576 3.52189 0.504347 0.66203 0.545993 0.296936 -0.418852
-1.09712 -0.82827 0.499 0.0551984 -0.998153 -0.0164543 0.0192973
-1.30191 3.3573 0.498569 0.413187 -0.586761 -0.684558 -0.12794
1.89632 0.217374 0.499 -0.632532 0.652513 -0.368538 -0.195727
