24.6 -0.311233 -1.77289 1
1.87998 0.0710233 0.499 0.159516 -0.340947 0.488205 0.787379
2.90929 -0.0565619 0.499 -0.0402531 0.092646 0.136056 0.985538
1.7046 -4.16126 0.499 -0.670416 0.302352 -0.117617 0.667302
0.976459 3.29753 0.499 -0.523543 -0.321123 -0.391943 0.684955
3.07683 -1.0709 0.499 -0.25843 0.755346 -0.541028 0.264491
0.613765 -3.15759 0.499 0.302475 -0.0424068 0.176146 0.935779
1.54619 -2.65802 0.499 -0.879396 -0.32723 -0.305654 0.161738
2.45208 -1.9286 0.499 -0.801249 0.535947 0.25011 -0.0905889
1.98394 -1.03937 0.499 -0.537585 -0.601841 0.189606 0.55932
3.7681 -2.26006 0.499 -0.974727 -0.070728 -0.211082 -0.0186814
