35.4 -1.79938 0.0471727 1
-0.815629 0.631321 0.499 -0.256473 0.510733 -0.346074 0.744048
1.12452 -0.300467 0.499005 -0.604996 0.580189 -0.545193 -0.0112049
-0.00519736 -3.22973 0.499 -0.343241 -0.271383 -0.802948 -0.404736
1.31744 0.692453 0.498993 0.414548 -0.535735 -0.34774 0.64824
2.45339 -1.367 0.499 -0.0451062 0.0987443 0.544868 -0.831465
-1.21767 -1.65281 0.499 -0.799535 0.332769 -0.456647 -0.203671
-0.225931 -1.31164 0.499 0.649415 0.391644 -0.0525276 -0.649705
0.962441 -1.29199 0.499005 0.0339595 -0.734739 -0.173014 -0.655036
-0.320586 -0.26666 0.499 0.225129 -0.0645673 -0.968037 0.089739
0.987819 -2.90682 0.499 0.421538 0.125624 -0.706958 0.553837
