25 -0.0449634 -1.79944 1
1.87424 0.0472495 0.499 0.345673 -0.500045 0.455147 0.65062
2.91119 -0.134357 0.499 0.0399576 -0.163354 0.0870571 0.981906
1.74696 -4.1899 0.499 -0.690902 0.146986 0.0376729 0.706846
1.08074 3.17212 0.499 -0.475387 -0.513684 -0.334686 0.630969
3.1102 -1.13761 0.499 -0.409209 0.669168 -0.468118 0.406974
0.650612 -3.12346 0.499 0.36615 -0.26529 0.160175 0.877439
1.54219 -2.64496 0.499 -0.940178 -0.32573 -0.0512701 0.0856557
2.46539 -1.93541 0.499 -0.705591 0.56647 0.419429 0.0730299
1.99354 -1.04595 0.499 -0.449867 -0.70104 0.365669 0.415269
3.82913 -2.35371 0.499 -0.99048 -0.136409 -0.00437605 -0.0179844
