88.1 -1.40979 1.11915 1
1.03862 2.06692 0.499 0.755012 -0.622569 -0.0782692 0.190365
0.881006 -0.36052 0.499 0.29381 -0.714429 -0.62091 -0.133182
-0.851391 0.179194 0.499 0.924678 0.141601 0.343241 -0.0842901
-1.22763 1.44467 0.499 0.761835 -0.107004 0.638345 -0.0259493
-0.0259039 2.49044 0.499 -0.836312 -0.267319 -0.433364 0.20327
-0.178883 -0.756656 0.499 -0.678092 -0.594165 -0.406869 0.147025
0.204695 0.851021 0.499 -0.0269609 -0.733042 0.35375 0.580331
0.702269 -2.56809 0.499 -0.378477 0.649522 -0.659438 0.00429385
1.40042 0.578737 0.499 0.849988 -0.338688 0.293759 -0.276616
-1.22356 -0.927993 0.499 -0.329807 -0.558799 -0.574208 0.499256
