69.3 -1.04099 -1.46845 1
0.724692 -1.00174 0.499 -0.507248 -0.704255 0.376931 -0.323491
0.673545 3.71535 0.530709 -0.448829 0.384763 0.361318 0.721081
3.33497 -0.280368 0.499 -0.0162567 -0.465519 0.270393 -0.842565
-2.59564 -1.532 0.499 0.316629 -0.651589 0.370875 -0.58106
-2.6068 -2.94632 0.499 0.449842 -0.809895 -0.0157113 0.376119
-0.188198 1.71541 0.499 0.309713 -0.925233 0.104555 0.192588
-0.331999 3.65171 0.498987 0.514534 0.676346 0.371479 -0.373918
-1.2332 -0.718721 0.499 0.250022 -0.954604 -0.158333 -0.033938
-1.34723 3.70316 0.548765 0.362521 -0.523344 -0.74308 -0.206209
2.0052 0.292213 0.499001 -0.738977 0.480085 -0.387674 -0.270444
