22.1 -1.56082 -0.89657 1
2.02704 0.4248 0.499 -0.696297 0.454443 -0.242966 0.499619
3.05465 0.635304 0.499 -0.489506 0.866685 -0.0850446 0.0448149
1.55833 -3.77921 0.499 -0.30684 0.425872 -0.842514 -0.121045
0.513687 3.98286 0.499 -0.416233 0.22642 -0.848662 0.235068
2.98679 -0.450945 0.499 0.215822 0.515136 -0.423788 -0.713063
0.501928 -3.16789 0.499 -0.387859 0.798774 -0.307854 0.341689
1.68967 -2.53662 0.499 0.388693 -0.202241 -0.89762 -0.0479118
2.49717 -1.70749 0.499 -0.47837 -0.437917 -0.414691 -0.638296
2.041 -0.787125 0.499 -0.208478 0.134556 -0.888161 0.386784
3.50517 -1.47168 0.499 -0.344569 -0.0475935 -0.910642 -0.223021
