102.4 -1.78344 0.243629 1
0.42481 -2.88197 0.499 0.556111 0.0791048 -0.0534044 0.825609
-0.575673 -3.04231 0.499 -0.147288 -0.594047 -0.0983438 -0.784693
-0.566467 -1.31749 0.499 -0.705622 0.70412 -0.0716991 -0.0342282
0.354291 -1.71887 0.499007 -0.824879 0.518191 0.219697 0.052775
2.28874 3.11101 0.498998 0.687093 0.428814 0.545067 -0.21662
-1.53636 -3.34895 0.499 -0.383125 -0.500794 0.340999 -0.697237
-0.823916 3.52474 0.499 -0.332584 -0.199835 0.87108 0.301122
-1.57016 -1.40128 0.499 -0.708717 -0.120003 -0.255284 0.646645
1.32915 -2.12781 0.498995 -0.733298 -0.0763144 0.227436 0.636178
-0.90234 1.27743 0.499 -0.326711 0.0574853 0.804889 0.492045
