37.5 -0.781056 -1.62171 1
-0.982586 0.274199 0.499 0.528653 -0.55007 0.431111 0.48176
1.16317 -1.21441 0.498714 -0.325742 0.404827 0.0861765 0.850048
-0.470641 -3.2972 0.498679 -0.580186 0.0605646 0.484266 0.652075
1.78937 -0.211291 0.499 0.214351 -0.934122 0.278621 0.0619609
2.7439 -1.97434 0.499 0.163161 0.623087 -0.480768 -0.594981
-1.20688 -1.94096 0.499 0.0136535 0.447469 0.198314 0.871927
-0.20261 -1.6649 0.499 0.044495 -0.160698 -0.977768 0.127143
0.985285 -2.19607 0.500231 -0.721223 0.159345 -0.169906 -0.652364
-0.383867 -0.594161 0.499 -0.600303 -0.579456 0.0929397 0.54335
0.501835 -3.06873 0.498421 -0.438403 -0.77565 0.442484 0.101867
