44.6 -1.26765 1.27791 1
-2.67074 1.50789 0.499 -0.645377 0.244654 -0.65204 0.31381
0.501422 -1.23682 0.499 -0.524927 -0.14277 0.418585 -0.727224
-3.22573 -1.1664 0.499 -0.0595516 -0.246347 -0.809853 -0.52906
2.22018 -0.714932 0.499 0.495523 -0.327622 -0.616231 0.517089
2.61645 -1.6338 0.499 0.505033 0.0548589 0.61998 0.597961
-2.27265 -0.253728 0.499 -0.539719 -0.549725 0.214907 -0.600266
-1.24745 -0.418136 0.499 -0.233232 0.662215 0.643665 0.30458
0.0741946 -2.18049 0.499 0.746148 -0.207859 0.237476 -0.586228
-1.7215 0.739681 0.499 0.0215567 0.462651 -0.394595 -0.79359
-1.59359 -1.97201 0.499 0.352134 0.307612 -0.877238 -0.108766
