20 -1.78197 0.254149 1
2.34352 0.845996 0.499 -0.740016 0.175597 -0.516417 -0.393517
3.55251 1.34337 0.499 -0.576512 0.418998 -0.111121 -0.692623
1.6722 -3.33978 0.499 -0.23864 0.0526724 -0.613358 -0.751045
0.450459 4.31167 0.499 -0.342038 -0.0554001 -0.780777 -0.51993
3.27236 0.312674 0.499 -0.0340704 0.0757797 -0.0801151 -0.993317
0.644723 -3.05804 0.499 -0.814498 0.205815 -0.334024 -0.427389
2.04694 -2.31615 0.499 0.754217 0.26609 -0.213691 -0.560972
2.76866 -1.43845 0.499 0.375911 -0.729577 -0.0395371 -0.569952
2.26932 -0.540042 0.499 -0.05579 0.200132 -0.793799 -0.571592
3.54332 -0.665797 0.499 -0.0428346 -0.0907169 -0.83937 -0.534222
