98.1 1.0706 -1.44701 1
2.50748 -2.57137 0.499 -0.607101 0.43793 -0.529618 0.398936
0.41845 -2.80252 0.499 0.599488 0.541644 -0.554241 0.200129
-1.51039 -2.49261 0.499 0.0784066 0.642888 0.381764 -0.659396
-0.0562939 -1.91036 0.499 0.402039 -0.778407 -0.16242 -0.453946
2.41517 3.03051 0.499 0.258511 -0.954697 -0.104037 0.104417
-0.742443 -3.13832 0.499 0.859506 -0.412181 -0.274017 -0.127558
-0.384159 2.19877 0.499 -0.409047 -0.766313 -0.224682 0.441546
-2.67632 -3.52038 0.499 0.491095 0.275667 0.79594 0.222064
3.53215 -2.90294 0.499 0.556441 0.67515 0.204917 -0.43881
-3.37658 -2.55964 0.499 0.4626 0.44497 -0.429679 -0.635121
