61.2 -1.76966 0.329105 1
3.07899 2.42074 0.509975 -0.808133 0.383356 -0.0429118 0.445105
-0.379492 -0.318028 0.499 -0.0489057 0.834315 -0.517174 0.184547
-0.222352 1.81906 0.499 -0.580594 0.454123 -0.454224 -0.500363
2.38669 -1.70548 0.499 -0.589028 0.574697 -0.38352 0.419145
-0.358342 -3.03523 0.499 0.507497 -0.64546 -0.291323 0.490876
-4.17115 1.06017 0.499 0.659151 0.393315 0.0624032 0.63791
-2.16427 1.12429 0.499 0.717534 0.171177 -0.671258 -0.0725006
-2.51946 -1.41248 0.499 0.696483 0.448146 -0.175999 -0.532072
-3.02767 1.69672 0.499 -0.655537 -0.245842 0.563379 0.438675
-1.65121 -0.470767 0.499 0.154261 0.330592 0.269862 0.891115
