51.3 1.13584 1.39638 1
-3.29197 1.88754 0.499 -0.839682 0.260055 0.466043 -0.100549
0.849036 -2.04032 0.499 0.925718 -0.0358243 -0.341784 -0.157948
-3.40122 0.86861 0.499 0.325816 0.18928 -0.53261 -0.757855
3.31281 -1.29201 0.499 -0.922598 0.134968 -0.32742 0.152948
3.52012 -2.2906 0.499 -0.713864 -0.603972 -0.34898 -0.0618798
-2.48588 0.418522 0.499 0.573337 0.266208 -0.0270023 -0.774396
-1.2616 -0.0261575 0.499 0.0686006 -0.888313 0.45219 -0.0414445
0.192343 -2.94769 0.499 0.525053 0.0263252 -0.740465 0.418734
-1.94772 1.30264 0.499 0.443836 0.71468 0.417329 0.343627
-2.57086 -1.6385 0.499 -0.493252 0.672299 -0.300268 0.463202
