27 1.23353 -1.31088 1
1.83041 0.105927 0.499 0.842272 -0.337443 -0.215065 -0.361189
2.90511 -0.308528 0.499 0.413508 -0.804278 -0.426785 0.00129857
1.94362 -4.15559 0.499 -0.24107 -0.786144 0.340418 0.456047
1.58703 2.72262 0.499 0.345815 -0.932024 -0.0277349 -0.104756
3.32416 -1.23202 0.499315 -0.805775 -0.313548 -0.0558275 0.499297
0.770585 -2.79567 0.498918 0.542898 -0.787153 -0.289964 0.0396482
1.65593 -2.33006 0.499009 -0.368101 -0.331593 0.856183 -0.146622
2.50964 -1.81021 0.498758 0.0527481 0.032867 0.555667 0.829079
2.02643 -0.901296 0.499 0.521414 -0.514557 0.627266 -0.264378
4.11911 -2.64446 0.499 -0.226442 -0.60174 0.755566 0.125509
