39.5 1.16804 -1.36955 1
-0.861816 0.460476 0.499 0.468553 -0.0348843 -0.295654 -0.831763
1.57287 -1.38362 0.499 0.168171 -0.876338 0.000709138 0.451387
-0.652239 -2.84266 0.499 0.949774 -0.236578 0.190726 -0.0747244
2.52439 -0.55634 0.499 0.634724 0.0558573 0.399396 -0.659157
3.30036 -2.02638 0.499 -0.701411 0.562726 -0.262916 0.349626
-0.916833 -1.689 0.499 0.55163 -0.737887 -0.211562 0.326295
0.0993761 -1.47494 0.499 -0.894035 -0.392702 0.061601 -0.206619
1.32031 -2.35493 0.499 -0.442592 0.283826 0.691148 0.495852
-0.164358 -0.379673 0.499 0.394567 -0.380328 0.752955 -0.364315
0.486351 -2.98431 0.499 0.481941 0.384149 0.662812 -0.425256
