53.2 -1.29905 1.24598 1
-3.9851 3.09866 0.499 -0.703565 0.0813948 -0.653468 -0.267115
0.0928123 -2.04807 0.499 0.234172 0.184009 0.850874 -0.432802
-3.81407 1.99906 0.499 0.191162 -0.944976 0.0449359 0.261646
2.77132 -1.21389 0.498998 0.469669 -0.406845 -0.711563 0.327972
2.61822 -2.21876 0.497729 0.566541 -0.668592 -0.233397 0.421357
-3.21406 0.761251 0.499 -0.225066 -0.336427 0.457269 -0.791876
-2.12042 0.305115 0.499 -0.131274 -0.0523618 0.478614 0.866576
-0.628953 -2.94514 0.499 0.760135 0.111202 0.149851 -0.622393
-2.85149 1.70181 0.499 -0.2529 0.772326 0.0928167 -0.575273
-3.7028 -1.32381 0.499 -0.0114194 0.323988 -0.935108 -0.143086
