65.4 1.55979 0.898371 1
2.45477 -3.38878 0.499 0.298861 0.434805 0.776141 0.345299
0.142621 2.18322 0.499 -0.225204 -0.556291 -0.254293 -0.758392
3.09649 1.11493 0.499 0.346324 0.488241 0.792987 0.113364
0.275711 -1.85359 0.499 -0.59036 0.773958 0.223566 -0.0498242
-0.830995 -3.67862 0.499 0.0371387 0.895737 0.344805 -0.278184
-2.16502 1.41368 0.499 0.181769 0.133291 0.722207 0.653919
-0.860699 2.15127 0.499 -0.327811 -0.866661 0.317145 -0.202131
-2.22038 -0.252778 0.499 -0.150895 0.744344 0.35033 0.548135
-1.81046 2.52744 0.499 0.251893 0.796584 0.431991 0.339687
1.2247 -0.295173 0.499 0.875356 0.0857255 -0.0429978 -0.473872
