17.1 -1.04911 1.46266 1
2.94244 1.28744 0.499 -0.416219 0.0493476 0.09616 -0.902818
4.53665 2.19324 0.499 -0.416219 0.0493476 0.09616 -0.902818
2.13451 -2.83737 0.499 -0.387756 0.0603817 0.100024 -0.914327
0.659834 4.65701 0.499 -0.416219 0.0493476 0.09616 -0.902818
3.99317 1.28744 0.499 -0.416219 0.0493476 0.09616 -0.902818
1.10983 -3.02049 0.499 -0.372337 -0.436123 0.475121 -0.667399
2.83699 -2.12041 0.499 0.253532 0.769478 0.428992 -0.399487
3.42835 -1.19741 0.499 0.930341 -0.0685186 0.226622 -0.280024
2.80677 -0.411121 0.499 -0.267165 0.212019 0.162635 -0.925862
3.90376 -0.0610165 0.499 -0.176729 0.236985 -0.328419 -0.897076
