27.4 1.43013 -1.09304 1
1.80474 0.151988 0.499 0.787854 -0.118867 -0.30228 -0.523243
2.88696 -0.304037 0.499 0.473171 -0.69659 -0.46467 -0.273775
1.96606 -4.1144 0.499 -0.0444535 -0.888031 0.279601 0.362281
1.67139 2.66705 0.499 0.566187 -0.785429 0.0556006 -0.243807
3.37879 -1.19571 0.498997 -0.744887 -0.519344 -0.0363022 0.417262
0.773325 -2.6975 0.499 0.567441 -0.719064 -0.366074 -0.164158
1.66472 -2.233 0.499 -0.167848 -0.340491 0.918995 -0.106492
2.53545 -1.73354 0.499003 0.172063 -0.0713838 0.423452 0.886559
2.01612 -0.83804 0.499 0.694289 -0.326025 0.569609 -0.295323
4.16021 -2.66828 0.499 0.0458413 -0.627342 0.747099 0.214906
