36.1 -1.69139 -0.615799 1
-0.937424 0.481779 0.499 0.0403023 0.352338 0.0659295 0.932677
1.06615 -0.630883 0.499 -0.486203 0.718412 -0.439236 0.233586
-0.239757 -3.28559 0.499 -0.618799 -0.0453944 -0.770962 0.143681
1.40456 0.368217 0.499 0.341956 -0.682971 -0.0550867 0.643104
2.48409 -1.59995 0.499 0.0579243 0.159681 0.151721 -0.973718
-1.28022 -1.77936 0.499 -0.593893 0.688065 -0.382049 0.167018
-0.2843 -1.45989 0.499 0.750062 0.120588 -0.460781 -0.458853
0.905383 -1.61793 0.499 -0.266804 -0.596669 -0.347826 -0.672175
-0.407823 -0.406328 0.499 -0.0160928 -0.22939 -0.814436 0.532743
0.739276 -2.99226 0.499 0.116986 -0.281953 -0.390748 0.868408
