70.9 1.3514 -1.189 1
0.482182 -0.12369 0.499 0.139747 0.921075 0.106443 0.347508
1.9055 1.99683 0.499008 0.269999 0.248191 -0.461396 0.807846
3.49321 -1.67975 0.499 -0.270721 0.762082 0.331661 0.485739
-3.24864 -1.71153 0.499 -0.524419 0.849057 -0.00536957 -0.0637025
-2.84181 -2.85543 0.499 -0.184865 0.09571 0.577302 -0.789548
1.06522 1.37556 0.498992 -0.351996 -0.688566 0.471651 0.4237
0.873146 2.83255 0.499 0.493173 0.679742 -0.210055 -0.500608
-0.319505 -1.14045 0.499 -0.325293 -0.736173 0.578884 -0.130871
-0.858489 2.03967 0.499 0.462737 -0.529569 -0.561362 -0.436237
1.63966 0.0200401 0.499 -0.270147 0.81664 0.148952 0.487784
