27.6 1.51534 -0.971471 1
1.78817 0.178633 0.499 0.739446 -0.00205594 -0.324799 -0.589679
2.87414 -0.298177 0.499 0.497586 -0.615698 -0.461174 -0.400803
1.97353 -4.09019 0.499 0.0608311 -0.915846 0.238302 0.317392
1.70983 2.64287 0.499 0.663393 -0.67906 0.102661 -0.297066
3.40307 -1.17339 0.499 -0.694548 -0.614613 -0.0370572 0.372129
0.770969 -2.64478 0.499 0.578718 -0.666899 -0.390838 -0.259954
1.6663 -2.1799 0.499 -0.0667534 -0.342254 0.934488 -0.071687
2.54578 -1.69043 0.499 0.226715 -0.114891 0.340076 0.9054
2.00722 -0.802798 0.499 0.76121 -0.21912 0.53454 -0.294639
4.17702 -2.67658 0.499 0.180562 -0.618366 0.717183 0.265837
