56.2 0.22646 -1.7857 1
-2.86259 3.05957 0.499 0.172712 0.233246 0.28676 0.912982
-0.321321 -3.21229 0.497023 -0.288494 0.525763 -0.356609 -0.716362
-3.26034 2.016 0.499 -0.239878 0.846487 -0.430754 -0.20092
2.71116 -2.11854 0.499 0.261451 -0.602626 0.674016 -0.337917
0.677878 -3.16263 0.505751 -0.115512 0.558219 0.203566 -0.795996
-3.73808 0.0400537 0.499003 -0.651741 0.584368 -0.0203457 0.483046
-2.67469 -0.326304 0.499 0.80154 0.448134 0.138592 -0.370813
-1.12398 -4.0956 0.499 -0.621405 -0.0417189 -0.293482 -0.725247
-3.28574 0.972979 0.49899 -0.192269 -0.155932 -0.898779 0.36182
-4.68831 -1.98141 0.499 -0.218617 -0.919977 0.109626 0.306319
