55.7 -0.520709 -1.72304 1
-3.63884 3.26927 0.498993 0.366976 0.226473 0.247829 0.867536
-0.371505 -3.03811 0.499 -0.320451 0.206994 -0.276999 -0.881894
-3.68849 2.17074 0.539985 -0.0786545 0.944378 -0.0752316 -0.310329
2.58364 -1.9786 0.499 0.27188 -0.633371 0.724363 0.0148571
0.842301 -3.02108 0.499 -0.142022 -0.0172012 0.44382 -0.884623
-3.76612 0.222328 0.499 -0.785384 0.522031 -0.292275 0.15884
-2.71972 -0.238851 0.499 0.528319 0.530622 0.494029 -0.441877
-1.17889 -3.92164 0.499 -0.413723 -0.386378 -0.303713 -0.766357
-3.39904 1.22601 0.499967 0.107725 -0.0755296 -0.934059 0.332
-4.66147 -1.88959 0.499 0.03076 -0.751756 -0.127584 0.64625
