36.5 -1.51837 -0.966728 1
-0.97521 0.40431 0.499 0.202888 0.131721 0.281406 0.928599
1.06854 -0.816667 0.499 -0.428641 0.737162 -0.308315 0.421664
-0.337901 -3.30869 0.499 -0.744158 0.0836462 -0.519756 0.4112
1.48963 0.184483 0.499 0.274608 -0.785577 0.0838977 0.548106
2.53344 -1.72508 0.499 0.126508 0.25815 -0.0754126 -0.954813
-1.28415 -1.84369 0.499 -0.427591 0.774032 -0.233596 0.404319
-0.285843 -1.53662 0.499 0.670894 -0.00234113 -0.687218 -0.278617
0.903336 -1.80311 0.499 -0.431295 -0.42628 -0.389189 -0.693398
-0.425861 -0.478155 0.499 -0.218664 -0.330037 -0.614156 0.682696
0.643896 -3.03026 0.499 -0.113466 -0.505651 -0.134365 0.844623
