7.2 1.66567 0.682296 1
3.71814 1.06451 0.499 0.879189 0.467249 0.0919796 -0.0156685
5.31235 1.97031 0.499 0.879189 0.467249 0.0919796 -0.0156685
2.92104 -3.06592 0.499 0.879189 0.467249 0.0919796 -0.0156685
1.43553 4.43408 0.499 0.879189 0.467249 0.0919796 -0.0156685
4.76887 1.06451 0.499 0.879189 0.467249 0.0919796 -0.0156685
2.21186 -4.53763 0.499 0.991733 0.0747515 0.0693848 -0.0778651
4.84133 -2.52244 0.499 0.879189 0.467249 0.0919796 -0.0156685
5.85828 -2.49423 0.499 0.893404 0.442869 0.073139 0.0186411
3.82684 -0.74708 0.499 0.879189 0.467249 0.0919796 -0.0156685
4.84133 -0.74708 0.499 0.879189 0.467249 0.0919796 -0.0156685
