38.8 0.523471 -1.7222 1
-0.893319 0.319715 0.499 0.630192 -0.555256 -0.135343 -0.525576
1.44014 -1.40077 0.499 -0.121994 -0.551028 0.258381 0.784044
-0.579362 -3.0782 0.499 0.564706 -0.346024 0.725922 0.185506
2.2779 -0.511138 0.499 0.510837 -0.500504 0.331799 -0.615184
3.11636 -2.08373 0.499 -0.320335 0.827373 -0.441233 0.134736
-1.00759 -1.85275 0.499 0.415013 -0.526942 0.11633 0.732505
0.00444674 -1.61699 0.499 -0.855287 -0.255035 -0.450126 0.0287678
1.21155 -2.37587 0.499 -0.666069 0.535366 0.519345 -0.00404104
-0.23042 -0.530309 0.499 -0.137775 -0.622733 0.740105 -0.213229
0.491787 -3.11826 0.499 0.0825304 -0.100831 0.746869 -0.652081
