86.6 0.822366 1.60116 1
1.09926 2.39192 0.499 -0.818483 -0.027979 -0.491755 0.295771
1.31966 -0.25159 0.499 0.00633547 -0.486353 -0.872851 -0.0393904
-0.588538 0.486023 0.498999 0.244472 -0.321474 -0.751319 -0.521927
-1.23273 1.69551 0.499 -0.0955386 -0.643184 -0.759044 -0.0322275
-0.160777 2.04454 0.499 -0.576008 0.0594855 0.7451 0.330912
0.381111 -0.690032 0.498999 -0.85073 -0.0933658 0.516005 -0.0357783
0.47018 0.330718 0.499001 -0.4575 -0.740168 0.124544 0.476797
1.34897 -2.5747 0.499 -0.0398124 0.320552 -0.292036 0.900209
1.37334 0.844244 0.499 -0.343083 -0.156522 -0.724227 -0.577313
-0.6082 -0.967532 0.499 -0.948927 -0.250512 -0.0140485 0.19127
