40.3 1.66766 -0.677418 1
-0.893576 0.703967 0.499 0.110944 0.525867 -0.108135 -0.836338
1.65679 -1.2814 0.499 0.585594 -0.736904 -0.337591 0.0091691
-0.803292 -2.49086 0.499 0.874278 0.185133 -0.364548 -0.261666
2.73832 -0.525381 0.499 0.409114 0.664048 0.514312 -0.356579
3.44287 -1.87821 0.499 -0.932493 -0.0234086 -0.149517 0.327954
-0.880881 -1.41923 0.499 0.672197 -0.538788 -0.472657 -0.185617
0.140103 -1.22998 0.499 -0.524578 -0.599998 0.517144 -0.312061
1.37683 -2.24838 0.499 -0.134556 -0.132189 0.386739 0.902692
-0.156623 -0.124899 0.499 0.78433 0.0749782 0.588049 -0.182764
0.412079 -2.74633 0.499 0.507626 0.763664 0.381942 0.115125
