17.6 -1.23003 1.31417 1
2.89075 1.24501 0.499 -0.418121 -0.0234692 -0.0540714 -0.906477
4.35813 2.0732 0.499058 -0.430797 0.0561961 0.0780627 -0.897308
2.03491 -2.90898 0.499 -0.361543 0.0124989 -0.0005599 -0.932272
0.608142 4.61457 0.499 -0.418121 -0.0234692 -0.0540714 -0.906477
3.89171 1.18437 0.498851 -0.383795 -0.0155266 0.017846 -0.923115
1.02771 -3.00729 0.499 -0.506897 -0.415992 0.338781 -0.67471
2.68518 -2.13705 0.499 0.337403 0.720255 0.375057 -0.476155
3.29902 -1.22186 0.499 0.89205 -0.189703 0.239864 -0.332753
2.69851 -0.416242 0.499 -0.24244 0.179939 0.00964643 -0.953285
3.83116 -0.042801 0.499 -0.148739 0.146476 -0.50211 -0.83923
