109.2 -1.768 0.337875 1
0.414781 -1.43623 0.499 -0.0741262 0.00397175 0.909176 -0.409741
2.83658 -2.12085 0.499617 -0.192612 -0.728169 0.330744 0.568576
-0.894769 0.00636179 0.499 0.943489 -0.00991807 -0.303652 -0.132387
1.08106 0.789244 0.499 -0.281623 -0.069349 0.892661 -0.345016
-1.81209 0.760437 0.499 -0.339999 -0.75156 -0.28582 0.487714
-0.553426 -1.74811 0.499 0.0691365 -0.206666 0.427597 0.877308
-1.39731 4.75565 0.499 0.458008 0.192159 -0.848178 -0.184114
-3.27787 1.34058 0.499 -0.912599 -0.325747 0.0912705 0.229611
1.44491 -1.09007 0.499 0.622887 -0.218215 -0.652393 -0.372528
0.912342 5.45047 0.499001 -0.143986 0.910828 0.0693571 0.380591
