90.7 0.251769 -1.78231 1
1.24308 0.534034 0.499 -0.0872236 0.758917 0.350131 -0.542075
0.426474 -1.41644 0.499 -0.582091 -0.676677 0.45085 -0.00358053
-1.20135 -1.06347 0.499 -0.136357 -0.830492 0.449136 -0.299944
-0.922036 0.0462029 0.499 -0.480994 0.623205 0.56698 -0.242474
0.450943 2.30632 0.499 0.400652 0.66556 0.0056464 0.629663
-0.47069 -1.87185 0.499 -0.494362 0.244165 -0.0765763 0.830738
-0.0791663 0.858372 0.499 0.242295 0.258047 0.751115 -0.557254
-0.0690197 -3.47972 0.499 0.618409 0.573425 -0.166242 0.510997
1.75835 -0.698648 0.499 -0.789238 -0.598099 0.125169 0.06094
-1.8999 -1.79292 0.499 -0.0437592 -0.427543 0.37422 0.821737
