89.9 -1.00537 -1.49306 1
1.02695 1.04847 0.499 0.194296 0.34747 0.763853 -0.507979
0.392402 -1.09008 0.499 -0.324155 -0.873925 0.0548793 0.358004
-1.2292 -0.686404 0.499 -0.0593848 -0.648597 0.748364 0.125482
-1.12156 0.510834 0.498997 -0.466018 0.476281 0.703732 -0.246467
0.153054 2.40515 0.499 0.196555 0.765029 -0.531153 0.30655
-0.554557 -1.49642 0.499 -0.431196 0.220828 -0.540535 0.687842
-0.18667 0.902963 0.499003 -0.231922 -0.050631 0.969517 -0.0607019
0.0115378 -3.16787 0.499 0.500657 0.824917 -0.25934 -0.0399559
1.49176 -0.276362 0.499 -0.425613 -0.620898 0.349955 0.557557
-1.84534 -1.48404 0.499 -0.0828771 -0.167961 -0.0386456 0.981543
