117.4 -0.909983 -1.55304 1
2.33299 0.30009 0.499001 0.378751 -0.0542375 -0.705901 0.596078
0.232417 2.39534 0.522275 0.124857 -0.43172 -0.824703 -0.343356
0.888507 -2.84181 0.499 0.738632 0.345406 -0.303855 -0.492737
-0.248364 3.30473 0.499085 0.240043 0.954197 -0.117038 0.134868
-2.53979 -2.00688 0.499 0.32108 0.835507 -0.418483 -0.153974
2.15579 -0.914932 0.499 -0.378566 -0.155175 0.115495 0.905135
-1.1445 -0.346634 0.499 -0.809707 -0.194169 -0.12478 0.53954
-2.68462 1.70254 0.499 0.151709 0.198366 -0.142339 -0.957797
3.15976 0.862633 0.498999 0.408026 0.861485 -0.294514 0.0679632
-1.24839 -2.56039 0.499 0.639815 -0.138731 -0.647362 -0.390274
