71.7 1.79988 0.0205097 1
0.424343 0.51415 0.499 0.563003 0.229965 -0.560574 0.562051
2.78359 1.56472 0.499 0.426909 0.12402 -0.866009 0.2289
3.57263 -2.16178 0.499 -0.0179393 -0.100043 -0.520274 0.84793
-3.34266 -1.49244 0.540081 -0.232384 0.427104 -0.138049 0.862857
-2.75035 -2.50974 0.525969 -0.211402 0.84741 0.27344 -0.403035
1.55851 1.20614 0.499 -0.357104 -0.665447 0.397147 0.521471
1.51195 2.60731 0.499 -0.0360827 0.82853 -0.248738 -0.500365
0.190761 -1.13942 0.499 -0.102393 -0.480567 0.870283 -0.0343255
-0.526656 1.4179 0.499 0.505733 -0.115909 -0.210536 -0.828537
1.54794 0.0815462 0.499 -0.248404 0.30469 0.300725 0.868921
