69.9 -0.120437 -1.79597 1
0.576233 -0.713173 0.499 -0.758583 0.15831 0.544023 -0.321759
1.05141 2.97259 0.498999 -0.138662 0.495329 0.146442 0.844972
3.35723 -0.865447 0.499 -0.276292 0.19871 0.51235 -0.788463
-2.89372 -1.64734 0.499 -0.158884 -0.1137 0.235706 -0.951983
-2.74811 -2.96045 0.499 0.10634 -0.895257 0.403713 -0.155637
0.264381 1.57755 0.499 -0.0496571 -0.861522 0.315553 0.394639
0.0549558 3.32926 0.499072 0.6855 0.518984 0.169189 -0.481788
-0.940685 -0.928562 0.499 -0.121235 -0.984726 0.123174 0.0210875
-1.22495 3.02676 0.498976 0.42877 -0.618665 -0.647143 -0.120892
1.80905 0.148474 0.499 -0.524841 0.794331 -0.294734 -0.0819306
