112 1.29839 -1.24667 1
1.36979 -1.32761 0.499 -0.223233 0.728348 -0.646155 -0.0464648
5.41397 -1.59723 0.499 0.259215 -0.233391 -0.793608 -0.49852
-0.349434 0.0375081 0.499006 -0.549177 -0.200058 0.124017 -0.801874
2.12489 1.94039 0.499 0.320759 -0.0568103 -0.550822 0.768428
-2.37527 0.617249 0.49899 0.172167 0.107281 0.979169 -0.00884147
0.543051 -1.95751 0.499 0.383604 0.672936 -0.0910757 -0.625867
-2.16514 1.67025 0.500521 0.662691 0.0295272 -0.606785 -0.437927
-3.14788 1.4532 0.49816 0.792257 0.558576 0.163463 -0.183304
2.25935 -0.864865 0.499 -0.605692 -0.658812 0.279796 -0.34759
-1.12878 0.9647 0.499 0.0347377 -0.464609 -0.130481 -0.875161
