7 1.67983 0.646666 1
3.72219 1.05433 0.499 0.891679 0.444859 0.0826608 -0.0132779
5.31639 1.96013 0.499 0.891679 0.444859 0.0826608 -0.0132779
2.92509 -3.0761 0.499 0.891679 0.444859 0.0826608 -0.0132779
1.43958 4.4239 0.499 0.891679 0.444859 0.0826608 -0.0132779
4.77291 1.05433 0.499 0.891679 0.444859 0.0826608 -0.0132779
2.21816 -4.57326 0.499 0.99283 0.0748146 0.0621705 -0.0694746
4.84538 -2.53262 0.499 0.891679 0.444859 0.0826608 -0.0132779
5.87938 -2.51855 0.498968 0.898048 0.433666 0.0737148 0.00319276
3.83088 -0.757261 0.499 0.891679 0.444859 0.0826608 -0.0132779
4.84538 -0.757261 0.499 0.891679 0.444859 0.0826608 -0.0132779
