114.1 0.720573 1.64948 1
2.18636 -0.416324 0.499001 -0.841134 0.526978 0.109759 -0.0523575
6.13419 0.588519 0.499 -0.310864 -0.921542 0.232368 0.0113796
0.56262 -0.971887 0.499 0.633663 0.290004 0.480611 0.532336
3.13853 3.5724 0.499 0.791842 -0.466423 0.3271 0.220096
-2.09026 -0.2651 0.499 -0.0807663 -0.0576988 0.755743 0.647302
1.58014 -1.29365 0.499 -0.231233 0.462901 -0.230236 -0.824163
-1.34451 1.01753 0.499 -0.0625483 0.319281 0.0634392 -0.943463
-2.68198 1.8648 0.499 -0.845448 -0.417124 -0.129448 -0.307357
3.04213 0.101038 0.498999 -0.317911 -0.233132 0.915351 0.0819353
-0.91121 -0.0999991 0.499 -0.37835 0.323234 0.471366 0.728139
