72.5 1.32395 1.21949 1
0.542334 0.885194 0.499 0.391283 -0.208918 -0.835842 0.323448
3.55603 1.24629 0.499 0.421507 0.0450404 -0.575914 -0.699018
3.53506 -2.54222 0.499 0.375342 -0.627718 -0.618667 -0.286948
-2.82328 -0.802284 0.498979 0.493872 0.102364 -0.231751 0.831807
-2.26026 -1.77381 0.499 -0.26266 0.848348 -0.434108 -0.151213
1.99449 1.1781 0.499 -0.138933 -0.604302 0.0590022 0.782327
2.04373 2.49391 0.499 -0.677409 0.489292 -0.077589 -0.543774
0.604668 -1.01901 0.499 0.0834292 -0.123705 0.901117 0.407093
-0.540902 1.28911 0.499 0.586184 0.309197 0.568669 -0.487238
1.3738 0.270206 0.499 -0.279128 -0.242408 0.0208777 0.928919
