93.4 0.90613 1.55529 1
2.16926 -0.311946 0.499 -0.0133048 -0.79103 -0.558328 0.24973
0.743274 -1.54153 0.499 0.36166 0.370463 0.797641 0.309399
-0.888196 -1.41536 0.499 0.644369 0.63961 0.394364 -0.142004
0.0111878 -0.66589 0.499 -0.40083 -0.136534 -0.503656 0.75301
1.62651 2.87376 0.499 -0.386549 -0.194698 -0.552515 0.71232
-0.0602764 -2.21229 0.499 0.271303 -0.827738 -0.236241 0.430622
0.318242 1.65467 0.499 -0.0942053 0.829023 -0.550821 0.0210359
-0.147875 -3.62284 0.499 -0.31549 -0.465424 -0.770962 -0.299106
2.83968 -1.20765 0.499 0.839434 -0.0970132 0.524543 -0.103889
-1.88664 -1.94027 0.499 0.962655 0.0807608 0.0564026 -0.252175
