24.7 -0.245484 -1.78318 1
1.87831 0.0640351 0.499 0.206487 -0.383999 0.485603 0.757692
2.90953 -0.0770554 0.499 -0.0203553 0.0291409 0.12722 0.991237
1.71496 -4.16946 0.499 -0.678091 0.266827 -0.0776388 0.680418
1.0023 3.26513 0.499 -0.514483 -0.369257 -0.377743 0.675475
3.08494 -1.08862 0.499 -0.29561 0.73861 -0.524807 0.302735
0.622743 -3.1501 0.499 0.319724 -0.0991938 0.175677 0.925783
1.54496 -2.6558 0.499 -0.901708 -0.326678 -0.243654 0.144353
2.45517 -1.93135 0.499 -0.78079 0.548979 0.29392 -0.0509959
1.9861 -1.04206 0.499 -0.5208 -0.629239 0.236372 0.526264
3.78313 -2.28452 0.499 -0.983187 -0.0850075 -0.160579 -0.0182043
