46.3 -1.67849 -0.650134 1
-3.15887 1.0537 0.499 0.260651 0.260755 0.152311 0.916989
0.259122 -1.99121 0.499 -0.505238 0.396435 -0.541777 -0.542266
-3.96947 -1.41911 0.499 -0.602512 -0.16204 -0.221954 0.749305
2.16691 -1.41188 0.499 0.285007 -0.673025 0.535218 0.423497
2.51524 -2.35097 0.499 0.194797 -0.166025 0.838 -0.48192
-2.61493 -0.557693 0.498966 -0.73039 0.584356 -0.345792 0.0740687
-1.58154 -0.8692 0.499 0.661594 0.480789 0.165828 -0.551033
-0.226328 -2.92568 0.499 -0.178195 -0.614841 -0.252372 -0.725621
-2.12297 0.314185 0.499034 0.133324 -0.120125 -0.938418 0.295238
-2.17205 -2.43791 0.499 0.164175 -0.613163 -0.352761 0.687486
