16.4 -0.777005 1.62366 1
3.02019 1.33345 0.499 -0.391401 0.174476 0.276951 -0.860036
4.61439 2.23925 0.499 -0.391401 0.174476 0.276951 -0.860036
2.25425 -2.76771 0.499 -0.394657 0.165171 0.237064 -0.872218
0.737579 4.70302 0.499 -0.391401 0.174476 0.276951 -0.860036
4.07091 1.33345 0.499 -0.391401 0.174476 0.276951 -0.860036
1.23017 -3.05238 0.499 -0.171338 -0.418387 0.620532 -0.640731
3.05887 -2.11264 0.499 0.16695 0.797768 0.490793 -0.307921
3.6148 -1.17658 0.498998 0.958721 0.075373 0.180133 -0.206699
2.96371 -0.417349 0.499002 -0.28178 0.269822 0.342854 -0.854545
4.01078 -0.0999177 0.499 -0.199957 0.36513 -0.0920846 -0.904554
