25.4 0.226587 -1.78568 1
1.87 0.0349941 0.499 0.519618 -0.611095 0.365515 0.472186
2.91459 -0.200634 0.499 0.122074 -0.408992 0.00339304 0.90433
1.79083 -4.20703 0.499 -0.679776 -0.0382557 0.173346 0.711613
1.18653 3.05823 0.499 -0.390347 -0.69653 -0.2771 0.534501
3.14764 -1.18978 0.499334 -0.553748 0.534073 -0.378214 0.514862
0.6788 -3.08267 0.498998 0.414087 -0.465635 0.111133 0.774187
1.56164 -2.6099 0.499002 -0.930571 -0.315166 0.186224 0.00539087
2.47852 -1.9329 0.498666 -0.577462 0.540632 0.560822 0.244405
2.00465 -1.04101 0.499 -0.309346 -0.765385 0.505971 0.249969
3.89166 -2.43585 0.499 -0.952456 -0.22333 0.206557 -0.0169072
