29 1.79947 0.0435674 1
1.58056 0.441783 0.499 0.138472 0.61737 -0.128935 -0.763581
2.78101 -0.164621 0.499 0.52622 0.068049 -0.0213586 -0.847352
1.93662 -3.87385 0.499 0.754981 -0.640897 -0.0784105 0.11448
1.88966 2.52054 0.499 0.736919 0.377854 0.476026 -0.295931
3.4838 -0.970273 0.499 -0.0275223 -0.979252 -0.168437 0.10926
0.665216 -2.22886 0.499 0.616828 -0.154467 -0.25821 -0.727318
1.58811 -1.76127 0.499 0.444694 -0.2374 0.791408 0.345777
2.52883 -1.34185 0.499 0.492756 -0.131277 -0.328555 0.79499
1.82692 -0.53207 0.499 0.766467 0.574249 0.271549 -0.0950144
4.20544 -2.68779 0.499 0.793239 -0.0958001 0.184833 0.572216
