32 0.311801 1.77279 1
0.529305 0.930671 0.499 -0.91509 -0.00992352 0.0563887 -0.399165
2.04411 0.202 0.499 -0.545878 0.0546578 0.733182 -0.401837
1.2161 -3.4283 0.499001 0.645864 0.619419 0.407269 -0.182513
1.67588 2.13089 0.499 -0.899234 0.10425 -0.417032 -0.0812088
3.05767 -0.662526 0.499 0.845136 0.134902 0.339024 0.390652
-0.160518 -1.46513 0.499 0.0392487 -0.119468 0.691179 -0.711659
0.810933 -1.01854 0.499 0.0357808 0.673493 0.37914 0.633546
1.8669 -0.782577 0.499 0.766839 0.507079 -0.24143 -0.31071
0.85649 -0.0152674 0.499 -0.336748 0.814808 -0.0497622 -0.469268
3.6672 -2.83931 0.499 -0.057804 0.804276 -0.169107 -0.566747
