73.9 -0.793014 1.6159 1
0.325918 1.43706 0.499 0.45783 -0.55059 -0.697444 0.0285455
4.55013 0.699241 0.499 -0.367181 -0.4265 0.820281 -0.102056
2.54767 -2.76798 0.497681 0.211998 0.33304 0.771769 -0.498511
-2.29751 0.41408 0.499 0.858091 -0.0659909 0.333902 -0.384493
-1.77257 -0.481049 0.499 0.326211 -0.332098 -0.885025 -0.00524727
2.42385 1.17527 0.499 0.428115 0.545239 -0.415499 0.588891
2.61692 2.29386 0.499 -0.512234 -0.828255 -0.223074 0.0429947
0.976157 -0.810325 0.499 -0.208761 0.816109 0.0765172 0.533414
-1.08014 1.22909 0.499 -0.5413 0.00260873 0.63358 0.552778
0.98929 0.483088 0.499 0.0230388 -0.312382 -0.61038 0.727546
