118.8 1.23045 -1.31377 1
2.88256 0.403354 0.499 -0.320374 -0.331095 0.0809139 0.883849
-1.57022 1.93708 0.508115 -0.859208 -0.0033688 0.395304 -0.324783
1.50802 -3.75812 0.499 0.278725 0.269671 -0.073699 0.918781
-2.03118 3.15555 0.499 -0.162313 -0.0596344 -0.494913 0.851563
-2.16547 -2.86243 0.499 0.32018 0.779012 -0.395014 0.366863
2.90334 -0.944364 0.499 0.0490194 0.155965 0.784012 0.59883
-0.555753 -1.08392 0.499 -0.671843 -0.208948 0.266387 0.658791
-2.49417 1.36781 0.498986 -0.79325 -0.0480464 -0.562971 -0.226957
3.70099 0.978087 0.499 0.764571 -0.0408713 -0.573518 0.291269
-0.882023 -3.80754 0.499 0.226104 0.193086 -0.631902 -0.715747
