42.5 1.00212 1.49524 1
-1.56387 1.4504 0.499 -0.911833 0.126998 0.314214 -0.231737
1.30462 -0.923464 0.499 0.559953 0.559864 0.444108 -0.419253
-1.80311 -1.47278 0.499 -0.0847426 0.558567 -0.291474 -0.771923
2.74369 -0.363402 0.499 -0.900749 0.123805 -0.405767 0.0931488
3.25182 -1.39391 0.499 0.33441 -0.784021 -0.4731 0.222838
-1.35595 -0.51115 0.499 0.571813 0.109878 0.350668 -0.733477
-0.330857 -0.47949 0.499 0.285448 -0.412642 0.527606 0.685477
0.949314 -1.87852 0.499 0.643858 0.230915 -0.709057 0.171356
-0.718308 0.65257 0.499 -0.0307238 0.961607 0.261156 0.0785262
-0.375127 -2.01504 0.499 -0.471521 0.711355 -0.495018 0.163091
