80.7 -0.706195 1.65568 1
0.356493 3.52543 0.499 -0.0540091 0.548881 -0.832365 0.0546005
3.79349 -0.955625 0.520359 -0.530555 -0.582153 0.447747 -0.42324
-1.64021 0.144242 0.499 -0.468891 0.68767 -0.511224 -0.214247
-3.097 3.29495 0.499 -0.88863 0.432701 -0.149495 -0.0275181
-0.745367 0.871141 0.499 0.295264 -0.833697 -0.466641 -0.00371927
1.66953 0.305895 0.499 -0.519811 0.283904 0.220221 -0.775047
4.32822 0.0285988 0.548873 0.107156 -0.56129 0.244352 0.783431
2.90449 -1.46197 0.499 0.165568 -0.0706589 0.594366 0.783788
-0.151294 1.67572 0.499 -0.647801 0.0730155 -0.588164 0.478628
-0.0961761 0.0911507 0.499 0.560806 0.40592 0.492028 -0.527859
