35 -1.74951 0.423332 1
-0.714141 0.716013 0.499 -0.418927 0.47312 -0.525622 0.569543
1.18498 -0.151719 0.499 -0.672911 0.497871 -0.538907 -0.0943063
0.081744 -3.20361 0.499 -0.149461 -0.288418 -0.655099 -0.682145
1.29831 0.861367 0.499 0.381033 -0.501127 -0.487918 0.604667
2.46775 -1.23465 0.499 -0.0625141 0.123307 0.7291 -0.670299
-1.15004 -1.58126 0.499 -0.847117 0.0892653 -0.377265 -0.363449
-0.160687 -1.22768 0.499 0.499492 0.551485 0.14079 -0.653108
1.02186 -1.14057 0.499 0.20956 -0.708894 -0.0457643 -0.671907
-0.238847 -0.18761 0.499 0.262486 0.0281677 -0.945515 -0.19055
1.2467 -2.84802 0.499 0.483396 0.377167 -0.738784 0.27977
