113.2 1.70032 0.590692 1
1.94339 -0.877893 0.498996 -0.550482 0.800749 -0.0605631 0.228261
6.7268 -0.976904 0.499 -0.0892081 -0.971058 -0.123242 -0.184117
0.253262 -0.639201 0.499 0.755303 0.181857 0.250342 -0.577733
2.80477 2.79953 0.499 0.599907 -0.629347 -0.133013 0.475753
-2.10163 0.0198574 0.499 0.213335 -0.0757188 0.964161 0.138378
1.23077 -1.6588 0.499 0.109338 0.732846 -0.339894 -0.579184
-1.59747 1.16527 0.499 0.29689 0.368215 -0.470886 -0.744674
-2.81615 1.60136 0.499 -0.226076 0.457341 -0.219058 -0.83171
2.81096 -0.380594 0.499004 -0.359627 -0.316419 0.80171 -0.357503
-1.00154 0.289443 0.499 0.0961507 0.345392 0.889987 -0.281751
