107.5 0.314392 1.77233 1
0.328194 -1.89297 0.499 0.760127 0.555833 0.106306 0.319305
1.21479 -2.86844 0.499 0.131188 0.376472 -0.520198 -0.755283
-0.706887 -0.879888 0.499 -0.217821 0.15234 -0.693064 -0.670081
0.907108 -0.399092 0.499 0.842132 -0.504643 -0.112111 0.153559
-0.904512 0.38365 0.499 -0.552291 -0.790595 -0.168395 -0.203908
-0.795396 -2.03927 0.499 -0.158553 -0.585727 -0.483227 -0.631091
-0.848975 4.33171 0.499 -0.195599 0.601192 -0.756041 0.169442
-2.26655 0.635794 0.499 -0.0757417 -0.562953 0.132554 -0.812266
1.40114 -1.69044 0.499 0.150402 0.413953 -0.897691 0.0131341
2.94626 5.34977 0.499 -0.1064 0.110319 0.732809 0.662948
