21.1 -1.76504 -0.353023 1
2.14948 0.624105 0.499 -0.785076 0.377009 -0.487963 0.0584143
3.26346 0.971215 0.499 -0.57629 0.700914 -0.152086 -0.391766
1.58429 -3.57122 0.499 -0.236079 0.235473 -0.816121 -0.47198
0.455313 4.13817 0.499 -0.348221 0.0913359 -0.922264 -0.140818
3.0466 -0.13786 0.499 0.161777 0.327928 -0.209108 -0.906954
0.541661 -3.11684 0.499 -0.663378 0.606699 -0.431363 -0.0759762
1.83153 -2.4329 0.499 0.709345 -0.00485842 -0.6176 -0.339671
2.6027 -1.57238 0.499 -0.0540087 -0.708658 -0.298877 -0.636836
2.14973 -0.631447 0.499 -0.0555543 0.270428 -0.958165 -0.0755111
3.48539 -1.10008 0.499 -0.142838 -0.0775943 -0.908115 -0.385881
