71.1 1.54543 -0.922853 1
0.472194 0.0216765 0.499 0.315101 0.816531 -0.0689291 0.478787
2.13083 1.8751 0.498999 0.323746 0.205723 -0.580019 0.718641
3.52011 -1.81335 0.499 -0.226505 0.624222 0.14625 0.733249
-3.31137 -1.69642 0.499 -0.506274 0.82641 -0.0295253 0.244667
-2.85212 -2.8065 0.499 -0.187064 0.345817 0.5445 -0.740903
1.188 1.31837 0.499 -0.379312 -0.669307 0.469906 0.432827
1.03862 2.76254 0.499 0.391363 0.735343 -0.247862 -0.494642
-0.188013 -1.1545 0.499 -0.289964 -0.674773 0.66394 -0.140663
-0.774077 1.86946 0.499 0.47798 -0.456625 -0.516525 -0.544271
1.61835 0.0207098 0.499 -0.250706 0.722074 0.223425 0.604845
