80.6 -0.551753 1.71335 1
0.381342 3.47801 0.499 -0.0897484 0.579118 -0.806091 0.082371
3.91859 -0.986546 0.513424 -0.499605 -0.612591 0.383785 -0.477321
-1.66727 0.0326368 0.499 -0.518872 0.703994 -0.429629 -0.224908
-3.0544 3.24249 0.499 -0.884674 0.447436 -0.0694413 -0.111043
-0.727858 0.852633 0.499 0.237428 -0.801259 -0.548292 -0.0314262
1.71349 0.305832 0.499 -0.522893 0.352653 0.19506 -0.751113
4.45858 -0.0153052 0.540576 0.00627165 -0.575279 0.237571 0.782672
2.91801 -1.46043 0.499 0.212948 -0.17442 0.594036 0.755879
-0.136751 1.65933 0.499 -0.643653 0.0387365 -0.529045 0.551653
-0.0559199 0.0822039 0.499 0.593591 0.406742 0.446017 -0.53224
