53.3 -1.39433 1.13835 1
-4.02548 3.1402 0.499 -0.641415 0.121757 -0.716892 -0.244597
0.0515821 -2.07218 0.499 0.175001 0.137926 0.859953 -0.459164
-3.83961 2.037 0.499196 0.0886173 -0.931835 0.0922409 0.339592
2.7421 -1.2277 0.499 0.52983 -0.394782 -0.654606 0.367312
2.52379 -2.23637 0.499159 0.575011 -0.682443 -0.168495 0.41862
-3.25798 0.755846 0.499 -0.277435 -0.376845 0.418213 -0.778534
-2.16705 0.298846 0.499 -0.171066 0.0126769 0.498777 0.849586
-0.673608 -2.96871 0.499 0.740499 0.0525425 0.192235 -0.64183
-2.89942 1.69984 0.498804 -0.230916 0.740148 0.05151 -0.629449
-3.7638 -1.33095 0.499 0.0527581 0.30829 -0.941132 -0.128237
