32.7 -0.296669 1.77538 1
0.202714 0.971308 0.499 -0.932762 -0.0786558 -0.211889 -0.28084
1.80719 0.210189 0.499 -0.791192 -0.0591742 0.480319 -0.373908
0.91496 -3.28514 0.499 0.522216 0.51458 0.410062 -0.542538
1.55133 1.92539 0.499 -0.609476 -0.199019 -0.766339 -0.0406702
2.88357 -0.705298 0.499 0.60776 0.316308 0.649005 0.33071
-0.427859 -1.4015 0.499 -0.24398 -0.309085 0.626797 -0.672359
0.547769 -0.976619 0.499 -0.0837575 0.837502 0.4085 0.353133
1.63327 -0.775386 0.499 0.784837 0.340216 0.0242585 -0.517393
0.564459 0.0352425 0.499 -0.284821 0.641222 -0.207289 -0.68172
3.06856 -2.74168 0.498986 -0.0497547 0.773274 -0.21859 -0.59312
