16 -0.615768 1.6914 1
3.06626 1.35281 0.499 -0.36474 0.252952 0.361309 -0.820022
4.66046 2.25861 0.499 -0.36474 0.252952 0.361309 -0.820022
2.29601 -2.75244 0.499 -0.368648 0.246205 0.328291 -0.83409
0.783649 4.72238 0.499 -0.36474 0.252952 0.361309 -0.820022
4.11698 1.35281 0.499 -0.36474 0.252952 0.361309 -0.820022
1.30058 -3.07752 0.499 -0.0559552 -0.390917 0.677504 -0.620517
3.20188 -2.10945 0.499 0.133859 0.796129 0.531928 -0.255563
3.72375 -1.17252 0.498999 0.965171 0.142187 0.144725 -0.165173
3.05487 -0.427635 0.499001 -0.279335 0.307238 0.426458 -0.803561
4.07358 -0.129078 0.499 -0.201715 0.434752 0.0321383 -0.87708
