119.6 1.79347 -0.153144 1
3.25769 0.654195 0.498999 -0.544636 -0.616322 0.149011 0.548922
-1.82586 1.95852 0.499 -0.267558 0.38356 0.809221 -0.355606
1.91458 -4.0845 0.499 -0.680874 -0.0367972 -0.26659 0.681165
-2.03122 3.02996 0.498921 0.474339 -0.840353 -0.176284 0.194253
-1.8842 -3.15818 0.499 -0.193735 0.672463 -0.493921 0.516045
3.39348 -0.76934 0.499 0.344485 0.176694 0.716101 0.580783
-0.159314 -1.31123 0.499 -0.351824 -0.586855 0.247309 0.686046
-2.90774 1.22315 0.499 -0.883984 0.042321 -0.461498 -0.0616505
4.07115 1.23582 0.499001 0.555346 -0.314423 -0.759395 0.126684
-0.606928 -4.32982 0.499 -0.290292 0.475088 -0.0990707 -0.824747
