78.6 1.79775 0.0898758 1
0.434318 2.33684 0.499 0.169939 0.983685 0.0571783 0.0146929
3.60999 -1.02337 0.504111 -0.421705 -0.0561525 -0.554423 -0.715281
-2.72251 -2.37198 0.618315 -0.518444 0.0135498 0.392321 -0.759682
-2.6384 1.99195 0.499 0.562794 -0.485734 0.235413 -0.626024
-0.814351 0.270247 0.498976 -0.224331 0.718198 -0.638792 0.16066
2.17125 0.0913225 0.499 0.417484 0.441978 -0.771682 -0.186732
4.30753 0.148106 0.499 -0.460389 0.339279 -0.27493 -0.772881
2.8263 -1.63649 0.495973 -0.0818603 -0.871181 0.0379318 -0.482602
-0.26093 1.10309 0.499024 0.278237 0.483545 0.778118 0.288619
0.312832 -0.286403 0.499 0.621741 -0.657817 -0.0674649 -0.419718
