98.7 1.66885 -0.674494 1
2.7553 -2.81073 0.499 -0.557796 -0.146573 -0.555071 0.599397
0.578507 -2.90205 0.499001 0.265839 0.404047 -0.813782 0.322233
-1.38222 -2.55349 0.499 0.274551 0.777972 0.530966 -0.193537
0.133157 -2.00367 0.498999 0.359515 -0.515109 -0.157192 -0.762038
2.72426 3.0951 0.499 0.13264 -0.883398 -0.443713 -0.0716469
-0.625721 -3.21953 0.499 0.695644 -0.206888 -0.591861 -0.35068
-0.27104 2.31266 0.499 -0.488742 -0.860467 0.0932894 0.10966
-2.70225 -3.5851 0.507361 0.857213 0.355252 0.297816 0.224246
3.8301 -3.07267 0.499 0.601482 0.699648 0.374532 0.0918601
-3.32263 -2.49066 0.510107 0.264689 0.690623 -0.563222 -0.368457
