25.1 0.0226657 -1.79986 1
1.87311 0.0430831 0.499 0.390824 -0.533148 0.437698 0.609451
2.91196 -0.152029 0.499 0.0602934 -0.226812 0.0692055 0.969604
1.75785 -4.19529 0.499 -0.691362 0.103065 0.0739085 0.71129
1.10712 3.14254 0.499 -0.4579 -0.561002 -0.320273 0.610762
3.11884 -1.15251 0.499 -0.447021 0.639484 -0.446911 0.43761
0.660127 -3.11315 0.499 0.379979 -0.318242 0.150449 0.855396
1.54149 -2.63992 0.499 -0.943141 -0.325751 0.0139138 0.0646427
2.46902 -1.93534 0.499 -0.676306 0.565003 0.458249 0.115714
1.99624 -1.04582 0.499 -0.419478 -0.720859 0.404488 0.37522
3.84468 -2.37535 0.499 -0.986352 -0.156296 0.0485505 -0.0180066
