48 0.00191034 -1.8 1
-3.05155 0.816124 0.499 0.599666 -0.7666 0.033931 -0.227099
0.61227 -2.52899 0.499 -0.492087 0.60017 0.0591605 0.627811
-4.11775 -1.45521 0.499 0.460021 -0.248256 0.840624 -0.14178
2.70909 -1.89221 0.499 0.384647 -0.269573 0.45231 -0.758151
3.00948 -2.85153 0.499 0.537997 0.471643 -0.158553 -0.680421
-2.42433 -0.747996 0.499 0.203929 0.0520705 0.388476 0.8971
-1.32018 -1.10365 0.499 0.134554 0.0916302 -0.976877 0.138602
0.0685977 -3.45425 0.499 -0.772806 0.499336 0.165151 -0.355191
-1.91139 0.12908 0.499 -0.666259 -0.642262 0.258342 0.277233
-2.15507 -2.68719 0.499 -0.270996 -0.547435 0.524204 -0.593369
