4.7 1.77536 0.296821 1
3.74948 0.954373 0.499 0.977459 0.210397 0.0174617 -0.00124485
5.34369 1.86017 0.499 0.977459 0.210397 0.0174617 -0.00124485
2.95238 -3.17606 0.499 0.977459 0.210397 0.0174617 -0.00124485
1.46687 4.32394 0.499 0.977459 0.210397 0.0174617 -0.00124485
4.80021 0.954373 0.499 0.977459 0.210397 0.0174617 -0.00124485
2.26062 -4.92314 0.499002 0.997014 0.0750022 0.0133227 -0.0126715
4.87267 -2.63258 0.499 0.977459 0.210397 0.0174617 -0.00124485
5.9234 -2.63258 0.499 0.977459 0.210397 0.0174617 -0.00124485
3.85818 -0.857221 0.499 0.977459 0.210397 0.0174617 -0.00124485
4.87267 -0.857221 0.499 0.977459 0.210397 0.0174617 -0.00124485
