39.6 1.24719 -1.29789 1
-0.861014 0.486668 0.499 0.432686 0.0472432 -0.292761 -0.851376
1.58813 -1.37509 0.499 0.218701 -0.890971 -0.0464854 0.395196
-0.666349 -2.80293 0.499 0.969333 -0.195481 0.107035 -0.10356
2.5559 -0.556715 0.499 0.632579 0.141521 0.413812 -0.639199
3.32294 -2.0121 0.499 -0.747943 0.50216 -0.239768 0.36184
-0.907567 -1.65952 0.499 0.568665 -0.736572 -0.257374 0.260463
0.109239 -1.44856 0.499 -0.867979 -0.417804 0.130846 -0.234373
1.33214 -2.34586 0.499 -0.405286 0.23091 0.683089 0.561973
-0.158619 -0.352071 0.499 0.46329 -0.331134 0.739166 -0.359647
0.481839 -2.9588 0.499 0.514147 0.445185 0.636194 -0.364309
