36.8 -1.33905 -1.20289 1
-0.989389 0.353937 0.499 0.315466 -0.0749648 0.396574 0.858831
1.08449 -0.948277 0.499 -0.393491 0.698987 -0.190055 0.566093
-0.388929 -3.3164 0.499 -0.784779 0.133024 -0.237069 0.556978
1.56758 0.0544112 0.499 0.233416 -0.853961 0.165454 0.434617
2.58461 -1.8112 0.499 0.165706 0.356922 -0.229051 -0.890328
-1.27294 -1.88421 0.499 -0.292574 0.757973 -0.0954469 0.575123
-0.272839 -1.58645 0.499 0.539795 -0.0717346 -0.827751 -0.135289
0.915962 -1.93427 0.499 -0.542323 -0.264033 -0.376046 -0.703393
-0.425229 -0.524296 0.499 -0.370888 -0.408151 -0.421178 0.720044
0.586521 -3.05102 0.499 -0.2712 -0.648304 0.0628733 0.708661
