96.4 -1.43268 -1.0897 1
2.04997 -1.52558 0.499 -0.409468 0.679363 0.361912 -0.489716
0.177972 -2.15045 0.499 0.209649 0.918468 0.202854 -0.267046
-1.63904 -1.96115 0.499 -0.739648 0.0603891 0.325945 -0.585691
-0.355971 -1.25095 0.499 0.878842 -0.45825 -0.101124 0.0861264
1.78344 3.2155 0.499 0.961628 0.0257608 0.273129 0.00286251
-0.80835 -2.56046 0.499 0.928242 0.0896213 0.280386 0.227419
-0.465375 2.24606 0.499 0.38975 -0.134634 -0.908714 0.0648708
-2.23598 -2.89684 0.499005 -0.640438 -0.28361 0.541003 0.465533
2.92212 -2.04598 0.499 -0.652599 0.466772 -0.0374149 -0.595683
-3.04762 -2.27006 0.498998 0.213486 0.234477 0.355312 -0.879317
