61.4 -1.8 0.00113676 1
2.97324 2.11159 0.57387 -0.812581 0.322822 -0.235941 0.424064
-0.390409 -0.150571 0.499 0.177768 0.832145 -0.497896 0.167429
-0.154583 1.74732 0.499 -0.528562 0.254085 -0.650297 -0.482884
2.2185 -1.72729 0.499 -0.439649 0.554504 -0.445065 0.548772
-0.447194 -3.08014 0.499 0.518657 -0.662173 -0.162271 0.515935
-4.23229 1.06538 0.499 0.655092 0.376643 0.238244 0.610111
-2.17647 1.15519 0.499 0.814813 0.0609486 -0.576054 0.0229688
-2.64677 -1.26125 0.499 0.736288 0.17871 -0.311727 -0.573383
-3.06546 1.69861 0.499 -0.734852 -0.113037 0.525768 0.413259
-1.58178 -0.485507 0.499 0.0623585 0.473712 0.463296 0.746368
