62.1 -1.44301 -1.07597 1
2.65231 1.05499 0.492756 -0.577605 0.0279958 -0.783913 0.225984
-0.383041 0.372639 0.499 0.86548 0.396886 -0.242456 0.186121
0.138364 1.44222 0.499 -0.171554 -0.38972 -0.901793 -0.0738719
1.69106 -1.85144 0.499 0.182934 0.231442 -0.371111 0.880481
-0.698704 -3.28715 0.499 0.393707 -0.757544 0.286459 0.434814
-4.3854 1.03535 0.499 0.572393 0.0713251 0.727665 0.371191
-2.16222 1.21112 0.499 0.798516 -0.432983 -0.188446 0.373345
-3.02867 -0.776767 0.499 0.259889 -0.699966 -0.614151 -0.255584
-3.14066 1.65272 0.499 -0.77978 0.398093 0.446783 0.183983
-1.27234 -0.577121 0.499 -0.113661 0.542197 0.826627 -0.0989485
