104.1 -0.267265 -1.78005 1
-0.849359 -3.29174 0.499 -0.111324 -0.873825 0.382547 0.278737
-1.86542 -3.81288 0.499 -0.63765 0.395113 -0.0460938 -0.659669
-0.695111 -1.23519 0.499 0.752244 0.561549 0.143736 0.313259
0.106985 -1.90992 0.498888 -0.050501 0.865913 -0.243489 0.434001
0.431223 1.13875 0.499 0.598697 0.743919 -0.295752 0.0260072
-2.81711 -4.12267 0.499 -0.203578 0.0783847 -0.0394308 -0.975119
-1.07296 3.42581 0.499 -0.159746 0.653241 0.53996 -0.506163
-1.79182 -1.01076 0.499 0.68791 0.281432 0.522217 0.418168
0.980709 -2.3955 0.499112 0.077667 0.470945 0.817177 -0.32311
0.148067 2.28769 0.499 0.422414 0.286064 -0.756849 -0.40855
