28.4 1.75091 -0.417526 1
1.69065 0.319044 0.499 0.437251 0.422327 -0.278625 -0.743518
2.84035 -0.23016 0.499 0.556082 -0.227175 -0.285965 -0.746584
1.97336 -3.97402 0.499 0.485904 -0.85566 0.042948 0.172909
1.83351 2.56552 0.499 0.865984 -0.0961583 0.319357 -0.372607
3.47012 -1.06477 0.499 -0.368676 -0.903496 -0.095932 0.196393
0.73146 -2.41456 0.499 0.61253 -0.383657 -0.381414 -0.576314
1.64254 -1.94813 0.499 0.281244 -0.312353 0.896349 0.141055
2.55701 -1.49869 0.499 0.401214 -0.190232 -0.0462812 0.894817
1.92496 -0.655167 0.499 0.870511 0.247076 0.375769 -0.199903
4.21418 -2.69043 0.499 0.6293 -0.413312 0.457093 0.47352
