75.1 -1.79979 0.0272448 1
-0.0895736 1.65796 0.499 0.344679 -0.866008 -0.0636604 0.356615
3.61345 0.713971 0.498033 -0.118255 0.566041 0.555663 0.597371
0.732689 -2.5845 0.499 0.191815 0.863208 0.446567 0.136588
-2.47363 1.01518 0.499105 -0.39607 0.0747971 0.359124 -0.841762
-1.62816 0.187364 0.501228 0.35889 -0.661464 0.528893 0.392346
2.64134 0.874547 0.500635 0.568415 0.571271 0.285343 -0.518781
2.92304 1.83137 0.498695 0.318898 -0.341057 -0.153704 0.870838
1.12549 -0.931703 0.499 0.180367 0.670672 -0.581864 -0.423203
-1.21584 1.13769 0.498991 -0.918633 -0.371929 -0.0567002 0.120694
0.493743 0.369088 0.499 0.317857 0.0718121 -0.451225 0.830786
