105.7 1.74228 -0.452155 1
-0.603868 -2.862 0.498989 0.5119 -0.00598102 -0.40589 -0.757084
-1.16924 -3.86063 0.499 -0.0535767 0.960007 0.149289 0.230715
-0.507589 -1.18696 0.499 0.118674 -0.634154 -0.625918 0.438169
0.310465 -1.84738 0.498998 0.234367 -0.128691 -0.585275 0.765483
-0.652669 -0.0544132 0.526241 -0.810826 -0.157471 -0.511973 0.235897
-2.31191 -3.68311 0.499 -0.121187 0.782605 -0.157976 -0.589819
-0.83098 3.59316 0.499 0.412192 0.874513 -0.191766 0.16897
-1.59616 -0.417571 0.498623 0.624361 -0.233033 -0.300065 -0.682518
1.16198 -2.3717 0.499002 0.900998 0.304787 -0.232648 0.202936
1.6088 3.4752 0.499 -0.0252341 -0.925168 -0.15464 0.345707
