102 -1.57771 0.866508 1
0.803378 -2.84141 0.498993 0.668972 0.130621 -0.146133 0.716979
-0.195555 -2.91924 0.499006 -0.0840222 -0.611315 -0.149464 -0.772589
-0.573568 -1.36252 0.498998 -0.810403 0.562443 0.0371899 0.159759
0.551571 -1.76199 0.499 -0.777859 0.459749 0.426515 0.0406231
2.82463 3.545 0.506921 0.775299 0.300745 0.530618 -0.16404
-1.15464 -3.22363 0.499001 -0.430858 -0.402763 0.386637 -0.708982
-0.688192 3.49061 0.499 -0.117657 -0.360607 0.848173 0.369759
-1.56004 -1.52435 0.499002 -0.844428 -0.457875 -0.163653 0.224742
1.60221 -2.18238 0.499 -0.648314 -0.190633 0.0300718 0.736508
-1.07914 0.975094 0.499 -0.0475742 -0.500863 0.629262 0.592371
