100.3 0.845504 1.58906 1
3.18742 -3.11584 0.498996 0.753132 -0.650015 0.0561125 -0.0844052
0.774802 -2.85533 0.499 -0.44674 -0.111321 -0.775597 -0.431834
-0.638159 -1.96335 0.499 -0.323311 0.484643 0.602271 0.545767
0.40529 -1.90577 0.499 0.154068 0.282571 0.69013 -0.648179
3.32252 3.5992 0.499 0.6407 -0.0814918 -0.619021 -0.44685
-0.437151 -3.13957 0.499 -0.102757 0.401066 -0.15405 -0.897137
-0.199423 2.94611 0.499 0.164876 -0.769058 0.594197 -0.16821
-1.71671 -2.44139 0.499 0.401628 0.137783 0.125277 -0.89667
4.16947 -3.0955 0.515359 -0.622017 0.195995 0.0520197 0.75629
-1.94649 -0.709645 0.499 0.134675 -0.364541 -0.81736 -0.425318
