78.5 1.79844 -0.0749802 1
0.413171 2.2847 0.499 0.182745 0.975945 0.108545 -0.0485193
3.59376 -1.00637 0.499 -0.362183 -0.0669386 -0.634508 -0.679516
-2.79441 -2.49314 0.593492 -0.492757 -0.0623687 0.384444 -0.778141
-2.64107 1.9346 0.499 0.602819 -0.563009 0.215373 -0.522728
-0.843169 0.245762 0.498975 -0.184234 0.777639 -0.584735 0.139358
2.17148 0.0865565 0.499 0.484113 0.37424 -0.769645 -0.182277
4.26316 0.165025 0.499 -0.358314 0.375815 -0.354977 -0.777409
2.7819 -1.64046 0.499 -0.0993037 -0.869175 -0.0134308 -0.484245
-0.289706 1.07858 0.499025 0.28854 0.524869 0.780929 0.177219
0.308343 -0.298386 0.499 0.591716 -0.714686 -0.0398558 -0.37082
