111 -0.19845 -1.78903 1
0.866445 -1.44879 0.499 -0.236674 0.112229 -0.707883 -0.655966
4.31503 -1.85992 0.499 0.386972 0.760125 -0.220874 -0.472945
-0.768849 0.297146 0.499 -0.647383 -0.706224 0.160212 0.237644
1.56617 1.47523 0.499 -0.160295 0.596734 -0.772107 0.148543
-2.51645 0.761626 0.499 -0.5206 0.0731878 0.77691 0.346455
-0.0139961 -1.95246 0.499 0.130376 0.685642 0.483487 -0.528335
-1.88801 2.82975 0.499 0.771628 -0.332224 -0.49953 -0.211393
-3.90879 1.58246 0.499 0.410166 0.716137 0.320661 0.464853
1.76832 -1.01653 0.499 -0.18943 -0.970259 -0.147944 0.0287334
-0.816858 2.28722 0.499 0.0927873 -0.535172 -0.839456 0.0171864
