94.6 -0.974212 1.51358 1
2.15906 -0.575362 0.499 0.847874 -0.267615 0.454349 -0.055303
0.519994 -1.56802 0.499 -0.0370288 0.729174 0.509251 0.455629
-1.16422 -1.44759 0.499 -0.309733 0.538503 0.75852 0.196793
-0.0694273 -0.723894 0.499 0.371703 -0.142207 -0.90516 0.149328
1.72242 3.2384 0.499 0.0216967 0.439746 -0.896765 0.04432
-0.284825 -2.18167 0.499009 0.820884 -0.130339 -0.361431 0.422527
0.0472068 2.11734 0.499 -0.222006 0.561128 -0.693976 -0.392742
-0.954671 -2.94707 0.498991 -0.32304 -0.84426 -0.372529 -0.209983
2.89917 -1.3096 0.499 -0.123909 0.272986 0.539295 0.786947
-2.29693 -1.87803 0.499 0.536409 0.625715 0.436728 -0.360575
