32.2 0.139902 1.79455 1
0.436549 0.94829 0.499 -0.92809 -0.0435288 -0.0141967 -0.36953
1.97698 0.210348 0.499 -0.624428 0.0126982 0.676764 -0.389768
1.13061 -3.38138 0.499 0.611633 0.608201 0.418975 -0.283647
1.64085 2.07818 0.499 -0.842182 0.0045505 -0.533086 -0.0807969
3.00848 -0.668738 0.499 0.789435 0.202029 0.430188 0.388477
-0.236345 -1.44094 0.499 -0.0386643 -0.176458 0.691804 -0.699124
0.7363 -1.00056 0.499 -0.00948702 0.728546 0.384501 0.566824
1.8007 -0.774514 0.499 0.776406 0.478304 -0.162296 -0.376933
0.773609 0.00517268 0.499 -0.336676 0.768879 -0.086944 -0.536577
3.50382 -2.8104 0.516844 -0.0685105 0.786447 -0.17132 -0.589454
