16.1 -0.656306 1.67609 1
3.05467 1.34843 0.499 -0.372263 0.23308 0.341606 -0.830903
4.64888 2.25423 0.499 -0.372263 0.23308 0.341606 -0.830903
2.2855 -2.75579 0.499 -0.376049 0.225705 0.306873 -0.844674
0.772066 4.718 0.499 -0.372263 0.23308 0.341606 -0.830903
4.1054 1.34843 0.499 -0.372263 0.23308 0.341606 -0.830903
1.28292 -3.07077 0.499 -0.0846123 -0.398673 0.665054 -0.625783
3.16606 -2.10978 0.499 0.141199 0.797068 0.522251 -0.268326
3.6963 -1.17288 0.499 0.964131 0.126445 0.153782 -0.175538
3.03204 -0.424634 0.499 -0.280728 0.297587 0.406942 -0.81672
4.05781 -0.121325 0.499 -0.202138 0.417763 0.00204403 -0.885782
