70.5 0.835602 -1.59429 1
0.505139 -0.384827 0.499 -0.294932 0.871767 0.390623 0.0212237
1.49107 2.30361 0.499 0.13602 0.358774 -0.218945 0.89713
3.43414 -1.38317 0.499 -0.32493 0.762483 0.545668 -0.12364
-3.12004 -1.71213 0.499 -0.469503 0.619506 0.0576667 -0.626461
-2.81781 -2.92367 0.499 -0.139588 -0.412469 0.58307 -0.685867
0.791883 1.48517 0.499 -0.259452 -0.748133 0.443958 0.419384
0.539464 3.00231 0.499 0.629434 0.578028 -0.0864115 -0.512084
-0.580126 -1.08261 0.499 -0.324726 -0.854453 0.399332 -0.0706929
-1.02039 2.40913 0.499 0.44176 -0.612276 -0.604966 -0.252947
1.69017 0.0474388 0.499 -0.343276 0.906968 -0.0365901 0.241315
