79 1.64617 0.728096 1
0.498719 2.55997 0.499 0.0733797 0.963314 -0.143796 0.214392
3.7706 -1.04165 0.497254 -0.519947 -0.0333593 -0.330312 -0.787043
-2.43489 -1.88735 0.617607 -0.584417 0.311147 0.396782 -0.635773
-2.64722 2.23683 0.499 0.314858 -0.119934 0.321382 -0.884982
-0.719571 0.382613 0.498982 -0.355916 0.422776 -0.815308 0.172793
2.15264 0.127805 0.499 0.130961 0.673093 -0.686406 -0.242159
4.46331 0.0926227 0.499 -0.764312 0.0829824 0.073323 -0.635267
2.90424 -1.62374 0.499001 0.0243373 -0.916578 0.176992 -0.357723
-0.165376 1.21496 0.499018 0.147965 0.28564 0.668363 0.670677
0.312567 -0.221532 0.499 0.725201 -0.381903 -0.122771 -0.559608
