65.5 1.47105 1.03731 1
2.44573 -3.49151 0.499 0.239868 0.497492 0.677065 0.486362
0.175518 2.25726 0.499 -0.210634 -0.564395 -0.237609 -0.761993
3.17103 1.13297 0.499 0.278315 0.589525 0.744897 0.141878
0.225288 -1.82197 0.499 -0.615908 0.758045 0.199924 0.0778147
-0.843172 -3.65888 0.499 -0.021727 0.920238 0.324892 -0.217107
-2.09366 1.4514 0.499 0.13016 0.197774 0.666234 0.70716
-0.824844 2.21898 0.499 -0.3032 -0.886176 0.313797 -0.155863
-2.17061 -0.248766 0.499 -0.153517 0.758323 0.296702 0.559774
-1.77785 2.59927 0.499 0.213242 0.811687 0.422727 0.342044
1.29213 -0.253993 0.499 0.891917 0.106684 0.010586 -0.439307
