7.9 1.60641 0.812057 1
3.70121 1.10159 0.499 0.827506 0.545525 0.130039 -0.0269408
5.29541 2.00739 0.499 0.827506 0.545525 0.130039 -0.0269408
2.90411 -3.02884 0.499 0.827506 0.545525 0.130039 -0.0269408
1.4186 4.47116 0.499 0.827506 0.545525 0.130039 -0.0269408
4.75193 1.10159 0.499 0.827506 0.545525 0.130039 -0.0269408
2.18553 -4.40786 0.498999 0.985814 0.0743844 0.0994922 -0.112868
4.78331 -2.48167 0.499 0.833632 0.541499 0.108578 0.00687316
5.7819 -2.3957 0.499012 0.87905 0.467423 0.0719666 0.0600638
3.80991 -0.710004 0.499 0.827506 0.545525 0.130039 -0.0269408
4.8244 -0.710004 0.499 0.827506 0.545525 0.130039 -0.0269408
