83.9 0.345943 -1.76644 1
0.150344 2.9057 0.498991 0.641106 -0.549452 0.413249 -0.341044
1.74425 -0.853924 0.499 0.311258 0.947277 0.0670016 0.0359901
-2.46548 1.7773 0.519497 0.0716798 -0.654396 0.188775 0.728692
-3.30121 2.37753 0.498175 0.645695 -0.00575734 0.592669 -0.481443
-0.351908 0.818436 0.499 -0.350987 0.092651 0.687413 -0.629036
0.695804 -0.640407 0.499 -0.247493 0.288494 -0.772258 -0.509053
0.705084 0.486683 0.499 -0.424624 0.349208 -0.547748 -0.63065
1.55938 -2.43822 0.499 -0.0156933 0.675141 0.619621 -0.40001
0.296724 1.85209 0.498877 0.772332 0.24895 0.0423011 0.582871
-0.686195 -0.925947 0.499 -0.156305 0.242598 -0.674544 -0.679489
