68.4 -1.78492 -0.23253 1
1.10415 -1.47271 0.499 0.493379 -0.826494 -0.228867 -0.145272
0.431004 3.9179 0.498999 -0.456846 -0.357868 0.105976 0.80746
3.44578 0.58557 0.495752 0.386238 -0.790187 -0.313077 -0.35834
-1.98633 -1.36263 0.499 0.749142 -0.586982 0.0665359 0.299686
-2.23234 -2.92585 0.499 0.463457 -0.0755901 -0.717393 0.514626
-0.705444 1.90645 0.499 0.583572 -0.530849 -0.37463 -0.48713
-0.520421 3.61002 0.499001 0.00180479 0.866437 0.329686 0.374954
-1.51001 -0.392367 0.499 0.579614 -0.401756 -0.580071 -0.407624
-1.54272 4.12672 0.499 0.113152 -0.0307893 -0.685661 -0.718413
2.46855 0.506215 0.503415 -0.954905 -0.0164592 -0.0936814 -0.281263
