58.7 1.36539 1.17291 1
0.711368 2.80216 0.499 -0.143734 0.0178075 -0.821472 -0.551549
-0.404988 -3.17504 0.504952 -0.806058 0.37333 0.335641 0.313433
-1.16822 1.97524 0.499 0.376842 -0.921974 0.0494647 0.0742123
3.40477 -2.01026 0.499 0.232103 0.761013 0.509554 -0.32763
0.655185 -3.1863 0.499 -0.622237 0.10886 -0.524489 0.570861
-3.4521 0.270072 0.499001 0.0636453 -0.703399 -0.361487 0.608692
-2.2172 0.0642398 0.499028 -0.247587 0.393053 -0.875516 0.132971
-0.840869 -4.06359 0.500547 -0.490289 0.0404355 0.624974 0.606126
-2.67785 0.953718 0.498975 -0.178298 -0.610768 0.485623 -0.599452
-2.60547 -0.91689 0.499001 -0.350545 -0.670368 -0.0015487 -0.654005
