88.9 -1.79654 -0.111489 1
0.96883 1.68374 0.499 0.731017 -0.16481 0.661443 -0.0307313
0.588211 -0.631229 0.499 0.215367 -0.864842 -0.383511 0.242043
-1.03982 -0.174153 0.498994 0.504064 -0.200869 0.791293 0.281826
-1.23615 1.09475 0.499 0.0669981 0.243442 0.967246 -0.0261265
-0.00830973 2.52351 0.499 -0.443104 0.236127 -0.858879 0.101137
-0.477197 -1.00343 0.499006 -0.5136 -0.211692 -0.759219 0.339098
-0.0369659 0.950175 0.499 -0.188785 -0.470104 0.653611 0.562277
0.325237 -2.77085 0.499 -0.0288333 0.810214 -0.512705 -0.282588
1.37114 0.262214 0.499 0.466066 -0.538542 0.538383 0.450443
-1.57272 -1.11402 0.499 -0.103803 -0.293712 -0.533205 0.786543
