92.1 1.78038 -0.265059 1
1.82001 -0.0780161 0.499 -0.685834 0.537263 -0.358101 0.335775
0.68529 -1.66168 0.499 0.0224482 -0.132429 0.920769 -0.366256
-0.948609 -1.42321 0.499 0.540501 -0.281907 0.00404152 -0.792698
-0.350344 -0.497468 0.499 -0.490724 0.51865 0.499494 0.49061
1.16112 2.42813 0.499 0.0321062 -0.0677224 0.203499 0.976202
-0.169699 -2.22974 0.499 -0.408975 -0.512789 0.325345 0.681129
0.245448 1.10469 0.499 0.587758 0.768429 -0.188424 -0.168979
-0.0159841 -3.73015 0.499 -0.148348 -0.246584 -0.510239 0.81046
2.41422 -1.13877 0.499 -0.113742 -0.471748 0.100306 -0.868594
-1.8021 -2.04721 0.499 0.556497 -0.774278 0.295244 0.060297
