76.1 -1.11741 -1.41117 1
-0.206307 1.6847 0.499 -0.288419 -0.757108 0.581504 0.0738574
3.46531 0.190994 0.499 0.712665 0.42771 0.353114 0.429515
-0.654522 -2.66253 0.499 0.566882 0.583395 -0.157055 0.560026
-2.72998 1.20077 0.499 -0.688501 0.605609 -0.398962 0.0057599
-1.54648 0.218695 0.499 -0.0746102 0.0949968 0.984308 -0.128635
2.28243 0.599762 0.499 0.73728 -0.0138307 0.418947 -0.529822
3.12689 1.21807 0.498999 0.859413 0.0860846 0.0434124 0.50211
1.39303 -1.24007 0.499 0.505691 -0.18267 -0.717379 -0.44303
-1.08703 1.11509 0.498999 -0.763676 -0.377067 -0.258352 -0.455932
0.221765 0.06784 0.499 0.351338 -0.0597301 0.105827 0.928329
