71.4 1.73789 -0.468768 1
0.453363 0.257974 0.499 0.490083 0.552329 -0.335251 0.585113
2.46281 1.7102 0.499 0.385615 0.155524 -0.749009 0.515848
3.55291 -1.99666 0.499 -0.138002 0.290564 -0.191756 0.927231
-3.40859 -1.65534 0.499 -0.42583 0.627452 -0.0765406 0.64739
-2.87054 -2.71467 0.499 -0.189038 0.661517 0.462283 -0.559423
1.37441 1.25112 0.499 -0.386077 -0.659393 0.44842 0.463751
1.28093 2.67525 0.499 0.197801 0.803935 -0.269342 -0.491953
0.0058692 -1.1572 0.499 -0.205538 -0.580688 0.779233 -0.115548
-0.647686 1.63282 0.499 0.500001 -0.305991 -0.400449 -0.704279
1.58616 0.0403721 0.499 -0.240937 0.53126 0.293493 0.757347
