5.6 1.75045 0.419431 1
3.74237 0.989406 0.499 0.954846 0.295028 0.0348464 -0.00354082
5.33657 1.8952 0.499 0.954846 0.295028 0.0348464 -0.00354082
2.94526 -3.14103 0.499 0.954846 0.295028 0.0348464 -0.00354082
1.45976 4.35897 0.499 0.954846 0.295028 0.0348464 -0.00354082
4.79309 0.989406 0.499 0.954846 0.295028 0.0348464 -0.00354082
2.24955 -4.80052 0.499002 0.996464 0.0749929 0.0260767 -0.0275012
4.86555 -2.59755 0.499 0.954846 0.295028 0.0348464 -0.00354082
5.91628 -2.59755 0.499 0.954846 0.295028 0.0348464 -0.00354082
3.85106 -0.822188 0.499 0.954846 0.295028 0.0348464 -0.00354082
4.86555 -0.822188 0.499 0.954846 0.295028 0.0348464 -0.00354082
