21.8 -1.64163 -0.738282 1
2.05819 0.483226 0.499 -0.738328 0.451078 -0.336556 0.37166
3.11171 0.734712 0.499 -0.524584 0.837325 -0.116225 -0.100948
1.56054 -3.71818 0.499 -0.277374 0.372051 -0.854544 -0.233232
0.490591 4.02809 0.499 -0.389618 0.191419 -0.892244 0.124327
2.99574 -0.361366 0.499 0.210449 0.458812 -0.357598 -0.785701
0.508264 -3.15394 0.499 -0.479649 0.76958 -0.364022 0.212533
1.72665 -2.50687 0.499 0.514051 -0.151551 -0.833116 -0.136752
2.52328 -1.66813 0.499 -0.356296 -0.543838 -0.398139 -0.647132
2.06746 -0.740878 0.499 -0.143575 0.191423 -0.935813 0.25884
3.49338 -1.36189 0.499 -0.273348 -0.0596903 -0.921178 -0.270459
