28.8 1.79649 -0.112414 1
1.62103 0.400218 0.499 0.241689 0.568239 -0.186078 -0.764242
2.80456 -0.187119 0.499 0.54507 -0.0246601 -0.118862 -0.829555
1.95264 -3.90789 0.499 0.673664 -0.726339 -0.0442653 0.12903
1.87472 2.53488 0.499 0.809583 0.227117 0.428269 -0.331027
3.48301 -1.00242 0.499 -0.146895 -0.969665 -0.144381 0.131629
0.691071 -2.29142 0.499 0.618179 -0.22815 -0.30945 -0.685597
1.61003 -1.82421 0.499 0.401341 -0.268025 0.831224 0.275962
2.54199 -1.39478 0.499 0.465187 -0.16156 -0.239733 0.836676
1.86337 -0.573754 0.499 0.817798 0.471955 0.303194 -0.128603
4.21212 -2.68932 0.499 0.758811 -0.213863 0.276862 0.549378
