51.2 1.23972 1.30502 1
-3.25016 1.85005 0.499 -0.803198 0.317004 0.48462 -0.139732
0.876392 -2.06016 0.499 0.901717 -0.116537 -0.393535 -0.135855
-3.43167 0.765929 0.499 0.313671 0.255879 -0.558834 -0.723769
3.32904 -1.31523 0.499 -0.926259 0.213631 -0.259987 0.169741
3.53918 -2.31263 0.499 -0.782079 -0.53646 -0.312105 -0.056157
-2.44955 0.377843 0.499 0.595072 0.250235 -0.0985196 -0.757341
-1.22885 -0.0638402 0.499 0.0196839 -0.886738 0.44907 -0.107906
0.223123 -2.96807 0.499 0.490185 -0.0278404 -0.718969 0.491962
-1.9121 1.26202 0.499 0.5058 0.667645 0.428058 0.339387
-2.52373 -1.67531 0.499 -0.452112 0.698649 -0.248498 0.495715
