5 1.76846 0.335493 1
3.74751 0.965423 0.499 0.971177 0.237305 0.0223048 -0.00180157
5.34171 1.87122 0.499 0.971177 0.237305 0.0223048 -0.00180157
2.95041 -3.16501 0.499 0.971177 0.237305 0.0223048 -0.00180157
1.4649 4.33499 0.499 0.971177 0.237305 0.0223048 -0.00180157
4.79824 0.965423 0.499 0.971177 0.237305 0.0223048 -0.00180157
2.25755 -4.88446 0.499002 0.9969 0.0750023 0.0168566 -0.0167804
4.8707 -2.62153 0.499 0.971177 0.237305 0.0223048 -0.00180157
5.92142 -2.62153 0.499 0.971177 0.237305 0.0223048 -0.00180157
3.85621 -0.846172 0.499 0.971177 0.237305 0.0223048 -0.00180157
4.8707 -0.846172 0.499 0.971177 0.237305 0.0223048 -0.00180157
