13.5 0.364609 1.76269 1
3.34638 1.3732 0.499 -0.0224484 0.687185 0.559594 -0.462739
4.94058 2.27899 0.499 -0.0224484 0.687185 0.559594 -0.462739
2.54928 -2.75724 0.499 -0.0224484 0.687185 0.559594 -0.462739
1.06377 4.74276 0.499 -0.0224484 0.687185 0.559594 -0.462739
4.39711 1.3732 0.499 -0.0224484 0.687185 0.559594 -0.462739
1.72759 -3.33927 0.499 0.540429 -0.147395 0.672681 -0.483436
3.86655 -2.14543 0.499 0.234252 0.854501 0.459759 0.0597955
4.56093 -1.40876 0.49893 0.896043 0.43594 0.0805714 0.0239044
3.45508 -0.438397 0.499 -0.0224484 0.687185 0.559594 -0.462739
4.4591 -0.413248 0.498966 -0.022058 0.700819 0.540305 -0.465228
