72 1.72676 0.508247 1
0.410019 0.746259 0.499409 0.545931 -0.0529873 -0.705304 0.449108
3.08917 1.43569 0.499 0.447752 0.104001 -0.879712 -0.121694
3.57543 -2.31221 0.499 0.131347 -0.428872 -0.730995 0.51426
-3.13652 -1.23793 0.551321 0.0439499 0.298415 -0.187314 0.934842
-2.54653 -2.24444 0.499663 -0.226336 0.932897 0.00986246 -0.279961
1.73443 1.18195 0.499 -0.297005 -0.670658 0.306722 0.606571
1.72751 2.55558 0.499 -0.290848 0.780232 -0.194139 -0.51861
0.361625 -1.10422 0.499 -0.00477695 -0.366901 0.924617 0.102197
-0.445765 1.26148 0.498591 0.509349 0.0853013 0.0548973 -0.854561
1.49764 0.141488 0.499 -0.263617 0.0734394 0.241268 0.931076
