20.3 -1.79766 0.0917483 1
2.28479 0.786392 0.499 -0.764238 0.232335 -0.532302 -0.280384
3.46788 1.24279 0.499 -0.585356 0.495217 -0.131718 -0.628306
1.64242 -3.40199 0.499 -0.23131 0.0945515 -0.681299 -0.688032
0.445979 4.26526 0.499 -0.337507 -0.0214075 -0.839474 -0.42534
3.20498 0.190713 0.499 0.021657 0.132695 -0.113963 -0.984345
0.610812 -3.07316 0.499 -0.792886 0.321518 -0.383787 -0.34737
1.98239 -2.34708 0.499 0.769133 0.191144 -0.322852 -0.517363
2.71759 -1.47407 0.499 0.267628 -0.751312 -0.10996 -0.59314
2.2309 -0.564059 0.499 -0.044555 0.220291 -0.863217 -0.452044
3.52172 -0.783327 0.499 -0.0575086 -0.0944658 -0.861206 -0.496078
