30.4 1.43523 1.08633 1
1.1872 0.718688 0.499 -0.537404 0.505129 0.235454 -0.632932
2.50959 -0.00948043 0.499275 0.135189 0.373999 0.659045 -0.638363
1.71441 -3.64963 0.499 0.986343 0.132286 -0.0332033 0.0923366
1.8842 2.4061 0.499 -0.321546 0.826249 0.46071 -0.0408334
3.37924 -0.75926 0.499 0.738211 -0.625269 -0.18702 0.170607
0.374173 -1.80506 0.499 0.493054 0.139187 0.268525 -0.815732
1.32463 -1.33475 0.499 0.437036 0.127833 0.49459 0.740297
2.32435 -0.992873 0.498725 0.648568 0.256078 -0.637346 0.327984
1.46168 -0.254331 0.499 0.1369 0.981026 0.129412 -0.0458173
4.04856 -2.6911 0.499 0.522585 0.750643 -0.247815 0.319417
