108.8 -1.52953 0.948966 1
0.393414 -1.48953 0.499 0.164495 0.272897 0.941409 -0.110532
2.50263 -2.24177 0.499 0.0520278 -0.996308 0.061188 0.0303332
-0.847647 -0.115904 0.499 0.753868 0.236718 -0.420823 -0.445596
1.0489 0.571152 0.499 0.186821 -0.217606 0.9456 -0.153579
-1.57242 0.7024 0.499 -0.250892 -0.865232 -0.332024 0.279618
-0.594834 -1.75372 0.499 0.216212 -0.599537 0.101888 0.763824
-1.25923 4.71672 0.499 0.235288 0.343081 -0.877925 -0.237029
-3.04848 1.23618 0.499 -0.764442 -0.62437 0.159532 -0.0184531
1.45452 -1.17256 0.499 0.49564 0.0157764 -0.755978 -0.427305
1.63473 5.6103 0.495954 -0.257555 0.876936 0.207629 0.348625
