71.6 1.79421 -0.14425 1
0.435499 0.426751 0.499 0.548539 0.339325 -0.4929 0.583964
2.67817 1.61122 0.499 0.415351 0.132648 -0.835976 0.333216
3.56776 -2.10856 0.499 -0.0616436 0.028945 -0.418533 0.905645
-3.41667 -1.58003 0.516227 -0.320162 0.460675 -0.118607 0.819273
-2.81909 -2.59858 0.514745 -0.202022 0.80099 0.356752 -0.436268
1.49776 1.21871 0.499 -0.370422 -0.662485 0.41814 0.49906
1.43647 2.62798 0.499 0.0453868 0.827087 -0.259974 -0.496267
0.130456 -1.14746 0.499 -0.137391 -0.515018 0.843373 -0.0678426
-0.56605 1.48723 0.499 0.507001 -0.182345 -0.28254 -0.793644
1.56174 0.0655617 0.499 -0.244546 0.382323 0.305791 0.83697
