107.1 0.928593 1.54198 1
0.294006 -2.04725 0.498998 0.814663 0.481338 -0.161774 0.28012
0.750562 -3.10484 0.499 0.0912074 0.735422 -0.477167 -0.472385
-0.700783 -1.20551 0.500596 -0.396048 -0.0870285 -0.755183 -0.515045
0.81006 -0.759107 0.499 0.69574 -0.543802 -0.402351 0.241535
-0.784936 0.269181 0.499 -0.73093 -0.642557 -0.133674 -0.187066
-0.968402 -2.1889 0.498825 -0.342521 -0.154866 -0.413487 -0.829291
-0.780111 4.1569 0.499 -0.128505 0.659235 -0.666134 0.324285
-2.06466 0.381732 0.499 0.0654802 -0.430742 -0.0340741 -0.899451
1.32121 -1.90138 0.499002 0.204214 0.45667 -0.837871 0.218451
2.71432 4.92432 0.499 -0.0358708 -0.329355 0.688244 0.645414
