57.1 1.39977 -1.13166 1
-1.46814 2.83654 0.499 -0.274668 0.254101 -0.0460973 0.92621
-0.348646 -3.37486 0.499 -0.257766 0.877487 -0.181219 -0.361569
-2.40973 1.86882 0.499 -0.655222 0.208594 -0.721714 0.0793865
3.0129 -2.23523 0.499 0.44953 -0.207482 0.468087 -0.731962
0.702483 -3.33317 0.499 -0.141287 0.955106 -0.17284 -0.194772
-3.64436 -0.232968 0.499 -0.287097 0.0863327 0.330018 0.895104
-2.52492 -0.346459 0.499 0.732494 0.400353 -0.550584 0.00519677
-0.956438 -4.27146 0.499 -0.767947 0.452312 0.164135 -0.422765
-2.98825 0.737077 0.499 -0.696443 -0.417486 -0.5798 -0.067123
-4.23373 -1.7494 0.522948 -0.388523 -0.746795 0.368178 -0.394706
