10.9 1.13149 1.3999 1
3.56551 1.26955 0.499 0.449464 0.792435 0.378411 -0.163812
5.15971 2.17535 0.499 0.449464 0.792435 0.378411 -0.163812
2.76841 -2.86089 0.499 0.449464 0.792435 0.378411 -0.163812
1.2829 4.63911 0.499 0.449464 0.792435 0.378411 -0.163812
4.61623 1.26955 0.499 0.449464 0.792435 0.378411 -0.163812
1.99539 -3.81454 0.499 0.880559 0.0446083 0.352785 -0.31332
4.36081 -2.28207 0.499 0.544657 0.794438 0.227771 0.142607
5.27154 -1.8691 0.499005 0.844375 0.511626 0.0698823 0.142781
3.6742 -0.542045 0.499 0.449464 0.792435 0.378411 -0.163812
4.6887 -0.542045 0.499 0.449464 0.792435 0.378411 -0.163812
