6.4 1.71574 0.544263 1
3.73245 1.02507 0.499 0.923628 0.378701 0.0586177 -0.00782393
5.32665 1.93087 0.499 0.923628 0.378701 0.0586177 -0.00782393
2.93535 -3.10536 0.499 0.923628 0.378701 0.0586177 -0.00782393
1.44984 4.39464 0.499 0.923628 0.378701 0.0586177 -0.00782393
4.78317 1.02507 0.499 0.923628 0.378701 0.0586177 -0.00782393
2.23412 -4.67568 0.499001 0.995061 0.0749338 0.0438313 -0.0481469
4.85564 -2.56188 0.499 0.923628 0.378701 0.0586177 -0.00782393
5.90636 -2.56188 0.499 0.923628 0.378701 0.0586177 -0.00782393
3.84114 -0.78652 0.499 0.923628 0.378701 0.0586177 -0.00782393
4.85564 -0.78652 0.499 0.923628 0.378701 0.0586177 -0.00782393
