74.8 -1.72484 0.514705 1
0.0102655 1.63496 0.499 0.468826 -0.800107 -0.258864 0.270225
3.86688 0.719601 0.538722 -0.297156 0.332708 0.71356 0.540218
1.17939 -2.59784 0.499 0.140006 0.795514 0.589479 0.00839896
-2.36792 0.917549 0.518019 -0.0887632 -0.0692635 0.497755 -0.859979
-1.61812 0.144552 0.504925 0.439061 -0.794886 0.205516 0.36489
2.58176 0.979277 0.499 0.579765 0.754424 0.12601 -0.280781
2.84162 1.9784 0.499 0.171238 -0.574955 -0.267105 0.754161
1.0816 -0.869215 0.499 0.008099 0.847764 -0.474825 -0.236162
-1.27549 1.07975 0.496029 -0.924864 -0.239328 0.0670562 0.28784
0.611838 0.429776 0.499 0.264563 0.00237126 -0.566765 0.780243
