114.5 0.081667 1.79815 1
2.23099 -0.217863 0.499 -0.891426 0.360471 0.0470059 -0.270575
5.76197 1.25934 0.499 -0.52728 -0.749913 0.374794 0.138329
0.638712 -1.10486 0.499 0.146321 0.280861 0.463213 0.827733
3.22441 3.9074 0.499 0.719061 -0.296616 0.613056 0.138323
-2.14186 -0.37156 0.499 -0.309123 0.047874 0.488622 0.814494
1.67273 -1.13622 0.499 -0.316635 0.165683 -0.189656 -0.914506
-1.29454 0.957237 0.499 -0.220515 0.095601 0.315619 -0.917942
-2.6816 1.96512 0.499 -0.678626 -0.693542 -0.124483 0.207293
3.08276 0.306053 0.499 -0.418477 -0.168336 0.842958 0.293194
-0.933107 -0.283354 0.499 -0.526233 0.22502 -0.0550008 0.818181
