119.5 1.77194 -0.316589 1
3.21362 0.614691 0.498999 -0.532446 -0.582167 0.160188 0.59323
-1.79292 1.94696 0.499 -0.353774 0.3584 0.775482 -0.380816
1.86659 -4.05187 0.499 -0.58548 0.00864699 -0.233716 0.776219
-2.04829 3.0406 0.495903 0.371469 -0.829565 -0.254542 0.330214
-1.91714 -3.12956 0.499 -0.116712 0.696498 -0.479865 0.520575
3.3349 -0.799426 0.499 0.317152 0.166116 0.738457 0.571403
-0.206199 -1.29103 0.499 -0.406641 -0.541173 0.271279 0.684239
-2.85925 1.23318 0.499 -0.870388 0.0472355 -0.484707 -0.0724725
4.02771 1.19543 0.499001 0.57775 -0.296767 -0.742965 0.161668
-0.638677 -4.27275 0.499 -0.223738 0.46393 -0.195227 -0.834624
