59.5 0.272342 1.77928 1
1.57718 2.81054 0.499 0.649798 -0.372082 0.120977 -0.651676
-0.301608 -2.1273 0.499 -0.861966 0.291879 0.0955388 0.403353
-0.770844 2.04989 0.499 0.704391 -0.00823903 0.658987 0.263633
3.39249 -1.82873 0.499 -0.358767 0.7722 0.506598 -0.135469
0.432789 -3.0261 0.499 -0.373865 -0.415085 -0.724471 0.40382
-3.59068 0.643728 0.499 0.28546 -0.409164 -0.670234 0.549439
-2.07901 0.494091 0.499 -0.280976 0.410364 -0.866898 -0.033804
-1.32016 -3.06374 0.499 -0.27212 0.51242 0.516935 0.629409
-2.68635 1.30523 0.499 -0.0126744 -0.65681 0.714259 -0.241399
-2.18677 -0.698215 0.499 -0.0119572 -0.892419 -0.362571 -0.268305
