50 1.79105 -0.179239 1
-2.93128 1.34471 0.499 -0.157338 0.663577 0.135638 -0.718688
1.02174 -2.35359 0.499 0.177928 -0.852476 -0.302548 0.387417
-3.99705 -0.502596 0.542543 0.409375 0.629518 -0.59497 -0.286583
3.34096 -1.64921 0.499 -0.215255 0.941413 0.259573 0.00539081
3.58494 -2.63234 0.499 -0.798523 0.574849 -0.115772 0.136038
-2.1969 -0.164199 0.499 0.687026 -0.368498 -0.58169 -0.232035
-1.0187 -0.571385 0.499 -0.735722 -0.521395 0.0642095 -0.427478
0.409572 -3.268 0.499 -0.00407033 -0.257847 0.198483 0.94557
-1.66755 0.719335 0.499 0.747978 -0.103265 0.647553 -0.102669
-2.14109 -2.17238 0.499 0.289987 0.849297 0.361626 0.252643
