68.9 -1.49805 -0.997921 1
0.872453 -1.19798 0.499 -0.0426337 -0.95944 0.137839 -0.242193
0.494614 4.03606 0.499 -0.573585 0.14616 0.356623 0.722812
3.36678 0.118762 0.499 0.210309 -0.711211 0.0444077 -0.66931
-2.34818 -1.44882 0.499 0.592341 -0.722919 0.314626 -0.165924
-2.46393 -2.92989 0.499 0.565677 -0.514472 -0.359988 0.534544
-0.440853 1.80983 0.499 0.522175 -0.843937 -0.0906067 -0.0830275
-0.439946 3.67956 0.499 0.267632 0.856332 0.421643 -0.131474
-1.38022 -0.568059 0.499 0.475191 -0.786479 -0.350583 -0.18093
-1.47736 4.21958 0.499 0.285679 -0.312371 -0.858839 -0.288457
2.18442 0.392844 0.495941 -0.861279 0.239029 -0.322006 -0.312052
