117.7 -0.454314 -1.74172 1
2.41979 0.297425 0.499 0.272535 -0.0662297 -0.521322 0.805954
-0.273988 2.26344 0.498101 -0.271654 -0.521119 -0.74237 -0.321754
0.992571 -3.06591 0.499 0.887909 0.368141 -0.217582 -0.169553
-0.670255 3.26831 0.499 0.208557 0.89657 -0.232826 0.313782
-2.48999 -2.21626 0.499 0.415184 0.818939 -0.388385 -0.0782183
2.28495 -0.946067 0.499 -0.342336 -0.00562434 0.32607 0.881165
-1.0485 -0.530656 0.499 -0.803834 -0.103769 -0.0600701 0.582645
-2.59926 1.6223 0.499 -0.127963 0.0667624 -0.367863 -0.91861
3.24458 0.862868 0.499 0.622074 0.69917 -0.332792 0.115908
-1.20145 -2.85172 0.499 0.613383 -0.136705 -0.649793 -0.4276
