14.6 -0.0501221 1.7993 1
3.22788 1.38365 0.499 -0.204073 0.523276 0.538069 -0.628505
4.82208 2.28945 0.499 -0.204073 0.523276 0.538069 -0.628505
2.44252 -2.73592 0.499 -0.20686 0.523244 0.527107 -0.636853
0.945271 4.75322 0.499 -0.204073 0.523276 0.538069 -0.628505
4.2786 1.38365 0.499 -0.204073 0.523276 0.538069 -0.628505
1.5474 -3.20246 0.499 0.312054 -0.253013 0.737919 -0.542293
3.63164 -2.12102 0.499 0.131683 0.814994 0.559891 -0.0704716
4.18931 -1.27765 0.499 0.929097 0.353354 0.0974664 -0.0491988
3.29414 -0.422387 0.499 -0.165844 0.535727 0.559993 -0.609836
4.29374 -0.268055 0.499 -0.136014 0.627435 0.373725 -0.669444
