41.2 1.77577 0.294368 1
-1.05907 1.03307 0.499 -0.384892 0.653791 0.290034 -0.583348
1.62144 -1.11123 0.499 0.885931 -0.0758493 -0.330358 -0.316602
-1.10291 -2.04405 0.498991 0.419399 0.601798 -0.519016 -0.438824
2.84924 -0.435377 0.499 -0.329304 0.83257 0.439522 0.0721529
3.47343 -1.65635 0.499 -0.671469 -0.676871 -0.266566 0.14113
-0.968965 -1.05225 0.499009 0.734168 -0.0711761 -0.344013 -0.581022
0.0561519 -0.89922 0.499 0.0374253 -0.725504 0.685911 -0.042061
1.31065 -2.07333 0.499 0.201856 -0.262345 -0.328598 0.884564
-0.277688 0.216896 0.499 0.67997 0.599723 0.39423 0.150185
0.198755 -2.42342 0.499 0.0540939 0.874914 -0.0105931 0.481131
