77.3 0.749869 -1.63637 1
0.0690458 1.82577 0.499 -0.159541 0.307562 0.667857 -0.658725
3.5046 -0.539889 0.499 0.759643 -0.157506 -0.629261 0.0465157
-2.02091 -2.82029 0.499 0.0362058 -0.760706 -0.613695 0.208313
-2.74629 1.41973 0.499 0.31808 -0.213869 -0.124669 0.915174
-1.26326 0.106405 0.499 0.0380906 0.878249 0.283793 -0.383
2.13437 0.211343 0.499 0.891865 -0.245557 -0.181253 -0.333805
3.63102 0.52669 0.499 0.82402 0.196374 -0.451184 -0.280824
2.01595 -1.58645 0.499 0.0772936 -0.781749 -0.569491 -0.242023
-0.731432 0.956607 0.499 -0.233123 0.3593 0.206209 -0.879793
0.196201 -0.263169 0.499 0.315242 -0.744939 0.371671 0.455576
