114.9 -0.568085 1.708 1
2.24302 -0.0418532 0.499 -0.842101 0.188694 -0.107285 -0.493711
5.3732 1.88842 0.500052 -0.743486 -0.421141 0.46301 0.235562
0.677186 -1.24959 0.499 -0.422144 0.250077 0.328368 0.807112
3.27877 4.21848 0.499 0.479075 -0.114805 0.869922 0.0232986
-2.22625 -0.498367 0.499 -0.517954 0.225899 0.152794 0.810769
1.73307 -1.00162 0.499 -0.340062 -0.204253 -0.201893 -0.895476
-1.27921 0.878186 0.499 -0.368428 -0.208467 0.460534 -0.780199
-2.70648 2.03502 0.499 -0.298355 -0.650477 -0.0971594 0.691683
3.0914 0.487754 0.499 -0.563605 -0.0439991 0.69292 0.447522
-0.985548 -0.491848 0.499 -0.498883 0.148854 -0.556642 0.647386
