81.8 -1.77706 0.28645 1
0.0440122 3.89195 0.499 0.539365 0.0426459 -0.840101 0.0386788
2.92754 -0.738894 0.499 -0.610796 -0.292302 0.655174 -0.335015
-2.00634 0.998362 0.499001 -0.166969 0.529382 -0.828968 0.068464
-3.59825 3.71518 0.499 -0.051964 0.193535 -0.622455 0.756567
-0.740595 1.02897 0.499 0.405429 -0.890944 0.201195 0.0369686
1.16411 0.147861 0.499 -0.31793 -0.353931 0.0617749 -0.877403
2.90507 0.382916 0.499 0.851993 -0.293019 0.349795 0.256692
2.24157 -1.65325 0.499 -0.619252 0.427276 0.400132 0.523312
-0.157642 1.97755 0.499 -0.164064 0.570462 -0.778605 -0.203544
-0.490055 -0.102752 0.499 0.29501 0.0646277 0.559545 -0.771817
