94 -0.0399228 1.79956 1
2.19723 -0.414776 0.499 0.664506 -0.729556 -0.152451 0.0541994
0.652082 -1.49748 0.499093 0.168286 0.569087 0.622225 0.510545
-0.992927 -1.40292 0.499 0.207525 0.709039 0.655908 0.15486
0.0277106 -0.70907 0.499998 -0.0224779 -0.192384 -0.887877 0.417322
1.7078 3.08466 0.499 -0.307451 0.0867391 -0.866041 0.384608
-0.141853 -2.18928 0.499 0.605196 -0.526727 -0.426619 0.417484
0.217119 1.91341 0.499 -0.269331 0.721658 -0.613668 -0.173442
-0.504029 -3.25208 0.499014 -0.290791 -0.651285 -0.58022 -0.393208
2.90306 -1.23046 0.499 0.552272 0.112811 0.624066 0.54112
-2.05826 -1.8809 0.499 0.807491 0.471696 0.218236 -0.27899
