79.7 0.883476 1.56827 1
0.521212 2.97917 0.499 -0.129583 0.818207 -0.470485 0.303956
3.96358 -1.02892 0.499 -0.547231 -0.217729 0.0780596 -0.804387
-2.00276 -1.03388 0.498999 -0.6277 0.65431 0.211441 -0.364915
-2.7521 2.69557 0.499 -0.324995 0.381456 0.379775 -0.777587
-0.648126 0.608011 0.498994 -0.309261 -0.201737 -0.929323 0.00437293
2.03275 0.225934 0.499 -0.314251 0.783955 -0.282504 -0.45481
4.64293 0.0133096 0.499 -0.745993 -0.50958 0.428222 0.021169
2.97863 -1.53663 0.499 0.296431 -0.844027 0.438068 0.0885588
-0.0835955 1.43341 0.499006 -0.276839 -0.00485284 0.18559 0.942811
0.224871 -0.0723687 0.499 0.782484 0.1188 0.0165672 -0.611008
