12.7 0.636062 1.68387 1
3.42395 1.35068 0.499 0.124693 0.763001 0.527407 -0.352311
5.01815 2.25648 0.499 0.124693 0.763001 0.527407 -0.352311
2.62684 -2.77975 0.499 0.124693 0.763001 0.527407 -0.352311
1.14134 4.72025 0.499 0.124693 0.763001 0.527407 -0.352311
4.47467 1.35068 0.499 0.124693 0.763001 0.527407 -0.352311
1.82013 -3.47613 0.499 0.683597 -0.0629363 0.584146 -0.433021
4.02877 -2.1781 0.499 0.325397 0.856649 0.382686 0.117559
4.80351 -1.5376 0.499 0.871795 0.477587 0.072881 0.0810679
3.53264 -0.460912 0.499 0.124693 0.763001 0.527407 -0.352311
4.54713 -0.460912 0.499 0.124693 0.763001 0.527407 -0.352311
