66.4 0.236996 1.78433 1
2.13982 -3.18762 0.66594 0.265329 0.581975 -0.302183 0.706818
0.374516 2.9225 0.499 -0.0225262 -0.794821 -0.118257 -0.594784
3.73168 1.28356 0.499 -0.48509 0.863396 -0.133919 0.036061
-0.338418 -1.53219 0.499 -0.449834 0.250802 -0.245389 0.821299
-1.0883 -3.41638 0.498709 -0.510245 0.845432 -0.0404297 0.152513
-1.55873 1.76422 0.499 -0.396772 0.726322 -0.0982574 0.552606
-0.624281 2.81769 0.499 -0.127361 -0.856979 0.172297 0.468701
-1.82715 -0.178082 0.499 -0.238041 0.847922 -0.301506 0.365321
-1.59393 3.23499 0.499 -0.226412 0.91749 0.31679 0.0812014
1.78933 0.12582 0.499 0.709574 0.176836 0.677915 -0.0752682
