37.4 -0.870875 -1.5753 1
-0.986445 0.281754 0.499 0.503423 -0.492088 0.447682 0.551358
1.1477 -1.18293 0.499 -0.333729 0.464295 0.0503767 0.818851
-0.460761 -3.30347 0.499 -0.635927 0.0862708 0.390718 0.659919
1.7548 -0.17717 0.499 0.208663 -0.932512 0.268499 0.12161
2.71826 -1.95487 0.499 0.173967 0.585472 -0.456112 -0.64724
-1.21921 -1.93669 0.499 -0.0273771 0.512253 0.165382 0.842316
-0.215531 -1.65752 0.499 0.126306 -0.153047 -0.974929 0.100685
0.972515 -2.16803 0.499 -0.702766 0.099515 -0.20937 -0.672593
-0.392664 -0.588017 0.499 -0.58473 -0.557694 0.0192707 0.58881
0.510148 -3.06217 0.499 -0.434232 -0.784553 0.395592 0.198557
