5.7 1.74683 0.43425 1
3.74133 0.99364 0.499 0.951577 0.305109 0.0373486 -0.00393413
5.33554 1.89944 0.499 0.951577 0.305109 0.0373486 -0.00393413
2.94423 -3.13679 0.499 0.951577 0.305109 0.0373486 -0.00393413
1.45872 4.36321 0.499 0.951577 0.305109 0.0373486 -0.00393413
4.79206 0.99364 0.499 0.951577 0.305109 0.0373486 -0.00393413
2.24794 -4.7857 0.499001 0.996352 0.0749893 0.0279283 -0.0296542
4.86452 -2.59332 0.499 0.951577 0.305109 0.0373486 -0.00393413
5.91525 -2.59332 0.499 0.951577 0.305109 0.0373486 -0.00393413
3.85003 -0.817954 0.499 0.951577 0.305109 0.0373486 -0.00393413
4.86452 -0.817954 0.499 0.951577 0.305109 0.0373486 -0.00393413
