68.6 -1.71267 -0.553876 1
1.00612 -1.35761 0.499 0.306305 -0.930826 -0.0791841 -0.182945
0.450181 3.96922 0.499 -0.527999 -0.154143 0.198844 0.811122
3.41237 0.404943 0.4991 0.338717 -0.78333 -0.164159 -0.494688
-2.13748 -1.39327 0.499 0.717234 -0.65953 0.183872 0.129568
-2.3315 -2.92382 0.499 0.538065 -0.248944 -0.593633 0.544162
-0.605775 1.87202 0.499 0.595455 -0.684791 -0.259279 -0.330558
-0.494652 3.64166 0.499 0.0982277 0.90306 0.383187 0.167335
-1.46483 -0.459417 0.499 0.56881 -0.57572 -0.492042 -0.320774
-1.52289 4.16785 0.499 0.204861 -0.156792 -0.777718 -0.573239
2.35286 0.460855 0.528378 -0.931442 0.0866138 -0.189363 -0.298422
