44.8 -1.42712 1.09696 1
-2.75994 1.46756 0.499 -0.547831 0.334266 -0.652243 0.403393
0.441144 -1.31246 0.499 -0.562849 -0.16547 0.283243 -0.758679
-3.345 -1.18302 0.499 -0.0816975 -0.27726 -0.879832 -0.377291
2.18214 -0.783821 0.499 0.547034 -0.34044 -0.47667 0.59803
2.57277 -1.70507 0.499 0.424897 0.0594856 0.736448 0.523038
-2.34374 -0.275015 0.499 -0.6467 -0.504036 0.077519 -0.567202
-1.31852 -0.458097 0.499 -0.19626 0.707096 0.662653 0.14963
0.00706678 -2.25505 0.499 0.678577 -0.332303 0.247185 -0.606636
-1.80082 0.702173 0.499 0.110691 0.385917 -0.505678 -0.763613
-1.69341 -2.01372 0.499 0.441171 0.235039 -0.866045 -0.00954086
