46.9 -1.26828 -1.27729 1
-3.17257 0.908591 0.499 0.480516 -0.252616 0.400915 0.737941
0.332186 -2.24228 0.499 -0.45433 0.723384 -0.492417 -0.166812
-4.07338 -1.49311 0.499 -0.543719 -0.187267 0.509144 0.64037
2.30669 -1.64266 0.499 0.190463 -0.73807 0.646079 -0.039466
2.6381 -2.5889 0.499 0.353017 -0.106333 0.502162 -0.782244
-2.60001 -0.685437 0.499 -0.432804 0.76447 -0.0168544 0.477476
-1.54087 -1.01321 0.499 0.821123 0.284062 -0.342308 -0.357619
-0.173814 -3.17349 0.499 -0.529947 -0.244845 -0.359894 -0.727794
-2.09996 0.187675 0.499 -0.273255 -0.307946 -0.660953 0.62741
-2.21764 -2.58715 0.499 -0.245886 -0.869254 -0.00334643 0.428866
