72.8 0.943272 1.53305 1
0.551927 1.00057 0.498977 0.342233 -0.289845 -0.865995 0.221176
3.80735 1.14006 0.499 0.348728 -0.0389837 -0.20962 -0.912649
3.48139 -2.67597 0.499 0.445224 -0.52651 -0.282482 -0.666908
-2.67194 -0.531273 0.499 0.727956 0.0562856 -0.215459 0.648451
-2.11761 -1.48497 0.499 -0.243213 0.686231 -0.674469 -0.122579
2.12382 1.18831 0.499 -0.0184877 -0.471915 -0.128789 0.871991
2.20445 2.46339 0.499 -0.826869 0.196398 -0.0321081 -0.526009
0.721647 -0.960956 0.499 0.0683547 0.0629519 0.806694 0.583618
-0.627054 1.30317 0.499 0.464738 0.335695 0.802027 -0.167571
1.31308 0.334634 0.499023 -0.248565 -0.362635 -0.138148 0.887483
