82.5 -1.59533 -0.833625 1
-0.105608 3.98524 0.499 0.644852 -0.468712 -0.531404 0.286505
2.42608 -0.748339 0.499 -0.616658 0.167466 0.607133 -0.472311
-2.29951 1.36283 0.499 0.121071 0.371712 -0.750332 0.533079
-3.8632 3.84409 0.499 0.64876 -0.208708 -0.117655 0.722294
-0.709532 0.994344 0.499 0.0588123 -0.830806 0.550697 -0.055097
0.904349 -0.0884761 0.499 -0.185029 -0.440674 -0.312778 -0.820817
2.05849 0.458982 0.499 0.840053 -0.244423 0.259881 -0.408693
1.89966 -1.89456 0.499 -0.709751 0.589491 0.382969 0.0456968
-0.104304 2.06215 0.499 0.410905 0.715571 -0.511545 -0.23966
-0.668327 -0.376572 0.499 0.186112 -0.164649 0.181298 -0.951517
