24.9 -0.11226 -1.7965 1
1.87546 0.052137 0.499 0.299764 -0.463916 0.469016 0.689164
2.9105 -0.115964 0.499 0.0197424 -0.0992612 0.102707 0.98955
1.73616 -4.1838 0.499 -0.688458 0.189019 0.000205528 0.700213
1.05446 3.20241 0.499 -0.490554 -0.465778 -0.349084 0.648496
3.10165 -1.12199 0.499 -0.371215 0.695568 -0.488248 0.374163
0.641192 -3.13305 0.499 0.351526 -0.210936 0.167659 0.896563
1.54298 -2.64928 0.499 -0.932227 -0.325894 -0.116144 0.106097
2.46185 -1.93477 0.499 -0.732849 0.564283 0.378893 0.0309309
1.99093 -1.04536 0.499 -0.47692 -0.679036 0.324594 0.453978
3.81366 -2.33136 0.499 -0.991228 -0.117871 -0.0570217 -0.0179451
