87.1 0.0294756 1.79976 1
1.11646 2.33127 0.499 -0.363765 -0.575051 -0.678708 0.276308
1.21279 -0.218291 0.499034 0.0539092 -0.519393 -0.819966 -0.234479
-0.632165 0.422267 0.499 0.636418 -0.0275001 -0.534092 -0.555843
-1.20242 1.66575 0.499 0.559604 -0.663333 -0.459895 -0.18796
-0.0738956 2.23683 0.499 -0.771434 -0.234384 0.464312 0.366563
0.232745 -0.667881 0.499 -0.845164 -0.431032 0.316072 0.00274669
0.442506 0.525399 0.498999 -0.219429 -0.839172 0.191897 0.459148
1.17264 -2.5273 0.499 -0.31318 0.401483 -0.53478 0.674344
1.42959 0.762939 0.498967 0.199695 -0.136968 -0.442786 -0.863309
-0.776082 -0.907848 0.499 -0.790093 -0.525319 -0.197731 0.246363
