101.4 -0.892565 1.56311 1
1.39679 -2.84972 0.499018 0.829675 0.0545222 -0.151908 0.534406
0.346076 -2.8246 0.497604 -0.122384 -0.592731 -0.342404 -0.718646
-0.536692 -1.50932 0.499 -0.74966 0.417005 0.281641 0.429878
0.540956 -1.75548 0.499 -0.49461 0.435129 0.74828 -0.0781002
3.40829 3.93136 0.499 0.934419 0.175863 0.248522 -0.184851
-0.599948 -3.10865 0.49967 -0.49945 -0.122502 0.337665 -0.788369
-0.476366 3.36619 0.499 0.16516 -0.54631 0.776162 0.26803
-1.58606 -1.77628 0.499 -0.609074 -0.560535 0.156635 -0.53879
2.37189 -2.46337 0.499 -0.575957 -0.249989 -0.0809812 0.774094
-1.34319 0.447763 0.499 0.288807 -0.929729 0.0335035 0.225991
