101.3 -0.74581 1.63822 1
1.48726 -2.86312 0.499092 0.856212 0.0235598 -0.122688 0.501292
0.459628 -2.82157 0.504908 -0.139627 -0.572099 -0.390535 -0.707595
-0.53377 -1.54183 0.499 -0.721021 0.405041 0.32037 0.46199
0.535499 -1.76225 0.499 -0.433117 0.433118 0.782152 -0.114266
3.40867 3.91019 0.499 0.944363 0.18748 0.153551 -0.222379
-0.566188 -3.10261 0.499 -0.47854 -0.0602696 0.324715 -0.813589
-0.442983 3.33701 0.499 0.196916 -0.571784 0.761606 0.232901
-1.59093 -1.82692 0.499 -0.528501 -0.519634 0.19698 -0.641768
2.5386 -2.50798 0.499 -0.582399 -0.232263 -0.0912815 0.773649
-1.38972 0.35157 0.499 0.309888 -0.937819 -0.0740896 0.137755
