117.8 -0.293056 -1.77598 1
2.45337 0.298331 0.499 0.224975 -0.0765505 -0.455715 0.857817
-0.43577 2.22139 0.499155 -0.407017 -0.525183 -0.67831 -0.313711
1.03167 -3.13828 0.499 0.906936 0.372499 -0.189813 -0.0517868
-0.805934 3.25549 0.499 0.194368 0.862105 -0.270994 0.38152
-2.46887 -2.28392 0.499 0.436381 0.813857 -0.380976 -0.045454
2.33264 -0.954621 0.499 -0.321765 0.0328774 0.392283 0.861104
-1.01195 -0.589955 0.499 -0.799766 -0.0839008 -0.0320458 0.593556
-2.5661 1.59719 0.499 -0.223224 0.0304594 -0.428077 -0.875211
3.27754 0.864677 0.499 0.676961 0.634158 -0.347395 0.137419
-1.18112 -2.94713 0.499 0.597088 -0.128387 -0.655575 -0.444098
