118.3 0.522575 -1.72247 1
2.65096 0.325276 0.499 -0.0555898 -0.174499 -0.141865 0.972797
-1.21223 2.02677 0.499 -0.898494 -0.362087 -0.10175 -0.226383
1.25463 -3.47496 0.499 0.764511 0.359423 -0.0847056 0.528359
-1.44712 3.19415 0.499 0.0657693 0.535037 -0.434958 0.721264
-2.33435 -2.59876 0.499 0.456649 0.795053 -0.367964 0.154805
2.60083 -0.974974 0.499 -0.163498 0.142306 0.658548 0.720647
-0.800347 -0.862895 0.499 -0.760128 -0.0733489 0.129364 0.632527
-2.36936 1.49241 0.499 -0.656782 -0.106518 -0.552457 -0.502078
3.47223 0.895863 0.499 0.815422 0.277669 -0.443724 0.247177
-1.04922 -3.40246 0.499 0.459679 -0.0189115 -0.688084 -0.56114
