3.9 1.7883 0.204864 1
3.75318 0.928098 0.499 0.989281 0.145789 0.00831956 -0.000407558
5.34738 1.83389 0.499 0.989281 0.145789 0.00831956 -0.000407558
2.95608 -3.20234 0.499 0.989281 0.145789 0.00831956 -0.000407558
1.47057 4.29766 0.499 0.989281 0.145789 0.00831956 -0.000407558
4.80391 0.928098 0.499 0.989281 0.145789 0.00831956 -0.000407558
2.26637 -5.01511 0.499003 0.997149 0.0749967 0.00669189 -0.00496201
4.87637 -2.65886 0.499 0.989281 0.145789 0.00831956 -0.000407558
5.92709 -2.65886 0.499 0.989281 0.145789 0.00831956 -0.000407558
3.86188 -0.883497 0.499 0.989281 0.145789 0.00831956 -0.000407558
4.87637 -0.883497 0.499 0.989281 0.145789 0.00831956 -0.000407558
