43.2 0.252119 1.78226 1
-1.93097 1.57231 0.499 -0.991648 -0.0767773 -0.0274387 -0.0999342
1.03875 -0.925168 0.499 0.129649 0.415875 0.768439 -0.468764
-2.27546 -1.2679 0.499 -0.130711 0.28603 -0.300674 -0.900387
2.59158 -0.427456 0.499 -0.486255 -0.212453 -0.847163 0.0271092
3.03721 -1.35541 0.499 0.699155 -0.456195 -0.281682 0.472995
-1.65966 -0.322595 0.499 0.298672 -0.136739 0.620061 -0.712476
-0.634528 -0.356292 0.499 0.0840865 -0.0320376 0.478874 0.87326
0.659467 -1.87643 0.499 0.813468 0.365215 -0.397429 -0.216653
-1.05085 0.784354 0.499 -0.272337 0.907671 0.161625 -0.275397
-0.779422 -1.89795 0.499 -0.376518 0.601554 -0.691121 -0.136816
