67.2 -1.0177 1.48468 1
1.76013 -2.35585 0.499216 0.568814 0.218783 -0.748111 0.262516
0.412777 3.43081 0.499 0.0202085 -0.994144 -0.102055 -0.0292158
4.09244 1.32862 0.499 -0.384145 0.0514734 -0.87096 -0.302012
-0.979756 -1.35416 0.499 0.158397 -0.135655 -0.487406 0.847906
-1.53152 -3.10982 0.499 -0.356808 0.623513 -0.635721 0.282451
-1.20649 1.93434 0.499 -0.257522 0.623122 -0.651737 -0.347331
-0.57185 3.24784 0.499 -0.146887 -0.232203 0.0447663 0.96047
-1.67493 -0.158781 0.499 -0.0190571 0.64969 -0.727103 -0.221045
-1.56114 3.70387 0.499 -0.412557 0.750543 0.051712 -0.513622
2.08834 0.389126 0.499 -0.119141 -0.0185788 0.987596 0.100575
