100.8 0.0555772 1.79914 1
2.27762 -2.96655 0.499 0.933712 -0.264716 -0.00064037 0.241053
0.716518 -2.82108 0.499 -0.313608 -0.355946 -0.593239 -0.650399
-0.544269 -1.73189 0.499032 -0.542609 0.404948 0.488958 0.550011
0.482523 -1.82316 0.499 -0.114836 0.393417 0.838258 -0.359665
3.39004 3.77328 0.499 0.86492 0.130451 -0.298878 -0.381534
-0.476382 -3.1036 0.499 -0.31619 0.231399 0.154794 -0.906927
-0.296728 3.16011 0.499 0.261494 -0.681711 0.682896 0.0233108
-1.63128 -2.11364 0.499 -0.0543416 -0.184462 0.256783 -0.947145
3.37035 -2.76787 0.496625 -0.625882 -0.083573 -0.0732767 0.771957
-1.64393 -0.159824 0.499 0.273925 -0.756363 -0.539517 -0.248598
