14.4 0.028169 1.79978 1
3.25025 1.38379 0.499 -0.173843 0.557507 0.548861 -0.598094
4.84445 2.28959 0.499 -0.173843 0.557507 0.548861 -0.598094
2.46273 -2.73783 0.499 -0.176113 0.557969 0.540604 -0.604485
0.967641 4.75336 0.499 -0.173843 0.557507 0.548861 -0.598094
4.30097 1.38379 0.499 -0.173843 0.557507 0.548861 -0.598094
1.58194 -3.22458 0.499 0.357616 -0.23279 0.73182 -0.531375
3.67518 -2.12342 0.499 0.147655 0.825568 0.542986 -0.0424424
4.2577 -1.29945 0.499 0.922337 0.373496 0.0927029 -0.0346643
3.32501 -0.423366 0.499 -0.142955 0.566606 0.565413 -0.582091
4.32448 -0.292177 0.499 -0.118519 0.646514 0.410019 -0.632343
