34.8 -1.69569 0.603852 1
-0.655141 0.756199 0.499 -0.495021 0.428287 -0.587937 0.475242
1.21836 -0.102261 0.499 -0.742016 0.413124 -0.502852 -0.160875
0.133471 -3.19271 0.499 -0.0589803 -0.268436 -0.546429 -0.791125
1.29959 0.971878 0.499 0.358631 -0.479552 -0.572436 0.560117
2.48318 -1.17063 0.499 -0.0547768 0.147646 0.80276 -0.575132
-1.10797 -1.54764 0.499 -0.849578 -0.0255266 -0.308616 -0.426991
-0.119809 -1.18786 0.499 0.413127 0.625721 0.219671 -0.624134
1.0543 -1.09083 0.499 0.309057 -0.660285 0.0273762 -0.683928
-0.189721 -0.150245 0.499 0.253259 0.0756837 -0.909533 -0.320751
1.38439 -2.82079 0.499 0.476996 0.476763 -0.725584 0.136747
