38.1 -0.19517 -1.78939 1
-0.94601 0.260538 0.499 0.633232 -0.744578 0.211174 0.00508662
1.28623 -1.33634 0.499025 -0.276167 -0.0143205 0.270728 0.922081
-0.527672 -3.23215 0.499 -0.0944052 -0.155203 0.851874 0.491234
2.01022 -0.38435 0.499 0.311147 -0.846589 0.310492 -0.300116
2.91118 -2.0595 0.499 0.0136236 0.804466 -0.540282 -0.246464
-1.11952 -1.93492 0.499 0.229518 -0.0185934 0.283212 0.931003
-0.11167 -1.67745 0.499 -0.450088 -0.192678 -0.853179 0.17995
1.08162 -2.31523 0.498975 -0.766729 0.460344 0.117111 -0.43185
-0.31767 -0.599359 0.499 -0.534516 -0.667213 0.483255 0.188637
0.482864 -3.1417 0.499 -0.347394 -0.544826 0.657293 -0.387877
