31 1.08445 1.43665 1
0.962988 0.809755 0.499 -0.741213 0.293438 0.261088 -0.544362
2.3551 0.0957201 0.499 -0.111081 0.289074 0.79267 -0.525139
1.56355 -3.58113 0.499 0.89584 0.415948 0.139409 0.0708787
1.82622 2.32945 0.499 -0.744401 0.636495 0.199638 -0.0297654
3.27879 -0.696433 0.499 0.902461 -0.326827 -0.0547987 0.275219
0.19381 -1.65103 0.499 0.36302 0.106142 0.492893 -0.783586
1.15608 -1.17956 0.499 0.307844 0.34105 0.412993 0.786354
2.17299 -0.887976 0.499 0.696308 0.430998 -0.568397 0.0795064
1.24951 -0.162907 0.499 -0.139725 0.974992 0.0768605 -0.154788
3.9257 -2.72013 0.499 0.266813 0.927326 -0.262357 0.00684414
