47.3 -0.861799 -1.58029 1
-3.14418 0.844124 0.499 0.566856 -0.580982 0.37422 0.448434
0.418411 -2.37738 0.499 -0.452451 0.818993 -0.324671 0.138304
-4.10514 -1.51017 0.499 -0.270134 -0.247217 0.853922 0.369769
2.4374 -1.76425 0.499 0.216717 -0.665784 0.612617 -0.366696
2.75752 -2.71524 0.499 0.472611 0.0454242 0.234706 -0.848227
-2.55212 -0.738835 0.499 -0.19146 0.636791 0.224556 0.712331
-1.47624 -1.07694 0.499 0.708142 0.188674 -0.665103 -0.143439
-0.101288 -3.30643 0.499 -0.692618 0.0759131 -0.270892 -0.66418
-2.04705 0.135544 0.499 -0.534214 -0.440746 -0.345571 0.633197
-2.21051 -2.65437 0.499 -0.404895 -0.885097 0.221427 0.0602829
