55.4 -0.930768 -1.54067 1
-4.09367 3.42169 0.494739 0.467713 0.214943 0.151085 0.84393
-0.391365 -2.91367 0.499 -0.337804 0.0246853 -0.15302 -0.928366
-3.93602 2.42961 0.530449 -0.113474 0.903971 0.258407 -0.321225
2.53118 -1.87712 0.499 0.331599 -0.598442 0.694693 0.22206
0.979208 -2.91942 0.499 -0.109705 -0.348177 0.551672 -0.74993
-3.77489 0.2934 0.499 -0.842055 0.352229 -0.407953 -0.0212577
-2.72339 -0.167941 0.499 0.307929 0.57793 0.648002 -0.388935
-1.18848 -3.79882 0.499 -0.257338 -0.543495 -0.225806 -0.766421
-3.40908 1.29007 0.499 0.263447 0.0227309 -0.958987 0.102089
-4.62201 -1.81606 0.499 0.211498 -0.589008 -0.285431 0.725856
