98.6 1.60014 -0.82435 1
2.7145 -2.77702 0.499 -0.582348 -0.0380872 -0.557501 0.590435
0.552483 -2.89037 0.498994 0.333544 0.425711 -0.778314 0.318977
-1.40277 -2.54949 0.499 0.259168 0.76895 0.509935 -0.285506
0.102264 -1.99555 0.499006 0.359256 -0.571866 -0.171367 -0.717313
2.67326 3.07815 0.499 0.14065 -0.908789 -0.390942 -0.0385409
-0.644604 -3.21217 0.499 0.729827 -0.257519 -0.551849 -0.310644
-0.289289 2.2875 0.499 -0.495956 -0.850774 0.0443899 0.168051
-2.72886 -3.60396 0.499 0.822803 0.340871 0.383941 0.243703
3.78105 -3.05056 0.499 0.619642 0.702183 0.350675 -0.00312029
-3.38434 -2.55758 0.499 0.300799 0.692172 -0.527618 -0.389919
