67.9 -1.70372 0.580811 1
1.37079 -1.79817 0.499 0.72364 -0.400378 -0.561465 -0.0282879
0.410905 3.75609 0.498996 -0.215945 -0.78267 -0.0496522 0.581662
4.01128 1.07271 0.539103 0.180029 -0.633886 -0.704589 -0.26331
-1.5796 -1.31838 0.499 0.642001 -0.382922 -0.25091 0.61502
-1.9545 -2.96228 0.499 0.136062 0.290856 -0.860568 0.395363
-0.927044 1.95899 0.499 0.330403 -0.0286858 -0.619874 -0.711173
-0.555538 3.49924 0.499004 -0.144872 0.53929 0.161668 0.81366
-1.59192 -0.254891 0.499 0.420006 0.0884357 -0.74561 -0.509744
-1.56374 3.99119 0.499 -0.170968 0.324642 -0.375603 -0.851058
2.30857 0.500698 0.499 -0.849225 -0.13689 0.502812 -0.0852012
