84.8 1.53188 -0.945172 1
0.562109 2.59536 0.499 0.521709 0.416216 0.465803 -0.581044
1.63728 -0.809035 0.499 0.465479 0.447077 -0.438417 0.625494
-1.69854 1.15102 0.499 -0.464037 -0.78527 -0.0993723 0.397674
-2.37624 1.96307 0.499 -0.0826247 0.833651 0.461747 -0.29153
-0.347542 1.11521 0.499 -0.2764 0.401405 0.693942 -0.53002
0.598231 -0.819945 0.499 -0.46175 0.753763 -0.352699 -0.306974
0.531232 0.285381 0.498781 -0.832966 0.360497 -0.415658 -0.0586378
1.53677 -2.65055 0.499 0.519886 0.547 0.655025 0.0381134
0.712694 1.3459 0.499 0.0916565 -0.0161907 -0.0917982 0.991418
-0.542563 -1.09669 0.499 -0.581494 0.605721 -0.49532 -0.222767
