59.1 0.875077 1.57297 1
1.16284 2.81339 0.499 0.314621 -0.181372 -0.457829 -0.811487
-0.335605 -2.63935 0.49912 -0.841004 0.295516 0.243875 0.381978
-0.951172 2.02012 0.499 0.698266 -0.566042 0.396112 0.187394
3.41785 -1.91473 0.499 -0.0500038 0.81671 0.540146 -0.19679
0.563399 -3.10244 0.499 -0.555869 -0.191757 -0.636439 0.499183
-3.50237 0.462157 0.499 0.16142 -0.599145 -0.548064 0.560887
-2.12828 0.279868 0.499 -0.309147 0.399786 -0.860203 0.0681979
-1.06424 -3.54765 0.498999 -0.378101 0.249858 0.591803 0.666618
-2.66289 1.13431 0.499 -0.0598656 -0.630429 0.625647 -0.455567
-2.37706 -0.812487 0.499 -0.21109 -0.800883 -0.191347 -0.5267
