96.1 -1.67465 -0.659949 1
2.03725 -1.32909 0.499 -0.276575 0.598896 0.588796 -0.467064
0.201509 -2.01502 0.499 0.0517815 0.940862 0.274631 -0.191508
-1.59631 -1.86355 0.498996 -0.793732 0.0624015 0.393526 -0.4596
-0.341053 -1.12209 0.499 0.915754 -0.335391 -0.207375 0.076829
1.73995 3.26015 0.499 0.95161 0.273003 0.114135 -0.0829479
-0.749778 -2.45278 0.499 0.923663 0.181533 0.210672 0.263648
-0.411949 2.26626 0.499 0.368912 -0.00329653 -0.91873 -0.140815
-2.08918 -2.77438 0.500609 -0.651568 -0.444353 0.419556 0.449423
2.88197 -1.88032 0.499 -0.818323 0.441522 0.0121504 -0.367774
-2.91985 -2.21728 0.497876 0.164783 0.34095 0.431911 -0.818567
