18.6 -1.5374 0.936171 1
2.66648 1.10247 0.498993 -0.544126 -0.0143969 -0.294043 -0.785658
3.99636 1.79104 0.498889 -0.469702 0.147239 0.0204905 -0.870219
1.86013 -3.07115 0.499 -0.306461 -0.0331816 -0.246086 -0.918924
0.520324 4.50656 0.499 -0.392553 -0.106739 -0.380471 -0.830513
3.63636 0.85724 0.499009 -0.292708 -0.0607668 0.0312062 -0.953759
0.851937 -3.00912 0.499 -0.72219 -0.252737 0.0388351 -0.642695
2.39713 -2.19348 0.499 0.533203 0.573329 0.200624 -0.588845
3.05592 -1.29391 0.499 0.752159 -0.452101 0.196514 -0.437314
2.49757 -0.449631 0.499 -0.165198 0.150766 -0.33737 -0.914418
3.69326 -0.141108 0.499024 -0.0767478 0.000492737 -0.742533 -0.665397
