114.4 0.245839 1.78313 1
2.2232 -0.26584 0.499 -0.886897 0.403394 0.071478 -0.213489
5.85649 1.09509 0.499 -0.469683 -0.806118 0.343606 0.107269
0.623394 -1.07113 0.499 0.283829 0.285819 0.478452 0.780277
3.20622 3.82544 0.499 0.752086 -0.341511 0.540491 0.160021
-2.12539 -0.343918 0.499 -0.249991 0.0140798 0.564936 0.786227
1.65294 -1.17393 0.499 -0.301152 0.249248 -0.195825 -0.899353
-1.30349 0.973481 0.499 -0.181763 0.162045 0.259638 -0.934501
-2.67889 1.9425 0.499 -0.745323 -0.65083 -0.124741 0.0731757
3.07591 0.256548 0.499 -0.387507 -0.189125 0.868671 0.243885
-0.92442 -0.235604 0.499 -0.503684 0.248858 0.0818096 0.823213
