106.4 1.6666 0.680041 1
0.0132499 -2.36057 0.499 0.799279 0.342499 -0.480483 -0.113949
-0.156466 -3.5114 0.499 0.0696794 0.97698 -0.201479 0.0077814
-0.573618 -1.30343 0.499 -0.368482 -0.454593 -0.810901 -0.0026085
0.548094 -1.40982 0.497884 0.362218 -0.463133 -0.654118 0.475853
-0.669055 0.0697254 0.49902 -0.909308 -0.345174 -0.232389 0.00317027
-1.55897 -2.89183 0.499 -0.325625 0.485353 -0.27893 -0.76197
-0.75368 3.84653 0.499 0.153146 0.772784 -0.460263 0.40928
-1.80054 -0.0644981 0.499 0.311172 -0.330881 -0.298483 -0.839403
1.22373 -2.19728 0.499 0.538785 0.398675 -0.632532 0.388165
2.21441 4.17301 0.499 -0.0450399 -0.812727 0.361118 0.455016
