60.4 -1.09996 1.42481 1
2.40877 2.70249 0.499 0.0123442 -0.260982 0.799418 0.540987
-0.319046 -1.0851 0.499 -0.697349 0.554319 -0.325743 0.316742
-0.462973 2.01247 0.499 -0.189366 0.863492 0.456928 -0.0986856
3.10035 -1.71088 0.511616 -0.819045 0.555887 0.102611 -0.0981095
0.0319455 -2.94727 0.499 0.208393 -0.613001 -0.676827 0.350296
-3.88683 0.949402 0.499 0.557983 0.143702 -0.532879 0.619713
-2.09166 0.906118 0.499 0.142275 0.400075 -0.876989 -0.224918
-1.96039 -2.10263 0.499 0.170784 0.9478 0.260979 0.0663126
-2.84615 1.59584 0.499 -0.242022 -0.59824 0.712893 0.274441
-1.88361 -0.498126 0.499 0.356864 -0.510645 -0.398145 0.673327
