61.6 -1.77007 -0.32687 1
2.88075 1.80989 0.597411 -0.782837 0.249546 -0.419779 0.385588
-0.396674 0.00805981 0.499 0.406927 0.778467 -0.44977 0.161574
-0.0807319 1.66768 0.499 -0.439673 0.0514132 -0.796919 -0.411054
2.05722 -1.75629 0.499 -0.26825 0.507664 -0.469257 0.670908
-0.529436 -3.13252 0.499 0.505488 -0.685029 -0.0292373 0.523797
-4.28656 1.06336 0.499 0.640596 0.325489 0.406111 0.564596
-2.18256 1.17822 0.499 0.870942 -0.0680528 -0.469076 0.1296
-2.76672 -1.11675 0.499 0.701353 -0.109704 -0.439593 -0.550298
-3.09701 1.69272 0.499 -0.788755 0.0305616 0.493666 0.365
-1.50468 -0.506608 0.499 -0.0187371 0.561127 0.627687 0.539253
