54.3 -1.78655 -0.219634 1
-4.36257 3.43803 0.499 0.165843 0.491919 -0.786373 0.334857
-0.279891 -2.42185 0.499 -0.25784 -0.221971 0.538613 -0.770808
-4.05144 2.32958 0.499 -0.793134 -0.0512 0.497926 0.346968
2.52445 -1.47887 0.499 0.677531 -0.379896 0.120584 0.618135
1.66603 -2.51256 0.499 0.334476 -0.821882 0.444723 0.121889
-3.6229 0.589148 0.499 -0.727471 -0.375485 -0.181535 -0.544832
-2.55252 0.127602 0.499 -0.307557 0.515992 0.741372 0.299215
-1.03933 -3.31297 0.499 0.363341 -0.535116 0.226409 -0.728267
-3.26149 1.55455 0.499 0.203484 0.400459 -0.535262 -0.715347
-4.29302 -1.51092 0.499 0.508572 0.0274174 -0.797237 0.324062
