81.6 -1.69512 0.605462 1
0.0995506 3.84724 0.499 0.436572 0.165541 -0.884273 -0.00789287
3.08206 -0.755207 0.499 -0.579644 -0.378157 0.647713 -0.318558
-1.91484 0.87342 0.499191 -0.235183 0.55088 -0.800465 -0.0218304
-3.50925 3.66065 0.499 -0.289375 0.258726 -0.647128 0.656162
-0.743509 1.01774 0.499 0.449366 -0.888579 0.0856345 0.0341181
1.25247 0.198306 0.499 -0.364524 -0.273347 0.142059 -0.878762
3.15931 0.342619 0.499 0.783468 -0.327293 0.326404 0.415352
2.35614 -1.59891 0.499 -0.523611 0.36217 0.42709 0.642074
-0.163582 1.93323 0.499 -0.31147 0.485726 -0.807523 -0.122322
-0.423444 -0.0398921 0.499 0.333896 0.152596 0.606156 -0.705551
