83.2 -0.779601 -1.62241 1
-0.0596301 3.50031 0.532786 0.600815 -0.79001 -0.0115162 0.121541
2.02779 -0.813749 0.499 -0.247402 0.74033 0.423167 -0.460037
-2.50261 1.65216 0.499 0.260898 -0.0872921 -0.272396 0.922016
-3.87363 3.45687 0.551957 0.830685 -0.395531 0.391651 0.0112661
-0.586464 0.89174 0.499 -0.312007 -0.505713 0.708637 -0.380446
0.753564 -0.371579 0.499 -0.155788 -0.202806 -0.671756 -0.695229
1.3111 0.468271 0.499 0.364694 -0.0876369 -0.200429 -0.905067
1.67064 -2.17661 0.499 -0.465969 0.670652 0.478341 -0.322938
0.0428283 2.07517 0.499 0.820647 0.541773 -0.163856 0.0785618
-0.731528 -0.67552 0.499 0.0644198 -0.0984815 -0.348255 -0.929984
