63.2 0.139759 -1.79457 1
2.43214 -0.626667 0.499 -0.350539 -0.518038 -0.742409 -0.239973
-0.381536 0.864215 0.499001 0.726495 -0.647628 -0.218028 0.0724384
1.02291 1.09402 0.499 0.00309421 -0.957681 -0.222258 0.182862
1.0965 -2.06938 0.499 0.602118 -0.766948 0.085562 0.20475
-0.860848 -3.63676 0.499 0.154243 -0.694209 0.633574 -0.304741
-4.32148 0.944508 0.50813 0.409298 -0.561869 0.660446 -0.283881
-1.9085 1.27902 0.499 -0.0339071 -0.943735 0.192887 0.266475
-3.39289 -0.0374675 0.499 -0.883187 -0.214437 0.267602 0.31998
-3.0274 1.54894 0.499 -0.124966 0.885743 0.445207 -0.0404109
-0.550327 -0.713989 0.499 0.180426 0.0232604 0.325362 -0.927925
