87.3 -0.298961 1.775 1
1.10998 2.29588 0.499 -0.0998384 -0.698227 -0.660284 0.257947
1.16138 -0.234641 0.498998 0.0937542 -0.551286 -0.786826 -0.26115
-0.66543 0.389905 0.499 0.767554 0.0647809 -0.38475 -0.508559
-1.2012 1.64028 0.499 0.747146 -0.585945 -0.250871 -0.188427
-0.053573 2.30406 0.499 -0.82933 -0.309899 0.302804 0.352822
0.158742 -0.668041 0.499 -0.826322 -0.530264 0.188272 0.0237704
0.408976 0.6043 0.499 -0.145257 -0.845722 0.213104 0.467164
1.08786 -2.5182 0.499 -0.382145 0.446876 -0.598021 0.544645
1.43392 0.742812 0.499002 0.404339 -0.157896 -0.295904 -0.850894
-0.857193 -0.894186 0.499 -0.701913 -0.588084 -0.288161 0.280067
