1 1.79995 0.0134932 1
3.75651 0.873415 0.499 0.999954 0.00961854 3.57713e-05 -1.15251e-07
5.35071 1.77921 0.499 0.999954 0.00961854 3.57713e-05 -1.15251e-07
2.95941 -3.25702 0.499 0.999954 0.00961854 3.57713e-05 -1.15251e-07
1.4739 4.24298 0.499 0.999954 0.00961854 3.57713e-05 -1.15251e-07
4.80723 0.873415 0.499 0.999954 0.00961854 3.57713e-05 -1.15251e-07
2.271 -5.14108 0.499 0.999954 0.00961854 3.57713e-05 -1.15251e-07
4.8797 -2.71354 0.499 0.999954 0.00961854 3.57713e-05 -1.15251e-07
5.93042 -2.71354 0.499 0.999954 0.00961854 3.57713e-05 -1.15251e-07
3.8652 -0.93818 0.499 0.999954 0.00961854 3.57713e-05 -1.15251e-07
4.8797 -0.93818 0.499 0.999954 0.00961854 3.57713e-05 -1.15251e-07
