12.6 0.667896 1.6715 1
3.43304 1.34715 0.499 0.14339 0.769682 0.521303 -0.339517
5.02724 2.25294 0.499 0.14339 0.769682 0.521303 -0.339517
2.63594 -2.78329 0.499 0.14339 0.769682 0.521303 -0.339517
1.15043 4.71671 0.499 0.14339 0.769682 0.521303 -0.339517
4.48377 1.34715 0.499 0.14339 0.769682 0.521303 -0.339517
1.8311 -3.49396 0.499 0.698793 -0.0539837 0.571684 -0.426557
4.04845 -2.1829 0.499 0.337366 0.855496 0.37319 0.122639
4.83233 -1.5552 0.499 0.869069 0.481502 0.072319 0.0874322
3.54174 -0.464447 0.499 0.14339 0.769682 0.521303 -0.339517
4.55623 -0.464447 0.499 0.14339 0.769682 0.521303 -0.339517
