27.5 1.47391 -1.03324 1
1.79679 0.165028 0.499 0.765346 -0.0606926 -0.315401 -0.557749
2.88089 -0.30139 0.499 0.485941 -0.658122 -0.464924 -0.3385
1.97013 -4.10258 0.499 0.00778355 -0.903992 0.259691 0.339556
1.69095 2.65468 0.499 0.616331 -0.734826 0.0786761 -0.271988
3.39127 -1.18483 0.499 -0.721381 -0.567771 -0.0358556 0.394918
0.772483 -2.67142 0.499 0.573177 -0.694306 -0.379688 -0.212707
1.66584 -2.20673 0.499 -0.116935 -0.341713 0.928132 -0.0901649
2.54095 -1.71227 0.499 0.199949 -0.0941765 0.382813 0.896998
2.01201 -0.820702 0.499 0.729586 -0.273426 0.552438 -0.296236
4.16895 -2.67271 0.499 0.113686 -0.624835 0.734211 0.239981
