58.9 1.13837 1.39432 1
0.94198 2.80884 0.499 0.0825244 -0.0773902 -0.677887 -0.726409
-0.366044 -2.90442 0.504127 -0.824786 0.327004 0.29669 0.353229
-1.05485 1.99888 0.499 0.569054 -0.780108 0.226216 0.128198
3.41628 -1.96214 0.499 0.0981564 0.802335 0.530629 -0.255065
0.614278 -3.14434 0.499 -0.604849 -0.0488828 -0.581284 0.542104
-3.47227 0.366452 0.499 0.108164 -0.663221 -0.459975 0.580399
-2.16779 0.171447 0.499 -0.288806 0.39597 -0.865081 0.106927
-0.947829 -3.79907 0.499152 -0.430254 0.137332 0.617546 0.643939
-2.6654 1.04442 0.499 -0.112279 -0.618335 0.561469 -0.538339
-2.48681 -0.866919 0.499 -0.289193 -0.735567 -0.0977738 -0.604771
