22.6 -1.38936 -1.14441 1
1.98366 0.331941 0.498496 -0.5944 0.411814 -0.0620685 0.687929
2.97246 0.474279 0.499504 -0.414678 0.858193 -0.0175741 0.302058
1.56517 -3.87636 0.499 -0.370679 0.497581 -0.780963 0.0714645
0.56269 3.91205 0.499 -0.469695 0.26465 -0.737477 0.406787
2.98238 -0.595677 0.499 0.200546 0.613089 -0.518183 -0.561595
0.501877 -3.18657 0.499 -0.227442 0.780865 -0.189636 0.550054
1.63856 -2.58164 0.499 0.133639 -0.267116 -0.950449 0.08624
2.46415 -1.76852 0.499 -0.657088 -0.225522 -0.396507 -0.600131
2.0074 -0.859636 0.499 -0.327129 0.0191847 -0.754849 0.568174
3.53534 -1.6501 0.499 -0.479574 -0.0251915 -0.863972 -0.151415
