22.4 -1.46339 -1.04809 1
2.00065 0.368307 0.499 -0.639942 0.435908 -0.136834 0.617847
3.00234 0.537829 0.499 -0.447018 0.870841 -0.0461486 0.199201
1.56088 -3.8383 0.499 -0.343092 0.472346 -0.811877 -0.00582154
0.541534 3.93957 0.499 -0.447197 0.252926 -0.78744 0.340562
2.98259 -0.53859 0.499 0.210722 0.573886 -0.483298 -0.626637
0.500343 -3.1799 0.499 -0.292098 0.79847 -0.239677 0.4687
1.65745 -2.56444 0.499 0.241614 -0.244196 -0.938466 0.0356845
2.4758 -1.74492 0.499 -0.590188 -0.31486 -0.411209 -0.619232
2.01928 -0.831437 0.499 -0.278888 0.0684941 -0.816035 0.501614
3.52172 -1.57954 0.499 -0.423503 -0.0341389 -0.887437 -0.178707
