54.7 -1.62133 -0.781839 1
-4.44422 3.51436 0.499 0.418402 0.443769 -0.480779 0.629969
-0.354873 -2.59866 0.499 -0.328043 -0.224118 0.278494 -0.874414
-4.07439 2.41692 0.499 -0.716957 0.444361 0.535532 0.0414916
2.49264 -1.61972 0.499 0.562623 -0.449713 0.406526 0.562094
1.38179 -2.65844 0.499 0.14169 -0.781619 0.581745 -0.174838
-3.71257 0.483913 0.499 -0.827931 -0.152154 -0.375998 -0.387305
-2.6491 0.0221701 0.499 -0.163161 0.597956 0.784722 -0.0062143
-1.12801 -3.48761 0.499 0.144783 -0.649135 0.0749607 -0.742996
-3.34961 1.45919 0.499 0.335666 0.258067 -0.762265 -0.489573
-4.4471 -1.61984 0.499 0.503505 -0.170954 -0.64023 0.554404
