14.7 -0.0896458 1.79777 1
3.21659 1.38321 0.499 -0.218609 0.505551 0.531402 -0.643615
4.81079 2.28901 0.499 -0.218609 0.505551 0.531402 -0.643615
2.4323 -2.73533 0.499 -0.221628 0.505221 0.519041 -0.652862
0.933977 4.75278 0.499 -0.218609 0.505551 0.531402 -0.643615
4.26731 1.38321 0.499 -0.218609 0.505551 0.531402 -0.643615
1.53002 -3.19177 0.499 0.288519 -0.263313 0.739808 -0.54782
3.60977 -2.12019 0.499 0.124229 0.809117 0.568013 -0.085187
4.155 -1.26711 0.499 0.932528 0.342313 0.100029 -0.0566393
3.2786 -0.422268 0.499 -0.1768 0.519807 0.556195 -0.623851
4.27827 -0.256365 0.499 -0.144108 0.617029 0.354439 -0.687663
