34.9 -1.72492 0.514426 1
-0.685306 0.736344 0.499 -0.457494 0.452465 -0.55929 0.522656
1.20101 -0.126752 0.499 -0.708436 0.455872 -0.523137 -0.128944
0.106943 -3.19793 0.499 -0.103472 -0.28085 -0.602935 -0.739517
1.29829 0.91686 0.499 0.371474 -0.489769 -0.530579 0.583627
2.4748 -1.2024 0.499 -0.0601137 0.134661 0.767656 -0.623664
-1.12967 -1.56421 0.499 -0.850129 0.0307908 -0.345063 -0.396566
-0.140912 -1.20753 0.499 0.456804 0.589289 0.181826 -0.641099
1.03741 -1.11546 0.499 0.26031 -0.687088 -0.0083774 -0.67829
-0.214948 -0.168689 0.499 0.260054 0.0517878 -0.929336 -0.256952
1.31488 -2.83417 0.499 0.48301 0.429241 -0.734321 0.20791
