84.5 1.21785 -1.32546 1
0.420194 2.67771 0.499 0.635885 0.0506947 0.488594 -0.595279
1.65226 -0.841177 0.499036 0.499296 0.658294 -0.272787 0.492889
-1.95972 1.34044 0.499057 -0.346515 -0.769339 0.0376181 0.535378
-2.68119 2.07378 0.499 0.239143 0.624821 0.577849 -0.46744
-0.347334 0.990167 0.499001 -0.312048 0.313951 0.66397 -0.602664
0.632808 -0.783152 0.499 -0.375403 0.646516 -0.551007 -0.370784
0.563286 0.357989 0.542426 -0.7393 0.408401 -0.483458 -0.230029
1.5359 -2.60029 0.499 0.378647 0.605636 0.679354 -0.168255
0.568281 1.49315 0.499 0.36099 0.0696635 0.00917458 0.929919
-0.593978 -1.06174 0.499 -0.432709 0.534023 -0.623784 -0.372123
