95.6 -1.79385 0.148697 1
2.05727 -1.02889 0.499053 0.0882559 0.417536 0.842086 -0.329798
0.283642 -1.81343 0.499 -0.126656 0.923761 0.360187 0.0298288
-1.48504 -1.70974 0.499 -0.796731 0.157535 0.538124 -0.225445
-0.275089 -0.934732 0.499 0.870499 -0.179347 -0.456463 0.0413322
1.70865 3.30725 0.499 0.762581 0.562389 -0.266917 -0.175909
-0.613699 -2.30437 0.499 0.918877 0.230909 0.0209429 0.319229
-0.282332 2.27175 0.499 0.20115 0.206163 -0.871613 -0.396644
-1.73992 -2.72501 0.499 -0.602897 -0.72593 0.108255 0.312765
2.85679 -1.63058 0.498947 -0.895498 0.400756 0.156536 0.113906
-2.73102 -2.06064 0.499 0.194775 0.467946 0.552273 -0.661879
