108.9 -1.60994 0.805047 1
0.397841 -1.47258 0.499 0.102435 0.209028 0.955361 -0.181932
2.59448 -2.20862 0.499 -0.00697957 -0.974899 0.123735 0.184968
-0.859754 -0.0816234 0.499 0.816866 0.185518 -0.39508 -0.377128
1.05603 0.629304 0.499 0.0686717 -0.185472 0.959904 -0.198666
-1.63372 0.720386 0.499 -0.266641 -0.84302 -0.326614 0.333981
-0.586371 -1.74909 0.499 0.186493 -0.508658 0.184092 0.82012
-1.29477 4.73005 0.499 0.292985 0.309767 -0.873775 -0.233926
-3.10768 1.26554 0.499 -0.811902 -0.564679 0.140006 0.0484959
1.45184 -1.14821 0.499 0.533063 -0.0384631 -0.731465 -0.423465
1.45167 5.57232 0.499374 -0.235123 0.889439 0.170466 0.352926
