115 -0.72197 1.64887 1
2.24205 -0.00262653 0.499 -0.811185 0.147638 -0.158579 -0.54317
5.14443 1.93078 0.517435 -0.721691 -0.31886 0.538589 0.295656
0.68179 -1.28943 0.499 -0.550787 0.24123 0.278301 0.748993
3.2886 4.2913 0.499 0.393788 -0.0709696 0.916326 -0.0155206
-2.25058 -0.535335 0.499 -0.555622 0.27792 0.0687759 0.780586
1.7443 -0.97285 0.499 -0.337666 -0.298732 -0.214736 -0.866389
-1.27962 0.853894 0.499 -0.403269 -0.286182 0.473285 -0.729023
-2.71524 2.04682 0.499 -0.187356 -0.588326 -0.078054 0.782737
3.08963 0.528352 0.499 -0.600675 -0.0014362 0.645085 0.472285
-1.00222 -0.54907 0.499 -0.463166 0.13529 -0.658519 0.577518
