99 1.78927 -0.196232 1
2.87246 -2.89785 0.499 -0.427556 -0.46551 -0.532204 0.563254
0.650963 -2.92323 0.499 0.0525467 0.336085 -0.895997 0.285439
-1.32674 -2.55189 0.499 0.270059 0.768486 0.572072 0.0960759
0.220416 -2.01408 0.499 0.366333 -0.326775 -0.0774916 -0.867763
2.87201 3.15994 0.499 0.141551 -0.780238 -0.583945 -0.173779
-0.574586 -3.22771 0.499 0.578695 -0.0297406 -0.663329 -0.473521
-0.221725 2.40206 0.499 -0.422548 -0.875957 0.226822 -0.0520014
-2.35812 -3.32618 0.539198 0.915843 0.376984 0.13782 -0.0109386
3.97188 -3.12505 0.499 0.481387 0.671201 0.424259 0.37116
-3.01708 -2.16943 0.515637 0.180132 0.564719 -0.723157 -0.354527
