67.8 -1.64343 0.734251 1
1.42636 -1.87038 0.499 0.729153 -0.304545 -0.612843 0.00328473
0.410214 3.71701 0.498996 -0.168681 -0.842931 -0.0667834 0.506512
4.12988 1.16961 0.526334 0.125771 -0.580987 -0.767318 -0.240537
-1.49478 -1.31612 0.499 0.591642 -0.344835 -0.306583 0.661101
-1.89523 -2.97602 0.499 0.0584541 0.350097 -0.85736 0.37276
-0.968014 1.96284 0.499 0.249607 0.0795368 -0.65262 -0.710955
-0.558952 3.47064 0.499004 -0.156957 0.441027 0.131577 0.873812
-1.60455 -0.233809 0.499 0.362676 0.185092 -0.764089 -0.500374
-1.56446 3.9575 0.499 -0.224486 0.395744 -0.3085 -0.835356
2.27633 0.492138 0.499 -0.777914 -0.137845 0.61149 -0.0439067
