106.3 1.72182 0.524709 1
-0.0525814 -2.40959 0.498984 0.777761 0.316967 -0.502719 -0.204678
-0.295315 -3.56595 0.499 0.0630192 0.984853 -0.151488 0.0560684
-0.557086 -1.29739 0.498997 -0.327051 -0.499842 -0.798596 0.0737565
0.499581 -1.5013 0.503022 0.324537 -0.429431 -0.668542 0.513144
-0.661406 0.0454781 0.499226 -0.91376 -0.307414 -0.262751 0.0387377
-1.65927 -3.00657 0.499 -0.301233 0.549125 -0.262955 -0.733877
-0.759271 3.80529 0.499 0.198906 0.789458 -0.425747 0.394883
-1.77013 -0.122186 0.499 0.352898 -0.324699 -0.316553 -0.81843
1.2184 -2.22621 0.499002 0.601085 0.377955 -0.591758 0.381666
2.13352 4.06849 0.499 -0.0512981 -0.85009 0.296229 0.432393
