38.5 0.21755 -1.78681 1
-0.915308 0.284118 0.499 0.650017 -0.691159 0.00623385 -0.315815
1.37477 -1.38339 0.499 -0.204192 -0.329816 0.298704 0.871954
-0.556616 -3.15441 0.499 0.295785 -0.292178 0.851479 0.319572
2.16377 -0.467035 0.499 0.421744 -0.681332 0.32011 -0.505418
3.02902 -2.08358 0.499 -0.161393 0.84992 -0.501342 -0.0156674
-1.05497 -1.8982 0.499 0.343262 -0.332713 0.219398 0.850493
-0.0447245 -1.65314 0.499 -0.719291 -0.220522 -0.648557 0.115599
1.15646 -2.36012 0.499 -0.728497 0.546816 0.35791 -0.205389
-0.26722 -0.570136 0.499 -0.341331 -0.665298 0.661239 -0.0602835
0.486251 -3.14314 0.499 -0.125314 -0.30757 0.729217 -0.598281
