54.6 -1.67991 -0.646454 1
-4.42733 3.49655 0.499 0.366962 0.472814 -0.570733 0.562183
-0.339749 -2.55351 0.499 -0.315871 -0.23371 0.345823 -0.852063
-4.07236 2.39561 0.499 -0.76741 0.329288 0.536413 0.122117
2.49703 -1.58335 0.499 0.595931 -0.429219 0.341628 0.586453
1.44922 -2.62105 0.499 0.190032 -0.803024 0.55717 -0.0927437
-3.69376 0.51122 0.499 -0.808713 -0.217059 -0.336956 -0.430498
-2.62857 0.0494754 0.499 -0.210369 0.584684 0.780538 0.0681909
-1.10946 -3.443 0.499 0.201472 -0.631621 0.117865 -0.739304
-3.33122 1.48388 0.499 0.311977 0.293103 -0.710645 -0.558341
-4.4122 -1.59166 0.499 0.517233 -0.116896 -0.683872 0.501123
