21.7 -1.66484 -0.684341 1
2.06964 0.503038 0.499 -0.749271 0.445613 -0.364291 0.327588
3.13179 0.768185 0.499 -0.53457 0.822855 -0.124613 -0.147023
1.56234 -3.6975 0.499 -0.269125 0.353041 -0.854555 -0.269573
0.483958 4.0435 0.499 -0.381861 0.178311 -0.902705 0.0866704
2.99979 -0.33117 0.499 0.206681 0.440961 -0.33442 -0.806845
0.511441 -3.14895 0.499 -0.508885 0.753821 -0.379463 0.169702
1.74004 -2.49662 0.499 0.550478 -0.132848 -0.807169 -0.166741
2.53305 -1.65468 0.499 -0.31401 -0.574731 -0.38872 -0.648058
2.07735 -0.725123 0.499 -0.123666 0.208453 -0.946233 0.214239
3.49051 -1.32496 0.499 -0.251541 -0.0631837 -0.922222 -0.28678
