69.4 -0.902272 -1.55753 1
0.69378 -0.954197 0.499 -0.59865 -0.589511 0.423051 -0.339298
0.731186 3.58747 0.523481 -0.400048 0.42228 0.33295 0.742149
3.33315 -0.380562 0.499 -0.0715454 -0.374626 0.318367 -0.867859
-2.65128 -1.55293 0.499 0.236458 -0.597358 0.363177 -0.674799
-2.6363 -2.95045 0.499 0.39986 -0.860654 0.0668683 0.308084
-0.118844 1.69118 0.499 0.247051 -0.926169 0.146473 0.244382
-0.286857 3.62325 0.499017 0.582 0.61967 0.356511 -0.387538
-1.19024 -0.755929 0.499 0.185131 -0.9764 -0.110747 -0.0101966
-1.33213 3.58787 0.541995 0.380111 -0.545482 -0.724856 -0.180411
1.96643 0.266913 0.499 -0.704248 0.539612 -0.387808 -0.249918
