57.4 1.6419 -0.737674 1
-1.02059 2.80305 0.499 -0.426337 0.257716 -0.263344 0.826117
-0.342606 -3.38807 0.499 -0.321648 0.923312 -0.050312 -0.203732
-2.13838 1.86163 0.499 -0.694738 -0.13296 -0.701329 0.0883033
3.11484 -2.23011 0.499 0.511478 -0.00135566 0.423935 -0.747441
0.717268 -3.34579 0.499 -0.229098 0.940759 -0.24163 0.064042
-3.61189 -0.27978 0.499 -0.127807 -0.159172 0.312977 0.927564
-2.47431 -0.309103 0.499 0.552999 0.414335 -0.716011 0.0992266
-0.899904 -4.28601 0.499 -0.753845 0.485688 0.366617 -0.247824
-2.89399 0.701825 0.499 -0.717101 -0.511822 -0.379349 -0.282663
-3.8251 -1.48386 0.49919 -0.476431 -0.613873 0.398116 -0.487522
