33 -0.554922 1.71233 1
0.0634701 0.970384 0.499 -0.915807 -0.062872 -0.334136 -0.21377
1.70638 0.195359 0.499 -0.864526 -0.0712116 0.332768 -0.36985
0.786625 -3.24213 0.499 0.465562 0.417176 0.36658 -0.689083
1.49867 1.81898 0.499 -0.432834 -0.285538 -0.854955 0.013182
2.80967 -0.741967 0.499 0.481944 0.346619 0.762188 0.258174
-0.541712 -1.39257 0.499 -0.369006 -0.369175 0.542584 -0.658139
0.435707 -0.976991 0.499 -0.0944988 0.878181 0.424104 0.200008
1.53386 -0.790643 0.499 0.774674 0.216864 0.115745 -0.582626
0.440025 0.0385507 0.499 -0.221929 0.55882 -0.297763 -0.741488
2.81127 -2.72313 0.499 0.00373788 0.770464 -0.278946 -0.573201
