87.4 -0.460104 1.7402 1
1.10443 2.27524 0.499 0.0356016 -0.735642 -0.628837 0.249253
1.13221 -0.244224 0.499 0.118473 -0.568811 -0.769017 -0.266516
-0.684864 0.371246 0.499 0.822122 0.101698 -0.300252 -0.472887
-1.20234 1.62423 0.499 0.814664 -0.535099 -0.135713 -0.177692
-0.0460119 2.33497 0.499 -0.851431 -0.335806 0.214684 0.340896
0.119338 -0.670988 0.499 -0.813428 -0.568579 0.117393 0.0356642
0.389083 0.641692 0.499 -0.113829 -0.842816 0.224439 0.475743
1.04303 -2.51649 0.499 -0.406167 0.471244 -0.621947 0.475541
1.43348 0.730069 0.499 0.498775 -0.172709 -0.218032 -0.820888
-0.900065 -0.890295 0.499 -0.654932 -0.60813 -0.3334 0.300145
