69.1 -1.29113 -1.25418 1
0.793878 -1.09819 0.499 -0.287194 -0.874863 0.26706 -0.284276
0.557772 3.97791 0.514962 -0.539186 0.303828 0.412631 0.668358
3.34607 -0.0796145 0.499 0.0993125 -0.612039 0.164844 -0.767054
-2.47686 -1.48984 0.499 0.466281 -0.714543 0.36073 -0.376676
-2.54033 -2.93764 0.499 0.527206 -0.676809 -0.187768 0.478253
-0.319422 1.76356 0.499 0.426948 -0.901702 0.0122508 0.0670698
-0.398584 3.69554 0.500091 0.384062 0.773797 0.404811 -0.299771
-1.31169 -0.64331 0.499 0.372449 -0.887114 -0.25427 -0.098269
-1.39266 3.9498 0.536637 0.325802 -0.448827 -0.793712 -0.249855
2.09023 0.342959 0.499043 -0.804349 0.358888 -0.367347 -0.298795
