17.3 -1.12315 1.40661 1
2.92129 1.27142 0.499 -0.418446 0.0181822 0.0378235 -0.907272
4.47353 2.15139 0.501797 -0.421166 0.0424793 0.073732 -0.902983
2.09419 -2.86506 0.499 -0.378027 0.0392833 0.0616341 -0.922905
0.638678 4.64099 0.499 -0.418446 0.0181822 0.0378235 -0.907272
3.97201 1.27142 0.499 -0.418446 0.0181822 0.0378235 -0.907272
1.0765 -3.01426 0.499 -0.427576 -0.431833 0.423508 -0.671818
2.77579 -2.12611 0.499 0.285446 0.751591 0.409691 -0.431027
3.37614 -1.20624 0.499 0.917127 -0.11546 0.234276 -0.301102
2.76299 -0.412214 0.499 -0.258645 0.198053 0.103664 -0.939751
3.87424 -0.0527755 0.499 -0.166343 0.200334 -0.398098 -0.879611
