85.1 1.73091 -0.493925 1
0.696848 2.53409 0.499 0.296366 0.731447 0.407682 -0.45929
1.62009 -0.754639 0.499 0.368253 0.224919 -0.596882 0.676412
-1.44055 0.983827 0.499 -0.513121 -0.782989 -0.256927 0.240049
-2.08187 1.87199 0.499 -0.436233 0.859039 0.261978 -0.0558645
-0.339514 1.2607 0.499 -0.241605 0.477703 0.742152 -0.403283
0.566739 -0.834658 0.499 -0.560553 0.786128 -0.110532 -0.235723
0.506986 0.245334 0.499002 -0.920448 0.229105 -0.304038 0.0885807
1.53795 -2.67846 0.499 0.594819 0.479164 0.582355 0.278307
0.855662 1.22099 0.499 -0.184806 -0.0916569 -0.238114 0.949077
-0.494887 -1.10958 0.499 -0.720738 0.604025 -0.327611 -0.0914385
