20.5 -1.79991 -0.0183702 1
2.24799 0.746127 0.499 -0.775813 0.270682 -0.533671 -0.200102
3.4138 1.1752 0.499 -0.587746 0.547498 -0.142059 -0.578463
1.62492 -3.44399 0.499 -0.228877 0.126315 -0.722129 -0.640461
0.445341 4.2338 0.499 -0.336828 0.00444702 -0.87084 -0.358
3.16242 0.108876 0.499 0.0582497 0.175828 -0.137426 -0.973039
0.590552 -3.08378 0.499 -0.77003 0.3978 -0.407887 -0.287119
1.9417 -2.36823 0.499 0.768832 0.140979 -0.397293 -0.480814
2.6859 -1.49834 0.499 0.191017 -0.755103 -0.158281 -0.60686
2.20764 -0.580599 0.499 -0.0412866 0.234073 -0.900263 -0.364736
3.50966 -0.862209 0.499 -0.0723833 -0.0938354 -0.874986 -0.46942
