2.9 1.79642 0.11344 1
3.7555 0.901975 0.499 0.996717 0.0809209 0.00255017 -6.8998e-05
5.3497 1.80777 0.499 0.996717 0.0809209 0.00255017 -6.8998e-05
2.9584 -3.22846 0.499 0.996717 0.0809209 0.00255017 -6.8998e-05
1.47289 4.27154 0.499 0.996717 0.0809209 0.00255017 -6.8998e-05
4.80622 0.901975 0.499 0.996717 0.0809209 0.00255017 -6.8998e-05
2.26991 -5.10672 0.499103 0.997158 0.0753001 0.0024573 -0.000343626
4.87869 -2.68498 0.499 0.996717 0.0809209 0.00255017 -6.8998e-05
5.92941 -2.68498 0.499 0.996717 0.0809209 0.00255017 -6.8998e-05
3.8642 -0.90962 0.499 0.996717 0.0809209 0.00255017 -6.8998e-05
4.87869 -0.90962 0.499 0.996717 0.0809209 0.00255017 -6.8998e-05
