79.9 0.582923 1.703 1
0.505432 3.09802 0.499 -0.161698 0.767685 -0.556036 0.274478
3.99685 -1.02212 0.499 -0.531338 -0.312413 0.171625 -0.76852
-1.91223 -0.79015 0.499 -0.639575 0.693332 0.0971183 -0.317494
-2.80423 2.82555 0.499 -0.506777 0.445164 0.337335 -0.656667
-0.650846 0.671175 0.498997 -0.215844 -0.371939 -0.901763 -0.0435484
1.97642 0.2528 0.499 -0.400783 0.73387 -0.14986 -0.527589
4.67228 -0.0128062 0.499 -0.620905 -0.612476 0.418037 0.254155
2.9786 -1.50929 0.499 0.339802 -0.753854 0.496163 0.26469
-0.0810986 1.49299 0.499003 -0.397836 -0.0409616 0.0145102 0.916427
0.17766 -0.0298833 0.499 0.763116 0.228018 0.10109 -0.59619
