13 0.537685 1.71782 1
3.39584 1.36038 0.499 0.0688187 0.739208 0.543199 -0.392136
4.99004 2.26618 0.499 0.0688187 0.739208 0.543199 -0.392136
2.59873 -2.77006 0.499 0.0688187 0.739208 0.543199 -0.392136
1.11323 4.72994 0.499 0.0688187 0.739208 0.543199 -0.392136
4.44656 1.36038 0.499 0.0688187 0.739208 0.543199 -0.392136
1.7864 -3.42355 0.499 0.634498 -0.0919932 0.620038 -0.45222
3.96892 -2.16459 0.499 0.290129 0.858266 0.411467 0.0994994
4.7155 -1.48568 0.499 0.880676 0.463805 0.0753376 0.0601524
3.50453 -0.451215 0.499 0.0688187 0.739208 0.543199 -0.392136
4.51902 -0.451215 0.499 0.0688187 0.739208 0.543199 -0.392136
