105.9 1.79551 -0.127114 1
-0.373922 -2.6543 0.499 0.627973 0.157585 -0.490304 -0.583454
-0.870835 -3.76941 0.499 0.00294192 0.979992 0.0520236 0.192097
-0.510823 -1.24366 0.499 -0.0693202 -0.626597 -0.697215 0.341266
0.335217 -1.79646 0.499 0.22473 -0.252238 -0.655042 0.675864
-0.652951 -0.0245295 0.539991 -0.863065 -0.203636 -0.428464 0.173408
-2.08498 -3.46095 0.499 -0.182808 0.730473 -0.196258 -0.628071
-0.800897 3.65609 0.499 0.358986 0.850664 -0.274751 0.26835
-1.65454 -0.328946 0.49898 0.533104 -0.279949 -0.327046 -0.728333
1.18206 -2.32831 0.499 0.822413 0.316897 -0.373697 0.289074
1.79017 3.66542 0.499 -0.0514697 -0.928238 0.00487189 0.368376
