66.5 0.072751 1.79853 1
2.09444 -3.07913 0.661393 0.310158 0.558635 -0.384456 0.666275
0.385136 2.99241 0.499 -0.00402094 -0.830135 -0.112069 -0.546168
3.78258 1.29562 0.499 -0.534149 0.805849 -0.255125 -0.014271
-0.412737 -1.50359 0.499 -0.389181 0.189406 -0.298754 0.850535
-1.13797 -3.37168 0.498927 -0.519691 0.826571 -0.118165 0.180937
-1.50986 1.79267 0.499 -0.426672 0.755669 -0.190871 0.458785
-0.612969 2.87868 0.499 -0.120832 -0.81331 0.148933 0.549313
-1.80118 -0.170631 0.499 -0.235756 0.845418 -0.369858 0.304783
-1.58462 3.30051 0.499 -0.270783 0.915627 0.29657 0.0187259
1.83276 0.164879 0.499 0.638129 0.164352 0.751292 -0.036617
