26.8 1.12385 -1.40605 1
1.83998 0.086825 0.499 0.847504 -0.432016 -0.15345 -0.267493
2.91094 -0.306845 0.499 0.380225 -0.826982 -0.388857 0.142551
1.92915 -4.17225 0.499 -0.329355 -0.7151 0.357178 0.502575
1.54159 2.75434 0.499 0.231045 -0.97052 -0.0645179 -0.0233932
3.30616 -1.23691 0.499 -0.816766 -0.193415 -0.080633 0.53757
0.765594 -2.84081 0.499 0.530255 -0.799608 -0.243192 0.142529
1.65088 -2.37308 0.499 -0.460623 -0.32725 0.811018 -0.151602
2.50074 -1.84138 0.499 -0.0171551 0.100284 0.608935 0.786668
2.02834 -0.928996 0.499 0.420101 -0.592779 0.646854 -0.231748
4.0953 -2.62862 0.499 -0.35727 -0.570945 0.733814 0.0888647
