86.8 0.516843 1.7242 1
1.11246 2.37165 0.499 -0.68755 -0.279101 -0.600864 0.297219
1.27447 -0.217938 0.498951 0.020195 -0.499415 -0.854877 -0.139149
-0.59871 0.462093 0.499 0.404936 -0.198157 -0.694046 -0.561303
-1.21528 1.68885 0.499 0.182041 -0.69396 -0.686021 -0.121061
-0.119327 2.12478 0.499 -0.659612 -0.0719798 0.656978 0.357926
0.328766 -0.678666 0.499 -0.85526 -0.23843 0.459535 -0.0225528
0.475771 0.399302 0.49906 -0.351319 -0.793208 0.156236 0.472214
1.28518 -2.55253 0.499 -0.163213 0.345993 -0.402445 0.831678
1.40401 0.804901 0.499 -0.133783 -0.139245 -0.635897 -0.747227
-0.668663 -0.940369 0.499 -0.898601 -0.377911 -0.0759695 0.209591
