48.1 0.131527 -1.79519 1
-3.0364 0.821864 0.499 0.591864 -0.738495 -0.0244921 -0.322058
0.641878 -2.54091 0.499 -0.496594 0.528144 0.105775 0.680639
-4.11764 -1.43762 0.499 0.558063 -0.223971 0.775162 -0.193719
2.74982 -1.90075 0.499 0.410301 -0.189029 0.428309 -0.782606
3.04739 -2.86126 0.499 0.521378 0.538184 -0.197014 -0.632225
-2.40405 -0.739588 0.499 0.251864 -0.0449509 0.372418 0.892104
-1.29597 -1.09773 0.499 0.0311763 0.0801879 -0.984361 0.153725
0.0947801 -3.46562 0.499 -0.762093 0.526549 0.241156 -0.289491
-1.89008 0.137894 0.499 -0.63901 -0.661422 0.333779 0.206832
-2.14524 -2.68214 0.499 -0.21379 -0.467404 0.554023 -0.654893
