19.9 -1.77357 0.307352 1
2.364 0.865598 0.499 -0.730264 0.157324 -0.50777 -0.429107
3.58163 1.37663 0.499 -0.572253 0.394544 -0.103139 -0.711494
1.68303 -3.31931 0.499 -0.241932 0.0404003 -0.589242 -0.769825
0.452858 4.32687 0.499 -0.34436 -0.0652302 -0.758392 -0.549547
3.29572 0.353061 0.499 -0.0527537 0.0589272 -0.0693017 -0.994456
0.656933 -3.05326 0.499 -0.81829 0.167556 -0.314148 -0.451262
2.06936 -2.3061 0.499 0.745632 0.290755 -0.178371 -0.572432
2.78658 -1.42685 0.499 0.410038 -0.718431 -0.0170279 -0.561637
2.28303 -0.532302 0.499 -0.0610075 0.193803 -0.767421 -0.608098
3.55143 -0.626886 0.499 -0.0398958 -0.088204 -0.831949 -0.546342
