19.3 -1.69211 0.613816 1
2.49575 0.979567 0.499 -0.656576 0.0603184 -0.427472 -0.618496
3.76521 1.57257 0.499 -0.534652 0.262427 -0.0477838 -0.801871
1.7569 -3.20014 0.499 -0.268263 -0.0138118 -0.434404 -0.859731
0.476125 4.41444 0.499 -0.364327 -0.105467 -0.599973 -0.704397
3.44478 0.591745 0.499 -0.164588 -0.0198669 -0.010885 -0.986102
0.739064 -3.02825 0.499 -0.805923 -0.0490578 -0.16752 -0.565702
2.21277 -2.24948 0.499 0.664998 0.431819 0.0171175 -0.609111
2.90302 -1.36085 0.499 0.591881 -0.618067 0.102206 -0.507173
2.37418 -0.489506 0.499 -0.103626 0.163403 -0.58342 -0.788785
3.60894 -0.397066 0.499 -0.041028 -0.0599084 -0.788269 -0.611032
