18.9 -1.61082 0.803278 1
2.5913 1.0513 0.499 -0.595277 0.0119235 -0.354408 -0.72104
3.8953 1.69895 0.499 -0.499873 0.191157 -0.00807939 -0.844702
1.81385 -3.12493 0.499 -0.289708 -0.0306592 -0.32658 -0.899153
0.499347 4.46858 0.499 -0.38058 -0.112456 -0.477454 -0.783933
3.55186 0.746614 0.498999 -0.238009 -0.051606 0.0206799 -0.969671
0.801528 -3.01582 0.499 -0.766339 -0.173367 -0.051969 -0.616415
2.31608 -2.21598 0.499 0.592437 0.5163 0.128323 -0.604968
2.98836 -1.3211 0.499 0.690274 -0.527476 0.162608 -0.467814
2.44265 -0.465217 0.499 -0.138389 0.152804 -0.444782 -0.87159
3.65499 -0.248091 0.499001 -0.0575836 -0.0287511 -0.761739 -0.644679
