23 -1.22032 -1.32319 1
1.94751 0.264282 0.499 -0.488906 0.32707 0.0985262 0.802676
2.94628 0.352783 0.499 -0.345175 0.80447 0.0383737 0.481881
1.57975 -3.94851 0.499 -0.432471 0.52976 -0.694541 0.223464
0.611001 3.86097 0.499 -0.517151 0.270856 -0.618186 0.526343
2.98796 -0.705892 0.499 0.161675 0.687305 -0.573622 -0.415247
0.510946 -3.19594 0.499 -0.0998026 0.703202 -0.0850694 0.698791
1.60678 -2.61209 0.499 -0.0981382 -0.301025 -0.933336 0.169223
2.44685 -1.81177 0.499 -0.767563 -0.0369221 -0.335549 -0.544877
1.98963 -0.912073 0.499 -0.420807 -0.0916468 -0.603972 0.670627
3.56859 -1.78726 0.499 -0.596887 -0.00978294 -0.795562 -0.103495
