13.3 0.435154 1.74661 1
3.36654 1.3686 0.499 0.013664 0.709823 0.554678 -0.433933
4.96074 2.2744 0.499 0.013664 0.709823 0.554678 -0.433933
2.56944 -2.76183 0.499 0.013664 0.709823 0.554678 -0.433933
1.08393 4.73817 0.499 0.013664 0.709823 0.554678 -0.433933
4.41726 1.3686 0.499 0.013664 0.709823 0.554678 -0.433933
1.75149 -3.37245 0.499 0.579936 -0.124241 0.652931 -0.471084
3.90787 -2.15256 0.499 0.256088 0.857007 0.440464 0.077134
4.6255 -1.43518 0.499 0.890468 0.446577 0.079256 0.036784
3.47523 -0.442989 0.499 0.013664 0.709823 0.554678 -0.433933
4.48973 -0.442989 0.499 0.013664 0.709823 0.554678 -0.433933
