83.3 -0.627895 -1.68693 1
-0.039876 3.37721 0.516165 0.599999 -0.794331 0.0759265 0.0572179
1.98073 -0.822945 0.499 -0.165779 0.805587 0.383182 -0.420379
-2.52194 1.69196 0.499 0.257306 -0.177327 -0.182763 0.932173
-3.77841 3.27425 0.55401 0.825455 -0.352172 0.431539 -0.091507
-0.559145 0.877231 0.499 -0.341102 -0.432209 0.714232 -0.432108
0.741391 -0.411952 0.49904 -0.162592 -0.145036 -0.707746 -0.67203
1.21454 0.468049 0.49896 0.25951 -0.0384256 -0.277945 -0.92408
1.64783 -2.21674 0.499 -0.410464 0.676315 0.498103 -0.354982
0.0735608 2.07552 0.499 0.849473 0.493207 -0.123096 0.141388
-0.730987 -0.71578 0.499 0.0404011 -0.0619573 -0.415216 -0.906711
