102.3 -1.75367 0.405776 1
0.517921 -2.86842 0.499 0.585896 0.100541 -0.0812866 0.800006
-0.481992 -3.00806 0.499 -0.125903 -0.602428 -0.104808 -0.781181
-0.568957 -1.32495 0.498997 -0.7437 0.666752 -0.046631 0.0133403
0.423194 -1.736 0.498901 -0.824298 0.498618 0.263267 0.0510206
2.41926 3.22196 0.498994 0.703842 0.400475 0.550178 -0.20379
-1.44276 -3.31435 0.499 -0.393431 -0.483351 0.356736 -0.695934
-0.791394 3.51967 0.499 -0.281405 -0.24296 0.867975 0.329242
-1.56908 -1.42883 0.499003 -0.763419 -0.216755 -0.247464 0.555851
1.37736 -2.12814 0.499083 -0.713908 -0.111045 0.168892 0.670433
-0.947559 1.20544 0.499 -0.266538 -0.090379 0.787473 0.548338
