61.7 -1.73274 -0.487445 1
2.8345 1.65904 0.594181 -0.755643 0.208813 -0.505613 0.360218
-0.397616 0.0843378 0.499 0.516675 0.730267 -0.416238 0.162797
-0.041118 1.62525 0.499 -0.387191 -0.0465169 -0.848487 -0.357755
1.97954 -1.77308 0.499 -0.177612 0.471745 -0.466929 0.726559
-0.567685 -3.16111 0.499 0.490866 -0.698448 0.0371336 0.519463
-4.31076 1.06002 0.499 0.630004 0.287766 0.483902 0.534907
-2.18284 1.1872 0.499 0.881286 -0.138012 -0.412906 0.183838
-2.82363 -1.04666 0.499 0.652637 -0.251022 -0.495535 -0.515265
-3.11003 1.68724 0.499 -0.804277 0.104664 0.480272 0.333951
-1.46291 -0.519081 0.499 -0.051661 0.583122 0.693948 0.419208
