31.9 0.396371 1.75582 1
0.575288 0.920121 0.499 -0.906264 0.0105231 0.0889443 -0.413114
2.07728 0.196085 0.499 -0.504758 0.0774767 0.756055 -0.409386
1.2585 -3.45358 0.499001 0.662703 0.619312 0.399324 -0.133487
1.693 2.1555 0.499 -0.917904 0.156999 -0.355805 -0.0787773
3.08187 -0.661161 0.499 0.868265 0.0972094 0.293843 0.387713
-0.122998 -1.47896 0.499 0.0768708 -0.0913334 0.685387 -0.718327
0.847856 -1.02928 0.499 0.060913 0.644036 0.377848 0.662373
1.8996 -0.788349 0.499 0.761144 0.515633 -0.280654 -0.27571
0.897537 -0.0272279 0.499 -0.332219 0.83637 -0.033429 -0.434739
3.69514 -2.82263 0.499 -0.036118 0.837758 -0.178705 -0.514706
