101.2 -0.592799 1.69959 1
1.57593 -2.87818 0.496859 0.879826 -0.0100691 -0.0890177 0.466777
0.585245 -2.81853 0.502759 -0.151832 -0.545434 -0.441266 -0.696228
-0.532307 -1.57636 0.499 -0.689069 0.397053 0.357733 0.489449
0.528517 -1.771 0.499 -0.369725 0.430068 0.808859 -0.15522
3.40794 3.88678 0.499 0.944972 0.191231 0.0583504 -0.258948
-0.545024 -3.099 0.499 -0.449462 0.00173704 0.305506 -0.839433
-0.410725 3.30559 0.499 0.22275 -0.595968 0.746594 0.194426
-1.59657 -1.87993 0.499 -0.440781 -0.466413 0.228578 -0.732068
2.70534 -2.5551 0.499001 -0.590007 -0.210859 -0.0966447 0.773363
-1.43747 0.253198 0.499 0.320123 -0.929044 -0.178572 0.0500982
