47.2 -0.971543 -1.51529 1
-3.15355 0.857266 0.499 0.549889 -0.508276 0.395936 0.531519
0.394582 -2.34658 0.499 -0.450362 0.808414 -0.374117 0.0606456
-4.09947 -1.50888 0.499 -0.35479 -0.232238 0.788173 0.446063
2.40245 -1.73683 0.499 0.20347 -0.694348 0.627266 -0.288128
2.7254 -2.68663 0.499 0.445149 -0.000693875 0.301528 -0.843162
-2.5664 -0.728431 0.499 -0.25258 0.687209 0.169405 0.659734
-1.49467 -1.06398 0.499 0.753818 0.209127 -0.590572 -0.198114
-0.121692 -3.27617 0.499 -0.659132 -0.00430697 -0.306276 -0.68682
-2.06255 0.145604 0.499 -0.476759 -0.407459 -0.430624 0.649031
-2.21456 -2.64054 0.499 -0.379732 -0.895427 0.167541 0.161068
