54.1 -1.79854 0.0724762 1
-4.30847 3.39303 0.499 0.0038644 0.454705 -0.872144 0.180539
-0.228515 -2.33896 0.499 -0.200046 -0.182641 0.651475 -0.708664
-4.02553 2.28208 0.499 -0.707855 -0.306733 0.442981 0.456754
2.55387 -1.41479 0.499 0.70806 -0.360418 -0.0416632 0.605817
1.82211 -2.44495 0.499 0.421251 -0.806945 0.342761 0.232167
-3.56429 0.635991 0.499 -0.655753 -0.443188 -0.0562738 -0.60861
-2.49034 0.174809 0.499 -0.333368 0.446156 0.698821 0.448843
-0.981103 -3.23116 0.499 0.461631 -0.439711 0.274364 -0.719913
-3.20347 1.59694 0.499 0.110471 0.472965 -0.409008 -0.772537
-4.20209 -1.46197 0.499 0.462791 0.107199 -0.856026 0.203844
