91.6 1.47959 -1.02509 1
1.61085 0.0865258 0.499 -0.465386 0.874616 -0.135604 0.00860716
0.591682 -1.62878 0.499 -0.294827 -0.33244 0.810396 -0.381862
-1.04359 -1.34881 0.499 0.238234 -0.618043 0.0912042 -0.743606
-0.561675 -0.356771 0.499 -0.447571 0.66675 0.575965 0.152933
0.906037 2.33045 0.499 0.230723 0.191178 0.283074 0.911091
-0.281199 -2.15635 0.499 -0.509829 -0.177455 0.312758 0.781516
0.135893 0.962558 0.499 0.653988 0.61907 0.121325 -0.41753
-0.0382847 -3.69491 0.499 0.197817 0.0393787 -0.326248 0.923515
2.17726 -1.03586 0.499 -0.539871 -0.539079 0.0353948 -0.645508
-1.8412 -2.01059 0.499 0.272917 -0.782858 0.444486 0.339236
