65.1 1.74506 0.441307 1
2.46893 -3.0732 0.499 0.372341 0.1774 0.901921 -0.128178
0.0300539 1.96669 0.499012 -0.25133 -0.559796 -0.301152 -0.72991
2.85827 1.06411 0.499 0.477957 0.147596 0.865838 0.00990711
0.413531 -1.94194 0.499 -0.471081 0.722309 0.25198 -0.439157
-0.807979 -3.73143 0.499 0.184161 0.76869 0.394148 -0.468879
-2.39398 1.30227 0.499 0.293644 -0.0432317 0.841999 0.45049
-0.982097 1.9537 0.499005 -0.395628 -0.807938 0.313872 -0.303642
-2.38115 -0.255184 0.499 -0.168921 0.701303 0.487334 0.492084
-1.92251 2.3166 0.498995 0.34079 0.759338 0.461722 0.306727
1.00915 -0.411789 0.499 0.80538 0.0195105 -0.164834 -0.569045
