94.2 -0.367161 1.76216 1
2.19021 -0.460169 0.499 0.798605 -0.599905 0.0468019 0.0124103
0.615971 -1.51504 0.498997 0.102295 0.619521 0.580796 0.518077
-1.0443 -1.4097 0.499 0.0314189 0.672142 0.712147 0.200211
0.00153168 -0.706056 0.499038 0.101937 -0.181953 -0.926053 0.314527
1.71846 3.14398 0.499 -0.223403 0.207392 -0.914757 0.265141
-0.185898 -2.19188 0.499 0.689371 -0.390488 -0.435958 0.426881
0.16661 1.98921 0.499 -0.278757 0.67322 -0.636941 -0.251746
-0.647199 -3.12855 0.499001 -0.292656 -0.720548 -0.51789 -0.356305
2.9076 -1.2488 0.499 0.349513 0.173592 0.616567 0.683777
-2.13202 -1.87187 0.499 0.722552 0.55135 0.292745 -0.297039
