103.1 -1.57482 -0.871751 1
-0.179827 -3.02738 0.499 0.298844 -0.235409 0.190871 0.9049
-1.18663 -3.33464 0.499 -0.373407 -0.399672 -0.129421 -0.827091
-0.683274 -1.25877 0.499001 -0.179103 0.980765 0.0488832 -0.0602673
0.182679 -1.76516 0.499 -0.622531 0.771884 -0.0489909 0.119369
1.43863 2.30558 0.499 0.661388 0.59956 0.368735 -0.259091
-2.14268 -3.64036 0.499 -0.330687 -0.479625 0.181854 -0.792171
-1.0059 3.5084 0.499 -0.53824 0.147847 0.828019 -0.0531416
-1.72939 -1.21656 0.499 -0.219816 0.374311 0.0446295 0.899767
1.08313 -2.21043 0.498999 -0.719568 0.23928 0.60346 0.246582
-0.546248 1.72474 0.499 -0.311107 0.83914 0.383157 -0.228575
