19.2 -1.67368 0.662412 1
2.5191 0.997853 0.499 -0.642063 0.0468488 -0.410309 -0.645915
3.79719 1.60451 0.499 -0.526603 0.243257 -0.0378706 -0.813684
1.7706 -3.18098 0.499 -0.273442 -0.0194848 -0.407566 -0.871057
0.481389 4.42833 0.499 -0.368306 -0.108766 -0.570318 -0.726125
3.47101 0.630817 0.499 -0.183058 -0.0293299 -0.00238838 -0.982662
0.754138 -3.02479 0.499 -0.798244 -0.0819469 -0.139563 -0.580184
2.23805 -2.24076 0.499 0.647859 0.453775 0.0464678 -0.610088
2.92381 -1.35056 0.499 0.618206 -0.596803 0.118878 -0.497509
2.39075 -0.483082 0.499 -0.112048 0.159942 -0.549562 -0.812308
3.61991 -0.359471 0.499 -0.0440866 -0.0530211 -0.781375 -0.620241
