4 1.78706 0.215455 1
3.75283 0.931124 0.499 0.988142 0.153268 0.009202 -0.00047429
5.34703 1.83692 0.499 0.988142 0.153268 0.009202 -0.00047429
2.95572 -3.19931 0.499 0.988142 0.153268 0.009202 -0.00047429
1.47022 4.30069 0.499 0.988142 0.153268 0.009202 -0.00047429
4.80355 0.931124 0.499 0.988142 0.153268 0.009202 -0.00047429
2.26582 -5.00451 0.499003 0.99714 0.0749975 0.00732967 -0.00570352
4.87601 -2.65583 0.499 0.988142 0.153268 0.009202 -0.00047429
5.92674 -2.65583 0.499 0.988142 0.153268 0.009202 -0.00047429
3.86152 -0.88047 0.499 0.988142 0.153268 0.009202 -0.00047429
4.87601 -0.88047 0.499 0.988142 0.153268 0.009202 -0.00047429
