23.3 -1.07611 -1.44291 1
1.92735 0.217928 0.499 -0.392503 0.231591 0.215618 0.863606
2.93184 0.265913 0.499 -0.290679 0.72999 0.0789752 0.613501
1.59566 -3.99851 0.499 -0.482608 0.534162 -0.609692 0.331718
0.665922 3.77508 0.498986 -0.539787 0.217598 -0.549767 0.599197
2.99713 -0.784449 0.499 0.114857 0.73497 -0.600389 -0.29353
0.522726 -3.19887 0.499 -0.00842595 0.609206 -0.00886469 0.792917
1.58792 -2.63082 0.499 -0.277153 -0.316833 -0.882107 0.211402
2.43885 -1.84011 0.499 -0.826184 0.105465 -0.262292 -0.48734
1.98128 -0.947297 0.499 -0.482643 -0.184156 -0.469855 0.715807
3.5985 -1.88603 0.499 -0.685889 -0.00277064 -0.723899 -0.074289
