37.2 -1.04134 -1.4682 1
-0.991542 0.300945 0.499 0.447299 -0.362052 0.459523 0.676521
1.12252 -1.10959 0.499 -0.353393 0.566453 -0.0257909 0.744029
-0.440171 -3.31243 0.498849 -0.721954 0.124409 0.187015 0.65447
1.68828 -0.104847 0.499 0.206271 -0.918092 0.242619 0.236
2.6696 -1.91185 0.499 0.18427 0.508122 -0.394747 -0.742988
-1.24123 -1.92407 0.499 -0.112882 0.623487 0.0877359 0.768651
-0.238749 -1.6387 0.499 0.281697 -0.133442 -0.949539 0.0348688
0.949548 -2.09498 0.499 -0.66071 -0.0222687 -0.286465 -0.693473
-0.407634 -0.571647 0.499 -0.533878 -0.510524 -0.130286 0.661336
0.528469 -3.06411 0.499151 -0.40897 -0.767427 0.299437 0.392604
