86.5 0.965409 1.51921 1
1.08922 2.40058 0.499 -0.851882 0.105526 -0.425088 0.287161
1.35563 -0.289813 0.499 -0.0034787 -0.462427 -0.886451 0.0187906
-0.587199 0.498053 0.499027 0.166664 -0.382995 -0.764764 -0.490586
-1.24447 1.6966 0.499 -0.230581 -0.59481 -0.769745 0.0229463
-0.185074 2.00329 0.499 -0.533433 0.129437 0.775905 0.310912
0.40356 -0.696045 0.498997 -0.845674 -0.0193799 0.531738 -0.0414028
0.445974 0.317664 0.498995 -0.521757 -0.709419 0.101282 0.462857
1.37724 -2.58671 0.499 0.0262087 0.311986 -0.231438 0.921094
1.35431 0.863307 0.499 -0.432071 -0.16568 -0.75071 -0.471487
-0.581602 -0.982007 0.499 -0.966349 -0.1806 0.00900722 0.182956
