76.3 -0.841562 -1.59115 1
-0.179726 1.69415 0.499 -0.366231 -0.639331 0.669258 -0.0960406
3.46191 0.0828613 0.499 0.848103 0.307583 0.232261 0.363551
-0.906199 -2.69223 0.499 0.605841 0.394345 -0.290645 0.626876
-2.75454 1.22726 0.499 -0.570837 0.620917 -0.457172 0.282135
-1.51739 0.197853 0.498972 -0.101496 0.25341 0.929486 -0.248069
2.23435 0.528291 0.499 0.773754 -0.100749 0.367457 -0.506092
3.17975 1.06951 0.499 0.932749 0.0915602 0.0109017 0.348535
1.47493 -1.30826 0.499 0.479372 -0.333675 -0.715309 -0.383662
-1.05343 1.08691 0.499027 -0.717061 -0.308357 -0.226695 -0.582536
0.195853 0.00165542 0.499 0.338333 -0.157167 0.206718 0.904487
