23.4 -1.02492 -1.47971 1
1.92152 0.203366 0.499 -0.35715 0.194894 0.252137 0.878002
2.92792 0.237845 0.499 -0.272116 0.698492 0.0914399 0.655516
1.60185 -4.0143 0.499 -0.499618 0.531302 -0.57799 0.366098
0.687883 3.73482 0.498981 -0.541734 0.184436 -0.539877 0.617284
3.00107 -0.809746 0.499 0.0957393 0.748534 -0.606158 -0.251202
0.527543 -3.19896 0.499 0.0207769 0.571593 0.0150644 0.820136
1.58252 -2.63617 0.499 -0.336154 -0.320491 -0.857556 0.221097
2.43708 -1.84867 0.499 -0.840568 0.15169 -0.232908 -0.464961
1.97939 -0.95815 0.499 -0.50057 -0.216414 -0.422018 0.724221
3.60936 -1.91806 0.499 -0.715043 -0.00172253 -0.695961 -0.0659474
