9.6 1.38691 1.14738 1
3.63849 1.1974 0.499 0.644757 0.715049 0.25743 -0.0819915
5.23269 2.1032 0.499 0.644757 0.715049 0.25743 -0.0819915
2.84139 -2.93303 0.499 0.644757 0.715049 0.25743 -0.0819915
1.35588 4.56697 0.499 0.644757 0.715049 0.25743 -0.0819915
4.68921 1.1974 0.499 0.644757 0.715049 0.25743 -0.0819915
2.09271 -4.07249 0.499 0.948156 0.0685971 0.214553 -0.224193
4.56686 -2.37007 0.499 0.688596 0.703012 0.150496 0.0946611
5.53313 -2.11098 0.499007 0.851018 0.5043 0.0702945 0.128484
3.74718 -0.614194 0.499 0.644757 0.715049 0.25743 -0.0819915
4.76168 -0.614194 0.499 0.644757 0.715049 0.25743 -0.0819915
