94.9 -1.34844 1.19235 1
2.12701 -0.686295 0.499 0.70503 -0.0153019 0.69954 -0.115511
0.446766 -1.61975 0.499044 -0.118014 0.802499 0.460331 0.360781
-1.26278 -1.50057 0.499 -0.524643 0.412462 0.735177 0.118907
-0.132368 -0.761419 0.499 0.565022 -0.119772 -0.813091 0.0727119
1.71644 3.28476 0.499 0.250915 0.568155 -0.779374 -0.0825685
-0.379005 -2.18919 0.498956 0.878363 0.034918 -0.267054 0.394894
-0.0523929 2.18942 0.499 -0.121901 0.465155 -0.745932 -0.460822
-1.19464 -2.85504 0.499 -0.378682 -0.890717 -0.245773 -0.0530997
2.88389 -1.37962 0.499 -0.462265 0.326936 0.438093 0.698211
-2.42938 -1.90714 0.499 0.403747 0.616008 0.518974 -0.433807
