8.8 1.50488 0.987598 1
3.6722 1.15175 0.499 0.741267 0.641314 0.191634 -0.0501625
5.2664 2.05754 0.499 0.741267 0.641314 0.191634 -0.0501625
2.8751 -2.97869 0.499 0.741267 0.641314 0.191634 -0.0501625
1.38959 4.52131 0.499 0.741267 0.641314 0.191634 -0.0501625
4.72292 1.15175 0.499 0.741267 0.641314 0.191634 -0.0501625
2.1413 -4.23231 0.499 0.971106 0.0728913 0.151656 -0.169237
4.67535 -2.42379 0.499 0.763996 0.630979 0.122769 0.0557076
5.66269 -2.25072 0.499003 0.862825 0.490097 0.0710204 0.101463
3.78089 -0.659848 0.499 0.741267 0.641314 0.191634 -0.0501625
4.79539 -0.659848 0.499 0.741267 0.641314 0.191634 -0.0501625
