14 0.18122 1.79085 1
3.29398 1.38124 0.499 -0.109268 0.620437 0.56083 -0.537204
4.88818 2.28704 0.499 -0.109268 0.620437 0.56083 -0.537204
2.50214 -2.74446 0.499 -0.110343 0.621468 0.557609 -0.539142
1.01137 4.75081 0.499 -0.109268 0.620437 0.56083 -0.537204
4.34471 1.38124 0.499 -0.109268 0.620437 0.56083 -0.537204
1.65002 -3.27163 0.499 0.442524 -0.194594 0.711372 -0.510153
3.76124 -2.13104 0.499 0.183456 0.842106 0.507088 0.00787572
4.39349 -1.34589 0.499 0.90963 0.406543 0.0851202 -0.00714427
3.38574 -0.428149 0.499 -0.0936419 0.624053 0.568107 -0.528246
4.38493 -0.343245 0.499 -0.0789125 0.677633 0.473903 -0.556779
