70.8 1.23694 -1.30766 1
0.487161 -0.192631 0.499 0.0377887 0.943634 0.187993 0.269789
1.79216 2.06128 0.498586 0.239149 0.270976 -0.404144 0.840266
3.47881 -1.60933 0.499 -0.288773 0.79771 0.405873 0.339904
-3.21722 -1.71535 0.499 -0.522314 0.824539 0.00723228 -0.217419
-2.83657 -2.87615 0.499 -0.180255 -0.0343567 0.586636 -0.788788
1.00486 1.40779 0.499104 -0.330661 -0.702076 0.469273 0.42135
0.78978 2.87125 0.499 0.535562 0.651928 -0.184661 -0.504047
-0.385277 -1.12968 0.499 -0.334734 -0.76652 0.534841 -0.119771
-0.90012 2.12848 0.499 0.456091 -0.557765 -0.576667 -0.385142
1.65097 0.0233907 0.499 -0.284146 0.852084 0.105748 0.426651
