50.8 1.57527 0.870939 1
-3.10507 1.68866 0.499 -0.622544 0.530964 0.478493 -0.318686
0.963634 -2.15091 0.499 0.733373 -0.448939 -0.510349 -0.0127314
-3.57702 0.346942 0.499 0.288919 0.459322 -0.628942 -0.55676
3.37181 -1.4195 0.499 -0.821279 0.531831 -0.0139203 0.206064
3.59322 -2.41214 0.499 -0.963349 -0.196342 -0.182722 0.00463276
-2.32648 0.203907 0.499 0.658814 0.114302 -0.360365 -0.650412
-1.12001 -0.225959 0.499 -0.222683 -0.827622 0.39904 -0.325916
0.324066 -3.06099 0.499 0.339718 -0.218091 -0.522443 0.751054
-1.79178 1.08816 0.499 0.710879 0.44254 0.483359 0.255292
-2.35739 -1.83394 0.499 -0.230194 0.796922 -0.0362603 0.557325
