78.8 1.75128 0.415949 1
0.470781 2.44581 0.499 0.129014 0.982522 -0.0443572 0.126645
3.69169 -1.03307 0.514909 -0.476062 -0.0417711 -0.445816 -0.756881
-2.5787 -2.12967 0.637961 -0.55905 0.164592 0.400003 -0.707368
-2.63865 2.11164 0.499 0.455253 -0.308533 0.277978 -0.787579
-0.762574 0.323841 0.498978 -0.298572 0.580741 -0.735384 0.18112
2.16584 0.106452 0.499 0.276491 0.567899 -0.747132 -0.206973
4.38996 0.118287 0.499 -0.636562 0.231295 -0.10124 -0.728726
2.86659 -1.63471 0.49906 -0.0380339 -0.897122 0.10385 -0.427716
-0.209062 1.15663 0.499022 0.22958 0.388543 0.742357 0.49521
0.316643 -0.25702 0.499 0.677794 -0.527417 -0.107052 -0.500966
