47.9 -0.127447 -1.79548 1
-3.06655 0.812879 0.499 0.604277 -0.7807 0.0931013 -0.129183
0.582806 -2.51458 0.499 -0.486334 0.662859 0.00821421 0.569236
-4.11772 -1.47031 0.499 0.355883 -0.265343 0.892286 -0.0822563
2.66851 -1.88117 0.499 0.357658 -0.345227 0.477163 -0.724717
2.97171 -2.83931 0.499 0.547085 0.404718 -0.114708 -0.723701
-2.44444 -0.753911 0.499 0.153385 0.149348 0.394194 0.893744
-1.34425 -1.10708 0.499 0.235514 0.102842 -0.959441 0.115889
0.0425584 -3.44037 0.499 -0.778176 0.462016 0.0898371 -0.415827
-1.93254 0.12276 0.499 -0.681559 -0.619778 0.178377 0.345737
-2.16476 -2.68975 0.499 -0.320716 -0.621079 0.490646 -0.520259
