91.9 1.70227 -0.585033 1
1.73871 -0.0192805 0.499 -0.610068 0.710287 -0.272413 0.221587
0.650105 -1.65564 0.499 -0.105914 -0.212172 0.886759 -0.396767
-0.984523 -1.40062 0.499 0.422319 -0.431372 0.0233754 -0.79688
-0.432912 -0.448386 0.499 -0.468333 0.595297 0.548198 0.354633
1.06162 2.38203 0.499 0.115857 0.0281678 0.255033 0.959553
-0.212316 -2.20758 0.499 -0.461702 -0.37974 0.341322 0.725347
0.204911 1.04112 0.499 0.640003 0.71605 -0.0757205 -0.268206
-0.0226705 -3.72318 0.499 -0.0141343 -0.141083 -0.433647 0.889857
2.32172 -1.10472 0.499 -0.302537 -0.503326 0.0639333 -0.806875
-1.81564 -2.03972 0.499 0.440054 -0.803985 0.364292 0.16508
