79.2 1.48594 1.01586 1
0.517422 2.6779 0.499 0.0105215 0.930892 -0.240767 0.274518
3.83717 -1.04198 0.498995 -0.544294 -0.0592209 -0.20917 -0.810237
-2.29109 -1.64504 0.557252 -0.593855 0.449221 0.382746 -0.546848
-2.66493 2.36602 0.499 0.147994 0.0597367 0.359758 -0.919295
-0.686237 0.445201 0.498985 -0.386713 0.250142 -0.87654 0.139852
2.13057 0.153692 0.499 -0.0118648 0.749442 -0.594576 -0.290992
4.52704 0.0696005 0.499 -0.834304 -0.0917863 0.228118 -0.493432
2.93619 -1.60463 0.499 0.102208 -0.924407 0.254663 -0.264901
-0.130452 1.27649 0.499015 0.0408392 0.184769 0.560454 0.806278
0.299636 -0.181456 0.499 0.760558 -0.230316 -0.112877 -0.59646
