90.6 0.0876474 -1.79786 1
1.20847 0.59425 0.499 -0.05535 0.711637 0.408999 -0.568533
0.413211 -1.38165 0.499001 -0.574042 -0.7103 0.404141 0.0511777
-1.21253 -1.0213 0.499 -0.149605 -0.823252 0.491995 -0.240449
-0.954901 0.100849 0.499 -0.487294 0.605053 0.573506 -0.259895
0.406248 2.31435 0.499 0.395741 0.702077 -0.0539981 0.589543
-0.485919 -1.82942 0.498999 -0.48514 0.261912 -0.136398 0.823065
-0.0991784 0.858408 0.499 0.172075 0.217085 0.804998 -0.524635
-0.0663579 -3.44518 0.499 0.629314 0.619534 -0.1672 0.43839
1.71771 -0.650449 0.499 -0.771779 -0.602507 0.148465 0.138926
-1.90026 -1.75815 0.499 -0.0585559 -0.38221 0.335599 0.858988
