4.3 1.78272 0.248787 1
3.75159 0.940648 0.499 0.98418 0.176747 0.0122689 -0.000731266
5.34579 1.84645 0.499 0.98418 0.176747 0.0122689 -0.000731266
2.95449 -3.18979 0.499 0.98418 0.176747 0.0122689 -0.000731266
1.46898 4.31021 0.499 0.98418 0.176747 0.0122689 -0.000731266
4.80231 0.940648 0.499 0.98418 0.176747 0.0122689 -0.000731266
2.26389 -4.97118 0.499003 0.997103 0.0749998 0.00954999 -0.00828503
4.87478 -2.64631 0.499 0.98418 0.176747 0.0122689 -0.000731266
5.9255 -2.64631 0.499 0.98418 0.176747 0.0122689 -0.000731266
3.86028 -0.870946 0.499 0.98418 0.176747 0.0122689 -0.000731266
4.87478 -0.870946 0.499 0.98418 0.176747 0.0122689 -0.000731266
