40.6 1.76274 -0.364345 1
-0.931866 0.810567 0.499 -0.0522668 0.63754 0.0273485 -0.768156
1.66188 -1.22778 0.499 0.722161 -0.551088 -0.397847 -0.128464
-0.886316 -2.34364 0.499 0.741938 0.35339 -0.472537 -0.31836
2.79217 -0.498479 0.499 0.200973 0.799343 0.530961 -0.19683
3.46993 -1.80735 0.499 -0.911619 -0.266533 -0.16098 0.26832
-0.893779 -1.30278 0.499 0.705046 -0.385867 -0.483175 -0.347217
0.128995 -1.12282 0.499 -0.329718 -0.664474 0.614964 -0.267543
1.37165 -2.19313 0.499 -0.0198291 -0.234379 0.160951 0.958524
-0.180102 -0.0140665 0.499 0.813862 0.261014 0.515212 -0.0636936
0.357847 -2.64179 0.499 0.392561 0.835378 0.252236 0.290545
