92.3 1.79887 0.0637907 1
1.89617 -0.12821 0.499 -0.728258 0.322818 -0.438607 0.415995
0.715663 -1.65898 0.499 0.142119 -0.0532954 0.940162 -0.305052
-0.917474 -1.43705 0.499 0.644382 -0.119527 0.00829103 -0.75526
-0.272563 -0.537808 0.499 -0.515652 0.421858 0.419451 0.616603
1.25531 2.48267 0.499 -0.0535227 -0.148666 0.127847 0.979127
-0.131637 -2.24302 0.499 -0.339059 -0.635164 0.282088 0.63406
0.279962 1.17621 0.499 0.507492 0.809524 -0.283997 -0.0804293
-0.0142406 -3.72846 0.499 -0.264808 -0.335089 -0.584969 0.689495
2.50173 -1.16419 0.499 0.0887536 -0.432916 0.14961 -0.88449
-1.79334 -2.04594 0.499 0.669342 -0.708185 0.222516 -0.030703
