9.8 1.35294 1.18725 1
3.62878 1.20879 0.499 0.617703 0.730918 0.27522 -0.0919559
5.22299 2.11459 0.499 0.617703 0.730918 0.27522 -0.0919559
2.83168 -2.92164 0.499 0.617703 0.730918 0.27522 -0.0919559
1.34617 4.57836 0.499 0.617703 0.730918 0.27522 -0.0919559
4.67951 1.20879 0.499 0.617703 0.730918 0.27522 -0.0919559
2.07926 -4.03252 0.499 0.940542 0.0666823 0.23302 -0.237983
4.53736 -2.35637 0.499 0.668045 0.719267 0.159832 0.104041
5.49719 -2.0745 0.499006 0.848929 0.506652 0.0701646 0.133045
3.73748 -0.602803 0.499 0.617703 0.730918 0.27522 -0.0919559
4.75197 -0.602803 0.499 0.617703 0.730918 0.27522 -0.0919559
