1.7 1.79958 0.0390005 1
3.7564 0.880704 0.499 0.999612 0.0278347 0.000300754 -2.79678e-06
5.3506 1.7865 0.499 0.999612 0.0278347 0.000300754 -2.79678e-06
2.9593 -3.24973 0.499 0.999612 0.0278347 0.000300754 -2.79678e-06
1.47379 4.25027 0.499 0.999612 0.0278347 0.000300754 -2.79678e-06
4.80713 0.880704 0.499 0.999612 0.0278347 0.000300754 -2.79678e-06
2.27089 -5.13379 0.499 0.999612 0.0278347 0.000300754 -2.79678e-06
4.87959 -2.70625 0.499 0.999612 0.0278347 0.000300754 -2.79678e-06
5.93031 -2.70625 0.499 0.999612 0.0278347 0.000300754 -2.79678e-06
3.8651 -0.93089 0.499 0.999612 0.0278347 0.000300754 -2.79678e-06
4.87959 -0.93089 0.499 0.999612 0.0278347 0.000300754 -2.79678e-06
