96.2 -1.60725 -0.810398 1
2.03919 -1.39361 0.499 -0.328169 0.627582 0.516607 -0.481209
0.19128 -2.05943 0.499 0.10171 0.936015 0.252833 -0.222726
-1.61261 -1.89467 0.499001 -0.779789 0.0564841 0.369794 -0.501988
-0.348323 -1.16407 0.499 0.908124 -0.374882 -0.167463 0.0820369
1.75215 3.24624 0.499 0.963622 0.194453 0.174812 -0.0553212
-0.771498 -2.48749 0.499 0.924923 0.155238 0.238657 0.251914
-0.432038 2.26054 0.499 0.383822 -0.0468026 -0.919201 -0.074564
-2.14075 -2.81424 0.498836 -0.653012 -0.39099 0.456787 0.460486
2.89302 -1.93463 0.499 -0.771043 0.449661 -0.00778873 -0.450819
-2.96448 -2.23382 0.499072 0.178697 0.302383 0.410605 -0.841449
