31.7 0.561818 1.71008 1
0.666201 0.895649 0.498997 -0.884027 0.0578307 0.147643 -0.43972
2.14258 0.180885 0.499 -0.419718 0.125451 0.790681 -0.427695
1.34398 -3.50972 0.499523 0.700182 0.604776 0.377459 -0.0389254
1.72619 2.20135 0.499 -0.933555 0.266369 -0.229415 -0.0699345
3.12921 -0.6618 0.499 0.903962 0.0144657 0.20568 0.374619
-0.0490139 -1.51 0.499 0.149026 -0.037159 0.663381 -0.732349
0.920646 -1.05412 0.499008 0.115053 0.581928 0.378506 0.710532
1.96395 -0.803264 0.499 0.748379 0.521223 -0.356809 -0.202343
0.978574 -0.0545239 0.498996 -0.31408 0.876318 -0.0050384 -0.365234
3.74995 -2.79266 0.499 0.0152439 0.892264 -0.199707 -0.404659
