47 -1.17526 -1.36337 1
-3.16788 0.889608 0.499 0.506721 -0.34224 0.409596 0.677005
0.351335 -2.27892 0.499 -0.451236 0.759824 -0.458776 -0.0926196
-4.08373 -1.50024 0.499 -0.492476 -0.201304 0.613955 0.583098
2.33696 -1.67593 0.499 0.190135 -0.730223 0.6445 -0.12346
2.66555 -2.62335 0.499 0.384524 -0.0767963 0.43602 -0.810018
-2.59048 -0.701623 0.499 -0.37379 0.751548 0.0471672 0.541508
-1.52712 -1.03201 0.499 0.810468 0.256842 -0.42807 -0.306481
-0.15809 -3.20959 0.499 -0.577461 -0.166055 -0.350839 -0.718245
-2.08914 0.171779 0.499 -0.344729 -0.340859 -0.589277 0.64632
-2.21826 -2.60682 0.499 -0.299176 -0.887116 0.0547963 0.347155
