105.5 1.63073 -0.762056 1
-0.842274 -3.06478 0.498127 0.363109 -0.178365 -0.268805 -0.874118
-1.47355 -3.94376 0.499121 -0.130803 0.92787 0.238861 0.254743
-0.507186 -1.12068 0.499001 0.319805 -0.602736 -0.531685 0.501742
0.281394 -1.88919 0.498996 0.246481 0.0118852 -0.513731 0.821697
-0.613691 -0.0686071 0.498798 -0.711737 -0.0695742 -0.626059 0.310871
-2.54747 -3.90025 0.498996 -0.0649664 0.814225 -0.113655 -0.565596
-0.865195 3.53931 0.499 0.438873 0.890914 -0.104308 0.0527433
-1.56883 -0.506586 0.499 0.722968 -0.203127 -0.233827 -0.617561
1.13726 -2.40638 0.499004 0.944095 0.304154 -0.0772122 0.101056
1.42296 3.2939 0.499 0.0238294 -0.892309 -0.317583 0.319935
