91.2 1.01402 -1.4872 1
1.43908 0.262252 0.499 -0.273646 0.915852 0.0659407 -0.286328
0.51175 -1.55826 0.499 -0.493683 -0.491299 0.669167 -0.259072
-1.12246 -1.24504 0.499 0.0225335 -0.77828 0.234191 -0.582175
-0.732145 -0.199998 0.499 -0.449287 0.684958 0.568891 -0.0730597
0.696269 2.29628 0.499 0.347274 0.42016 0.224319 0.807804
-0.373376 -2.05329 0.499 -0.525125 0.0598013 0.185152 0.828485
0.0368335 0.891828 0.499 0.543117 0.465213 0.413851 -0.563319
-0.0600922 -3.62253 0.499 0.4467 0.293225 -0.218591 0.816515
1.98328 -0.909382 0.499 -0.741811 -0.571183 0.0453282 -0.348442
-1.8757 -1.93703 0.499 0.0909177 -0.657084 0.47756 0.576117
