104.8 0.850784 -1.58624 1
-1.18981 -3.41687 0.499 -0.0936075 -0.775557 0.212069 -0.587176
-2.21117 -4.08772 0.499031 -0.49597 0.816303 0.294349 -0.0319487
-0.590268 -1.13846 0.499 0.805006 -0.158714 -0.126172 0.557545
0.172042 -1.95581 0.498984 0.215664 0.535184 -0.320879 0.751069
-0.143676 0.384289 0.499 0.0603928 0.508706 -0.774791 0.370499
-3.15659 -4.41337 0.498969 -0.0611978 0.710538 -0.000237687 -0.700992
-0.992026 3.42802 0.499 0.281687 0.859314 0.224205 -0.36327
-1.70511 -0.812294 0.499 0.947228 -0.104579 0.252311 -0.167815
1.03897 -2.45418 0.499016 0.743918 0.382678 0.483751 -0.257155
0.763173 2.73624 0.499 0.327002 -0.50153 -0.796749 0.0820267
