111.2 0.13086 -1.79524 1
0.958046 -1.44198 0.499 -0.213257 0.260794 -0.772359 -0.538488
4.52429 -1.82395 0.499 0.446034 0.582239 -0.41651 -0.537188
-0.710822 0.339392 0.499 -0.784306 -0.592409 0.178788 0.04417
1.66583 1.55286 0.499 -0.0195064 0.518359 -0.785819 0.336767
-2.54852 0.765779 0.499 -0.390906 0.117826 0.882168 0.23471
0.0857474 -1.96931 0.499 0.209938 0.680901 0.36183 -0.601148
-1.97175 2.57984 0.499 0.772768 -0.292929 -0.512216 -0.233789
-3.93216 1.61495 0.499071 0.617034 0.596573 0.285545 0.426419
1.85725 -1.00337 0.499 -0.332624 -0.939395 -0.0766547 -0.0319732
-0.877356 1.90183 0.499 0.0248425 -0.638142 -0.755694 -0.145208
