16.5 -0.816827 1.60399 1
3.00881 1.32783 0.499 -0.396634 0.155426 0.2536 -0.868453
4.60301 2.23363 0.499 -0.396634 0.155426 0.2536 -0.868453
2.24396 -2.77231 0.499 -0.39966 0.145472 0.212006 -0.879865
0.726201 4.6974 0.499 -0.396634 0.155426 0.2536 -0.868453
4.05953 1.32783 0.499 -0.396634 0.155426 0.2536 -0.868453
1.21271 -3.04687 0.499 -0.200358 -0.423579 0.603288 -0.645353
3.02326 -2.11422 0.499 0.176804 0.797233 0.479415 -0.321437
3.58789 -1.1786 0.499 0.956112 0.0569557 0.188323 -0.217116
2.94102 -0.415508 0.499 -0.281147 0.260908 0.319703 -0.866414
3.99522 -0.0934075 0.499 -0.198116 0.347138 -0.124616 -0.908139
