109.3 -1.7915 0.174701 1
0.422556 -1.42861 0.499 -0.126398 -0.0634485 0.862828 -0.48531
2.90134 -2.09721 0.4989 -0.241109 -0.592804 0.414269 0.647172
-0.904979 0.0309387 0.499 0.958235 -0.0863533 -0.269456 -0.0414944
1.09129 0.837943 0.499 -0.387489 -0.0232174 0.833535 -0.393107
-1.86907 0.769456 0.499 -0.371644 -0.71323 -0.262549 0.533153
-0.539333 -1.75168 0.499 0.0266091 -0.103401 0.502523 0.857946
-1.42942 4.75966 0.499 0.506712 0.146947 -0.835299 -0.154675
-3.33161 1.36161 0.499 -0.928095 -0.229661 0.0812353 0.281594
1.44374 -1.07554 0.499 0.641833 -0.282318 -0.624767 -0.343529
0.737651 5.40451 0.499192 -0.104766 0.911116 0.0372317 0.39687
