63.9 1.18562 -1.35437 1
2.42395 -1.62373 0.499 -0.203855 -0.658262 -0.227136 -0.688145
-0.295459 1.19154 0.499 0.19717 -0.860638 -0.390679 -0.260377
1.7297 0.989558 0.499 0.162665 -0.920733 0.351752 -0.0454051
0.839364 -2.12072 0.499 0.297073 -0.589803 0.143539 -0.737073
-0.844565 -3.77009 0.499 0.229477 -0.245192 0.577932 -0.743785
-3.47303 0.985962 0.499022 0.259386 -0.436712 0.827274 -0.240039
-1.63299 1.41763 0.499 -0.385935 -0.86802 0.254284 -0.181481
-3.12269 -0.0660407 0.512582 -0.618652 0.354935 0.640158 0.285461
-2.67884 1.64301 0.498993 0.336182 0.818872 0.451173 0.11346
0.0221519 -0.701919 0.499 0.436185 -0.123528 -0.0785091 -0.887874
