31.3 0.873095 1.57407 1
0.840605 0.844502 0.499 -0.816759 0.180948 0.231883 -0.49638
2.26755 0.137759 0.499005 -0.243414 0.223056 0.814387 -0.477252
1.47784 -3.55767 0.499 0.817413 0.518777 0.246451 0.0443604
1.78696 2.28033 0.499 -0.871895 0.487017 0.0244806 -0.0448738
3.2183 -0.675805 0.499 0.928383 -0.174009 0.0451691 0.325247
0.0933504 -1.5848 0.499 0.279183 0.0560005 0.581682 -0.761949
1.06024 -1.11744 0.498745 0.230454 0.448297 0.393151 0.768995
2.08705 -0.845825 0.498995 0.719427 0.488764 -0.491455 -0.0448005
1.13491 -0.119942 0.499255 -0.242476 0.940484 0.0426729 -0.234254
3.85399 -2.74542 0.499 0.147453 0.944028 -0.241111 -0.170102
