89.4 -1.56201 -0.894502 1
0.970055 1.37911 0.499 0.454613 0.0970546 0.840157 -0.279363
0.460081 -0.855348 0.499 -0.0320572 -0.901655 -0.18403 0.390029
-1.16416 -0.421821 0.499 0.183774 -0.431824 0.839681 0.273297
-1.19341 0.81276 0.499 -0.293072 0.377545 0.867203 -0.139739
0.0446934 2.47751 0.499 -0.0993856 0.572605 -0.798524 0.156859
-0.545695 -1.2426 0.499 -0.441232 0.0367753 -0.727982 0.523453
-0.152708 0.942707 0.499 -0.292957 -0.255431 0.861426 0.326919
0.139542 -2.95874 0.499 0.255217 0.853639 -0.381629 -0.246018
1.4025 0.00320508 0.499 0.00359997 -0.603579 0.485414 0.632497
-1.7382 -1.28922 0.499 -0.0686944 -0.173047 -0.326487 0.926683
