57.9 1.79991 0.0182116 1
-0.309652 2.78251 0.499 -0.567906 0.233631 -0.6572 0.43702
-0.341748 -3.36167 0.499 -0.498057 0.846203 0.181163 0.055313
-1.72034 1.88558 0.499 -0.489442 -0.6897 -0.532242 0.0384626
3.2639 -2.17664 0.499 0.53103 0.356462 0.413113 -0.64829
0.727003 -3.31958 0.499 -0.42811 0.731157 -0.334535 0.412574
-3.51547 -0.143458 0.499002 -0.00617217 -0.536598 0.0968468 0.838239
-2.40075 -0.223328 0.49902 0.177071 0.42644 -0.872307 0.160857
-0.826791 -4.26543 0.499 -0.682924 0.371025 0.621764 0.0967752
-2.77595 0.706817 0.499032 -0.548097 -0.613305 0.00548412 -0.568697
-3.24981 -1.17141 0.498998 -0.494469 -0.525731 0.326095 -0.610548
