70.6 0.977961 -1.51116 1
0.498384 -0.323137 0.499 -0.182774 0.919842 0.331239 0.103758
1.56763 2.20046 0.499078 0.171006 0.320376 -0.295187 0.883731
3.44907 -1.46105 0.499 -0.316196 0.797541 0.512877 0.0301029
-3.15315 -1.71559 0.499 -0.494965 0.707737 0.0380481 -0.502664
-2.82479 -2.91022 0.499 -0.158539 -0.291176 0.589854 -0.736312
0.884538 1.47664 0.498922 -0.274842 -0.734106 0.458357 0.41888
0.622747 2.95613 0.499 0.603553 0.600388 -0.122453 -0.510159
-0.515799 -1.10072 0.499 -0.334781 -0.825892 0.444891 -0.0888605
-0.981255 2.31327 0.499 0.445577 -0.598778 -0.597615 -0.292887
1.67602 0.0371755 0.499 -0.32078 0.897393 0.0120126 0.302724
