19.5 -1.72495 0.514352 1
2.45021 0.942346 0.499 -0.683811 0.0897858 -0.458973 -0.560076
3.70239 1.50803 0.499 -0.549318 0.303352 -0.0672545 -0.775696
1.73065 -3.23909 0.499 -0.258454 0.000451695 -0.487468 -0.834012
0.466744 4.38602 0.499 -0.356773 -0.0958497 -0.656828 -0.657345
3.39347 0.512953 0.499 -0.127459 0.00217332 -0.0290029 -0.991417
0.710062 -3.03582 0.499 -0.816592 0.0198803 -0.220875 -0.532913
2.16334 -2.26759 0.499 0.696591 0.386419 -0.0445255 -0.602876
2.86258 -1.38208 0.499 0.535772 -0.657158 0.0659141 -0.526067
2.34217 -0.503002 0.499 -0.0876703 0.171825 -0.648866 -0.736046
3.58814 -0.472904 0.499 -0.0372558 -0.0718398 -0.80248 -0.591165
