101.5 -1.03183 1.4749 1
1.3043 -2.83891 0.498741 0.800891 0.0820026 -0.17478 0.566835
0.280499 -2.82695 0.498618 -0.094715 -0.596701 -0.311303 -0.733531
-0.540887 -1.47897 0.499 -0.774228 0.432849 0.241814 0.393368
0.545048 -1.75081 0.499 -0.553334 0.436779 0.707708 -0.046845
3.407 3.9502 0.499 0.914867 0.156502 0.341856 -0.147177
-0.685938 -3.1214 0.499377 -0.492746 -0.179256 0.357779 -0.772699
-0.510666 3.39305 0.499 0.12793 -0.51944 0.79018 0.299051
-1.58173 -1.72809 0.499 -0.680627 -0.586831 0.108969 -0.424855
2.20642 -2.42096 0.499253 -0.571224 -0.263635 -0.0658586 0.774508
-1.29771 0.541687 0.499 0.256499 -0.903708 0.142428 0.311826
