6.5 1.7104 0.560836 1
3.73092 1.02981 0.499 0.91885 0.389575 0.0622322 -0.00857555
5.32512 1.93561 0.499 0.91885 0.389575 0.0622322 -0.00857555
2.93382 -3.10063 0.499 0.91885 0.389575 0.0622322 -0.00857555
1.44831 4.39937 0.499 0.91885 0.389575 0.0622322 -0.00857555
4.78165 1.02981 0.499 0.91885 0.389575 0.0622322 -0.00857555
2.23174 -4.6591 0.499001 0.994779 0.0749198 0.0465635 -0.0513242
4.85411 -2.55715 0.499 0.91885 0.389575 0.0622322 -0.00857555
5.90483 -2.55715 0.499 0.91885 0.389575 0.0622322 -0.00857555
3.83962 -0.781785 0.499 0.91885 0.389575 0.0622322 -0.00857555
4.85411 -0.781785 0.499 0.91885 0.389575 0.0622322 -0.00857555
