116.4 -1.78605 -0.223677 1
2.19942 0.298378 0.499002 0.150014 -0.122952 -0.913347 -0.358017
2.11296 2.36731 0.499 0.786656 0.591373 0.171459 0.0453085
0.698553 -2.08389 0.499 -0.412831 0.233328 -0.415773 -0.776055
1.25682 3.8162 0.499 0.007172 0.788389 0.591355 -0.169383
-2.54758 -1.29699 0.499 -0.22257 0.825403 -0.51591 -0.0548582
1.88247 -0.818605 0.499 -0.308112 -0.775235 -0.400219 0.379345
-1.30698 0.268221 0.499 -0.750913 -0.629345 -0.0110668 0.199831
-2.81119 1.96082 0.499 0.714393 0.555762 0.423958 -0.0321
3.03439 0.848668 0.498998 -0.482153 0.843427 -0.0872053 0.220348
-1.24776 -1.60048 0.499 0.435093 -0.0108018 -0.858057 -0.27261
