80.9 -0.996063 1.49929 1
0.303106 3.61378 0.499 0.0344091 0.483237 -0.874783 0.00723191
3.62482 -0.889117 0.496137 -0.523799 -0.551588 0.534966 -0.367691
-1.59919 0.357867 0.501498 -0.345809 0.640511 -0.659831 -0.186505
-3.1856 3.39319 0.499 -0.851263 0.400161 -0.309769 0.1388
-0.776199 0.903656 0.496959 0.390388 -0.871093 -0.291974 0.0595384
1.57868 0.299133 0.499 -0.501948 0.145077 0.249401 -0.815353
4.06751 0.116407 0.535466 0.304534 -0.515973 0.250233 0.760536
2.79587 -1.47663 0.498939 0.00721083 0.0603408 0.564843 0.822958
-0.182786 1.70298 0.498895 -0.630659 0.153526 -0.686258 0.328253
-0.180009 0.1023 0.498965 0.492677 0.386914 0.575133 -0.526107
