113.3 1.63914 0.743779 1
1.9801 -0.828948 0.498997 -0.586535 0.780142 -0.0236566 0.216322
6.76621 -0.865329 0.503322 -0.0898274 -0.983058 -0.0614228 -0.147496
0.295908 -0.681551 0.499 0.814199 0.20299 0.280985 -0.465749
2.85143 2.88315 0.499 0.629621 -0.63367 -0.0957796 0.439165
-2.09421 -0.0193153 0.499 0.195037 -0.0832429 0.960163 0.181984
1.27896 -1.62116 0.499 0.0689092 0.726153 -0.335263 -0.596281
-1.56063 1.14436 0.499 0.258482 0.387857 -0.4305 -0.772932
-2.79189 1.62838 0.499 -0.342123 0.392348 -0.21552 -0.826176
2.84616 -0.329015 0.499003 -0.338446 -0.303804 0.830477 -0.321661
-0.981919 0.244046 0.499 0.0614131 0.370059 0.914244 -0.153106
