13.6 0.32871 1.76973 1
3.33612 1.37521 0.499 -0.0402479 0.674974 0.561154 -0.477385
4.93033 2.28101 0.499 -0.0402479 0.674974 0.561154 -0.477385
2.53902 -2.75522 0.499 -0.0402479 0.674974 0.561154 -0.477385
1.05352 4.74478 0.499 -0.0402479 0.674974 0.561154 -0.477385
4.38685 1.37521 0.499 -0.0402479 0.674974 0.561154 -0.477385
1.71546 -3.32296 0.499 0.519721 -0.15943 0.681782 -0.489536
3.84571 -2.14215 0.499 0.223631 0.852733 0.469358 0.0503926
4.52768 -1.39581 0.498999 0.898555 0.430955 0.0809451 0.0180275
3.44461 -0.436346 0.499069 -0.0400656 0.675008 0.561244 -0.477246
4.44322 -0.397978 0.498935 -0.0348056 0.698596 0.527154 -0.482556
