49.3 1.46387 -1.04742 1
-2.9037 1.07544 0.499 0.236939 0.255007 -0.226927 -0.90958
0.948104 -2.49924 0.499 -0.271254 -0.606162 0.0891063 0.742327
-4.16537 -1.04182 0.499 0.773798 0.461662 -0.343213 -0.26516
3.18948 -1.81852 0.499 0.309553 0.798107 0.295764 -0.423941
3.4532 -2.79331 0.499 -0.230995 0.943002 -0.238847 0.0184418
-2.20769 -0.453481 0.499 0.617759 -0.657851 -0.317693 0.290993
-1.05454 -0.841938 0.499 -0.858335 -0.20573 -0.436445 -0.174504
0.359909 -3.41745 0.499 -0.338041 0.122153 0.664821 0.654843
-1.6833 0.428418 0.499 0.292869 -0.512399 0.748258 -0.30296
-2.0763 -2.43683 0.499 0.442619 0.572312 0.593124 -0.353201
