95 -1.45188 1.06398 1
2.11583 -0.728233 0.499 0.631643 0.0618306 0.759964 -0.140209
0.422973 -1.64005 0.498996 -0.136721 0.824407 0.444825 0.322167
-1.29609 -1.52319 0.499 -0.584551 0.36998 0.717522 0.0811008
-0.154029 -0.778865 0.499 0.62345 -0.117177 -0.770951 0.0567025
1.7139 3.29526 0.499 0.330695 0.596241 -0.72255 -0.114274
-0.413489 -2.19828 0.499004 0.890005 0.0815419 -0.232051 0.383919
-0.0863617 2.20852 0.499 -0.0802344 0.431057 -0.764452 -0.472615
-1.27466 -2.82934 0.499 -0.404211 -0.892141 -0.201703 0.00362758
2.87827 -1.40792 0.499 -0.560133 0.341273 0.399024 0.640752
-2.47401 -1.92181 0.499 0.363861 0.602969 0.538586 -0.462557
