73.5 -0.16133 1.79276 1
0.438965 1.29305 0.499 0.377019 -0.45595 -0.805333 0.0374822
4.30882 0.878144 0.499 -0.0527928 -0.345885 0.677646 -0.646817
3.14962 -2.91216 0.514888 0.258734 -0.00564971 0.609003 -0.74976
-2.40411 0.0878395 0.499 0.997459 0.0139013 0.0689901 0.0111027
-1.86943 -0.827144 0.499 0.0509857 0.0748441 -0.991021 -0.0983657
2.34136 1.20097 0.499 0.281783 0.146072 -0.449473 0.835006
2.49508 2.3751 0.499 -0.773449 -0.567843 -0.103379 -0.261999
0.910797 -0.844306 0.499 -0.118678 0.570508 0.3814 0.717614
-0.897594 1.28549 0.499 -0.159348 0.146612 0.869541 0.443859
1.13565 0.447822 0.499 -0.0921947 -0.409097 -0.483863 0.768125
