52.2 -0.0283542 1.79978 1
-3.57981 2.54781 0.499 -0.971028 -0.0448698 0.0896844 -0.216906
0.524804 -1.94095 0.499 0.80365 0.410054 0.33812 -0.267727
-3.53397 1.49022 0.499 0.582582 -0.424857 -0.379299 -0.579851
3.08865 -1.16223 0.499 -0.405428 -0.368258 -0.834793 0.0559825
3.27058 -2.17152 0.499 0.0700686 -0.796396 -0.586271 0.130881
-2.77496 0.67745 0.499 0.267039 0.159158 0.430942 -0.847141
-1.63443 0.233803 0.499 0.210361 -0.658852 0.411543 0.593544
-0.162712 -2.84344 0.499 0.761809 0.376131 -0.478003 -0.222904
-2.34644 1.58912 0.499 -0.102778 0.935113 0.332086 0.068698
-3.07306 -1.38639 0.499 -0.531868 0.467547 -0.70414 0.051988
