69.5 -0.755987 -1.63355 1
0.665364 -0.90677 0.499 -0.673121 -0.458236 0.46255 -0.350678
0.788828 3.45959 0.506254 -0.349252 0.457671 0.302905 0.75948
3.33373 -0.480104 0.499 -0.123267 -0.273138 0.363482 -0.88209
-2.70446 -1.57348 0.499 0.15472 -0.527668 0.347952 -0.759314
-2.66334 -2.95416 0.499 0.344541 -0.89852 0.145551 0.229712
-0.0470011 1.66715 0.499 0.183792 -0.921149 0.18557 0.288562
-0.237892 3.59204 0.499732 0.642533 0.564443 0.335091 -0.395309
-1.14486 -0.792515 0.499 0.119733 -0.990747 -0.0634566 0.00755368
-1.31704 3.47258 0.525226 0.397018 -0.566639 -0.70533 -0.154289
1.93015 0.241905 0.499 -0.668643 0.59736 -0.381369 -0.225024
