108.7 -1.43629 1.08493 1
0.38911 -1.50896 0.499 0.226426 0.332268 0.91457 -0.0434794
2.41064 -2.2774 0.499 0.103213 -0.98673 -0.00307632 -0.125303
-0.835839 -0.152663 0.499 0.683981 0.280201 -0.443933 -0.506537
1.04203 0.510516 0.499 0.301079 -0.24711 0.914205 -0.11188
-1.51054 0.681985 0.499 -0.23998 -0.883236 -0.334182 0.225004
-0.602369 -1.76067 0.499 0.238583 -0.682006 0.0216556 0.690997
-1.22338 4.70091 0.499 0.178014 0.373629 -0.879907 -0.233402
-2.98835 1.20451 0.499 -0.712206 -0.673069 0.179076 -0.0875952
1.45701 -1.1994 0.499 0.456285 0.0666523 -0.779266 -0.42439
1.82277 5.64376 0.508813 -0.266736 0.86122 0.251607 0.351917
