7.4 1.65033 0.718607 1
3.71376 1.07489 0.499 0.865715 0.489693 0.10198 -0.0183984
5.30796 1.98069 0.499 0.865715 0.489693 0.10198 -0.0183984
2.91666 -3.05555 0.499 0.865715 0.489693 0.10198 -0.0183984
1.43115 4.44445 0.499 0.865715 0.489693 0.10198 -0.0183984
4.76448 1.07489 0.499 0.865715 0.489693 0.10198 -0.0183984
2.20505 -4.50132 0.498999 0.990407 0.0746726 0.0771941 -0.086948
4.83695 -2.51207 0.499 0.865715 0.489693 0.10198 -0.0183984
5.83686 -2.46974 0.499 0.888213 0.452301 0.0732195 0.0337706
3.82246 -0.736705 0.499 0.865715 0.489693 0.10198 -0.0183984
4.83695 -0.736705 0.499 0.865715 0.489693 0.10198 -0.0183984
