46.1 -1.75221 -0.412006 1
-3.13633 1.11036 0.499 0.165818 0.385181 0.0166352 0.907669
0.252737 -1.89924 0.499 -0.529568 0.271665 -0.496589 -0.631787
-3.91686 -1.38616 0.499 -0.545735 -0.179539 -0.447735 0.68518
2.13828 -1.32666 0.499 0.342515 -0.623062 0.449317 0.540917
2.49226 -2.26338 0.499 0.168285 -0.147711 0.911771 -0.34429
-2.60241 -0.508461 0.499003 -0.797096 0.446419 -0.40338 -0.0513023
-1.57712 -0.812913 0.499 0.544215 0.549548 0.309586 -0.553158
-0.225864 -2.83479 0.499 -0.0470834 -0.679083 -0.172526 -0.711945
-2.11303 0.363308 0.498997 0.229275 -0.0601116 -0.962934 0.128754
-2.13889 -2.37988 0.499 0.296775 -0.49176 -0.460211 0.676981
