70.7 1.11212 -1.41534 1
0.492476 -0.259097 0.499 -0.0707122 0.943642 0.263354 0.187576
1.67852 2.12905 0.501534 0.205031 0.294882 -0.351495 0.864557
3.46402 -1.53644 0.499 -0.304016 0.809552 0.466368 0.18628
-3.18547 -1.71669 0.499 -0.51254 0.776885 0.021437 -0.365092
-2.83097 -2.8944 0.499 -0.171815 -0.164234 0.590925 -0.770918
0.945329 1.44211 0.498234 -0.30442 -0.717626 0.46499 0.419673
0.70625 2.91244 0.499 0.572317 0.625233 -0.155338 -0.507352
-0.450779 -1.11642 0.499 -0.338024 -0.796492 0.490112 -0.105501
-0.941105 2.2197 0.499 0.450348 -0.580729 -0.588457 -0.337134
1.66302 0.029128 0.499 -0.301038 0.879076 0.0597817 0.36473
