15.2 -0.290232 1.77645 1
3.15927 1.37712 0.499 -0.284797 0.411936 0.484717 -0.717112
4.75348 2.28292 0.499 -0.284797 0.411936 0.484717 -0.717112
2.38039 -2.73632 0.499 -0.288667 0.409639 0.464903 -0.729885
0.876664 4.74668 0.499 -0.284797 0.411936 0.484717 -0.717112
4.21 1.37712 0.499 -0.284797 0.411936 0.484717 -0.717112
1.44228 -3.14223 0.499 0.163754 -0.315404 0.736205 -0.57594
3.48998 -2.11779 0.49944 0.0966506 0.779095 0.597442 -0.163497
3.98262 -1.21835 0.499 0.949413 0.276724 0.113817 -0.0953147
3.20005 -0.42557 0.499 -0.226169 0.436206 0.525564 -0.694518
4.20004 -0.20181 0.499 -0.177286 0.556662 0.246234 -0.773347
