14.5 -0.0108442 1.79997 1
3.2391 1.38384 0.499 -0.189145 0.540603 0.543882 -0.613323
4.83331 2.28964 0.499 -0.189145 0.540603 0.543882 -0.613323
2.45266 -2.73675 0.499 -0.191682 0.540836 0.534289 -0.620717
0.956494 4.75341 0.499 -0.189145 0.540603 0.543882 -0.613323
4.28983 1.38384 0.499 -0.189145 0.540603 0.543882 -0.613323
1.56471 -3.2134 0.499 0.335089 -0.242829 0.735244 -0.53681
3.65345 -2.12209 0.499 0.139497 0.820476 0.551542 -0.0562215
4.22354 -1.28843 0.499 0.925694 0.363742 0.095018 -0.0418718
3.30962 -0.422755 0.499 -0.154558 0.551333 0.563059 -0.59591
4.30915 -0.279994 0.499 -0.127477 0.637265 0.392247 -0.650987
