110.9 -0.361298 -1.76337 1
0.823352 -1.44961 0.499 -0.250495 0.0386359 -0.658681 -0.708448
4.21332 -1.87555 0.499 0.339254 0.832629 -0.11543 -0.422269
-0.795128 0.278581 0.499 -0.555498 -0.750479 0.149845 0.325192
1.51952 1.43839 0.499 -0.236433 0.619849 -0.746518 0.0509723
-2.49727 0.761581 0.499 -0.571697 0.0444744 0.713953 0.401816
-0.0608474 -1.94182 0.499 0.0888082 0.685655 0.541321 -0.478499
-1.84283 2.95646 0.499 0.76785 -0.346511 -0.498325 -0.204958
-3.89386 1.56821 0.499 0.295529 0.758827 0.325242 0.48069
1.72676 -1.02075 0.499 -0.110668 -0.975978 -0.180587 0.0510685
-0.784161 2.48276 0.498999 0.12423 -0.473433 -0.867435 0.0893556
