47.6 -0.507357 -1.72702 1
-3.10901 0.8179 0.499 0.599383 -0.738345 0.258597 0.16945
0.496965 -2.45658 0.499 -0.466709 0.789148 -0.159351 0.366108
-4.11507 -1.50084 0.499 0.0295875 -0.277566 0.951129 0.132044
2.54931 -1.83331 0.499 0.277861 -0.536489 0.551411 -0.575255
2.86098 -2.78788 0.499 0.533711 0.211165 0.0449032 -0.817647
-2.50205 -0.75693 0.499 -0.0119411 0.424058 0.349823 0.835258
-1.41389 -1.10261 0.499 0.50834 0.139505 -0.849749 0.00750725
-0.0330088 -3.384 0.499 -0.760761 0.297174 -0.117241 -0.564965
-1.99345 0.118555 0.499 -0.656003 -0.537038 -0.0801156 0.524244
-2.19128 -2.68266 0.499 -0.412754 -0.794781 0.369254 -0.248211
