67 -0.730136 1.64527 1
1.86715 -2.53751 0.492381 0.47631 0.356844 -0.715113 0.366612
0.41151 3.31602 0.499 0.0375573 -0.972957 -0.101803 -0.203913
4.01064 1.32962 0.499 -0.512443 0.306518 -0.760513 -0.255085
-0.811191 -1.38635 0.499 -0.00915187 -0.0597603 -0.475351 0.877717
-1.41275 -3.17401 0.499 -0.446159 0.692084 -0.502931 0.262721
-1.28791 1.90512 0.499 -0.37352 0.725283 -0.565393 -0.121568
-0.578664 3.15375 0.499 -0.131038 -0.44146 0.0566136 0.885854
-1.70288 -0.152891 0.499 -0.118543 0.743392 -0.654626 -0.0691448
-1.56217 3.59965 0.499 -0.409654 0.827277 0.142439 -0.357081
2.02218 0.335357 0.499 0.129201 0.0435773 0.986295 0.0929037
