77.7 1.28643 -1.259 1
0.193611 1.94082 0.499 0.0416034 0.651074 0.509974 -0.560623
3.5426 -0.733785 0.499 0.418609 -0.187031 -0.868998 -0.186088
-2.41554 -2.82901 0.499 -0.333063 -0.811033 -0.343978 -0.336114
-2.70634 1.55269 0.499 0.564755 -0.608159 0.0394983 0.556448
-1.11958 0.11823 0.499 0.0489314 0.974907 -0.0374116 -0.213923
2.14308 0.131184 0.499 0.844873 -0.121424 -0.453287 -0.25686
3.85203 0.368803 0.499 0.522833 0.31464 -0.604552 -0.51202
2.27246 -1.64341 0.499 -0.067151 -0.844022 -0.434388 -0.307285
-0.571441 0.957641 0.499 0.0354036 0.567738 0.477028 -0.669973
0.23527 -0.313881 0.499 0.371675 -0.874894 0.263606 0.164102
