93.1 1.29424 1.25098 1
2.12316 -0.269204 0.499 -0.358914 -0.598517 -0.617065 0.363578
0.763452 -1.58326 0.499 0.391975 0.256902 0.872912 0.135577
-0.86809 -1.42958 0.499 0.759864 0.494902 0.248104 -0.340768
-0.0378526 -0.638192 0.499 -0.50846 -0.0237855 -0.21188 0.834272
1.5537 2.7598 0.499 -0.339771 -0.258726 -0.348387 0.834412
-0.0520623 -2.23031 0.499 0.083776 -0.876769 -0.0820627 0.466395
0.336444 1.51735 0.499 0.058891 0.855783 -0.509962 0.0640782
-0.0832692 -3.65979 0.499 -0.410434 -0.483928 -0.772234 -0.0318181
2.77566 -1.20401 0.499 0.766383 -0.204032 0.425571 -0.435796
-1.83316 -1.97764 0.499 0.958071 -0.165104 0.0398546 -0.230765
