88.4 -1.66062 0.694514 1
1.0067 1.94088 0.499 0.846371 -0.45735 0.235428 0.138061
0.764068 -0.445118 0.499 0.315048 -0.77892 -0.542244 0.000869625
-0.924746 0.0603889 0.499 0.815509 0.0439497 0.569732 0.0917513
-1.23789 1.33066 0.499 0.526906 0.0511475 0.848327 0.00974803
-0.023999 2.52078 0.499 -0.729448 -0.113119 -0.658887 0.144837
-0.305207 -0.830056 0.499 -0.611922 -0.48379 -0.589625 0.209384
0.112018 0.906563 0.499 -0.0638313 -0.648604 0.448558 0.611583
0.553883 -2.62695 0.499 -0.276064 0.719041 -0.620469 -0.147605
1.38269 0.477296 0.499 0.792228 -0.422376 0.439306 0.0313699
-1.36241 -0.980968 0.499 -0.219974 -0.466894 -0.604472 0.606824
