110.8 -0.521115 -1.72292 1
0.782268 -1.44894 0.499 -0.265013 -0.0327515 -0.598374 -0.755409
4.11373 -1.88986 0.499 0.28081 0.890308 -0.00788521 -0.35838
-0.819393 0.261495 0.499 -0.44989 -0.784619 0.138313 0.403537
1.47514 1.40259 0.499 -0.314412 0.631635 -0.707162 -0.0458716
-2.47584 0.762635 0.499 -0.612983 0.0114811 0.645678 0.455214
-0.105535 -1.92993 0.499 0.0473341 0.683131 0.595903 -0.419512
-1.79536 3.08416 0.499001 0.761909 -0.357639 -0.500904 -0.201705
-3.87669 1.55508 0.499 0.176068 0.788071 0.321867 0.494312
1.68735 -1.02371 0.499 -0.0289424 -0.974663 -0.211378 0.0671838
-0.749712 2.68008 0.499002 0.152707 -0.406617 -0.887366 0.154677
