116.6 -1.71539 -0.545378 1
2.20835 0.306604 0.499002 0.269533 -0.110333 -0.939674 -0.179421
1.71226 2.40572 0.499 0.894066 0.418586 -0.120398 -0.104578
0.717679 -2.23021 0.499 -0.154734 0.253933 -0.434179 -0.850332
0.940574 3.6925 0.499 0.0582343 0.877292 0.451651 -0.151587
-2.56529 -1.43479 0.499 -0.0994869 0.845484 -0.509425 -0.125482
1.91894 -0.830548 0.499 -0.330406 -0.67408 -0.346871 0.562253
-1.29309 0.151467 0.499 -0.774305 -0.552242 -0.0788981 0.298756
-2.80429 1.91614 0.499 0.671276 0.545467 0.389738 -0.316162
3.04151 0.859635 0.498998 -0.325759 0.920522 -0.152081 0.152943
-1.26594 -1.78477 0.499 0.518351 -0.0418876 -0.795033 -0.312218
