66.1 0.712386 1.65303 1
2.27594 -3.5131 0.619582 0.115503 0.613028 -0.0392587 0.780586
0.329579 2.7055 0.499 -0.0873594 -0.69279 -0.146719 -0.700631
3.56616 1.23964 0.499 -0.259676 0.927041 0.224265 0.151227
-0.128691 -1.62496 0.499 -0.585568 0.448407 -0.0728626 0.671365
-0.967735 -3.5335 0.499 -0.407434 0.899669 0.146329 0.0564061
-1.71683 1.66927 0.499 -0.2483 0.586449 0.187462 0.747852
-0.670013 2.62554 0.499 -0.165935 -0.929296 0.238822 0.227684
-1.91961 -0.203865 0.499 -0.217634 0.833171 -0.0898459 0.500389
-1.63413 3.0299 0.499 -0.0771006 0.899803 0.362827 0.229712
1.64555 0.00218435 0.499 0.855632 0.186675 0.439001 -0.200809
