111.9 1.17889 -1.36023 1
1.31645 -1.35035 0.499 -0.211352 0.687809 -0.687068 -0.100932
5.30021 -1.63383 0.499 0.30615 -0.138546 -0.788681 -0.514839
-0.402886 0.109584 0.499071 -0.641445 -0.23732 0.137251 -0.716512
2.06433 1.88393 0.499 0.295261 0.0229407 -0.590597 0.750659
-2.43428 0.662184 0.497809 0.121013 0.121897 0.985107 -0.00782599
0.482667 -1.96702 0.499 0.378607 0.66988 -0.0436455 -0.637191
-2.20471 1.7551 0.499 0.685381 -0.0104848 -0.607908 -0.400737
-3.16166 1.45438 0.499395 0.810858 0.548475 0.176211 -0.103122
2.20742 -0.890638 0.499 -0.599814 -0.699478 0.23094 -0.312444
-1.09766 1.03523 0.499 0.00990972 -0.546025 -0.233882 -0.804399
