33.3 -0.803248 1.61084 1
-0.0729349 0.958478 0.499 -0.883499 -0.0192409 -0.448605 -0.133463
1.60841 0.169547 0.499 -0.913319 -0.0550223 0.171959 -0.365036
0.66113 -3.2101 0.499 0.404944 0.296028 0.28699 -0.816104
1.44886 1.70159 0.499 -0.249398 -0.346922 -0.899866 0.0876808
2.73862 -0.78962 0.499 0.354272 0.34995 0.852621 0.158315
-0.652724 -1.39462 0.499 -0.48997 -0.404199 0.427933 -0.642982
0.326485 -0.988345 0.499 -0.0757142 0.896729 0.434547 0.0362422
1.4373 -0.816883 0.499 0.749136 0.0703092 0.182527 -0.632879
0.318431 0.0308758 0.499 -0.14065 0.474462 -0.399844 -0.77151
2.55682 -2.71562 0.499 0.0763216 0.764248 -0.352429 -0.534691
