18.5 -1.51075 0.97858 1
2.69212 1.11893 0.498971 -0.526279 -0.0213948 -0.273443 -0.804862
4.03118 1.82116 0.498547 -0.459299 0.133959 0.0289273 -0.877646
1.87618 -3.05376 0.499 -0.312028 -0.0321477 -0.219609 -0.923784
0.527935 4.51868 0.499 -0.396302 -0.102757 -0.347604 -0.843538
3.66545 0.891114 0.498964 -0.31119 -0.0586292 0.0264993 -0.948167
0.869359 -3.00743 0.499 -0.705014 -0.276337 0.0693092 -0.649453
2.42476 -2.18652 0.499 0.513056 0.591041 0.222592 -0.581289
3.07906 -1.28539 0.499 0.770596 -0.426108 0.2056 -0.427016
2.51649 -0.444975 0.499 -0.174003 0.151239 -0.301432 -0.925197
3.70677 -0.107665 0.499197 -0.0841972 0.0111814 -0.73547 -0.672213
