65.9 1.00167 1.49555 1
2.36667 -3.73473 0.538553 0.0082163 0.600319 0.139517 0.787454
0.287851 2.55678 0.499 -0.13263 -0.635521 -0.173217 -0.74062
3.44428 1.20565 0.499 -0.0728327 0.877337 0.436838 0.184792
-0.000767843 -1.69046 0.499 -0.632311 0.57754 0.0374867 0.515001
-0.916282 -3.5751 0.499 -0.280215 0.934638 0.218551 -0.0129372
-1.83294 1.59959 0.499 -0.120432 0.46399 0.369055 0.796246
-0.711569 2.49175 0.499 -0.205469 -0.935976 0.274449 0.0800561
-1.99368 -0.221396 0.499 -0.192642 0.811664 0.0486001 0.549299
-1.67223 2.88795 0.499 0.0264182 0.874387 0.385284 0.293777
1.53768 -0.0834208 0.499 0.900138 0.172067 0.280755 -0.285169
