84.6 1.33401 -1.20848 1
0.467802 2.64779 0.499 0.609305 0.172865 0.484779 -0.603203
1.64713 -0.832962 0.498996 0.496703 0.590795 -0.327867 0.544749
-1.87255 1.27479 0.498989 -0.392937 -0.776755 -0.00505801 0.492166
-2.57879 2.0345 0.499 0.139383 0.710299 0.548071 -0.419126
-0.348907 1.02986 0.499 -0.301432 0.342986 0.6711 -0.584059
0.620495 -0.797784 0.499 -0.401952 0.688872 -0.490965 -0.35049
0.551448 0.330124 0.522523 -0.769548 0.401365 -0.466441 -0.170689
1.53576 -2.6195 0.499 0.431892 0.587548 0.676215 -0.10483
0.616235 1.44158 0.499 0.27395 0.0402906 -0.0186576 0.960718
-0.576763 -1.07588 0.499 -0.482534 0.565333 -0.587004 -0.320914
