100.5 0.541797 1.71652 1
2.84795 -3.05715 0.498977 0.865385 -0.497116 0.0532971 0.0338317
0.758452 -2.83893 0.499 -0.411842 -0.206629 -0.705482 -0.538503
-0.576376 -1.86249 0.502917 -0.432137 0.451519 0.562318 0.541468
0.426158 -1.87613 0.498105 0.0548336 0.322122 0.777848 -0.536826
3.35639 3.67179 0.499 0.740386 0.0170462 -0.512742 -0.434319
-0.445881 -3.12248 0.499 -0.19479 0.35478 -0.020793 -0.914197
-0.231485 3.03466 0.499 0.221512 -0.736501 0.631256 -0.100074
-1.6758 -2.30712 0.499 0.230474 0.0261902 0.190147 -0.95396
3.86221 -2.96105 0.527226 -0.644533 0.0789929 -0.000216433 0.760485
-1.81881 -0.486323 0.499 0.190308 -0.532764 -0.730618 -0.382287
