4.2 1.78427 0.237418 1
3.75203 0.937399 0.499 0.985595 0.168749 0.0111734 -0.000635202
5.34623 1.8432 0.499 0.985595 0.168749 0.0111734 -0.000635202
2.95493 -3.19304 0.499 0.985595 0.168749 0.0111734 -0.000635202
1.46942 4.30696 0.499 0.985595 0.168749 0.0111734 -0.000635202
4.80275 0.937399 0.499 0.985595 0.168749 0.0111734 -0.000635202
2.26458 -4.98255 0.499003 0.997118 0.0749991 0.00875621 -0.00736213
4.87522 -2.64956 0.499 0.985595 0.168749 0.0111734 -0.000635202
5.92594 -2.64956 0.499 0.985595 0.168749 0.0111734 -0.000635202
3.86073 -0.874195 0.499 0.985595 0.168749 0.0111734 -0.000635202
4.87522 -0.874195 0.499 0.985595 0.168749 0.0111734 -0.000635202
