82.8 -1.30919 -1.23532 1
-0.137231 3.99915 0.500633 0.537992 -0.680996 -0.348445 0.354111
2.24073 -0.774067 0.499 -0.510344 0.420762 0.547491 -0.512603
-2.40049 1.49184 0.499 0.214783 0.218509 -0.590625 0.746515
-3.94549 3.87993 0.499 0.757287 -0.421082 0.165613 0.470934
-0.671228 0.953316 0.499 -0.124796 -0.733128 0.645539 -0.17386
0.824937 -0.208198 0.499 -0.15645 -0.376994 -0.482196 -0.775168
1.7241 0.467828 0.499 0.696856 -0.211385 0.0995274 -0.678088
1.78668 -2.01383 0.499 -0.640238 0.63313 0.412436 -0.138343
-0.0552966 2.07251 0.499 0.624979 0.680597 -0.356791 -0.137438
-0.710211 -0.506225 0.499 0.141173 -0.178977 -0.0472953 -0.972523
