76.8 -0.051117 -1.79927 1
-0.0743729 1.73607 0.499 -0.372876 -0.203114 0.757188 -0.496362
3.46921 -0.243165 0.499 0.954995 0.0231651 -0.1765 0.237267
-1.49206 -2.76734 0.499 0.481868 -0.228251 -0.573721 0.621731
-2.7741 1.30423 0.499 -0.131642 0.357021 -0.372833 0.846287
-1.41414 0.138846 0.498978 -0.0574193 0.614167 0.66423 -0.422257
2.15717 0.355499 0.499 0.857609 -0.245331 0.142159 -0.429081
3.37574 0.774324 0.499 0.977444 0.117018 -0.174344 0.0226646
1.72118 -1.46618 0.499 0.30682 -0.620599 -0.672855 -0.260736
-0.920075 1.00796 0.499022 -0.535657 -0.0127737 -0.0690951 -0.841507
0.17223 -0.15018 0.499 0.307026 -0.45863 0.371142 0.746758
