108.4 -1.08792 1.43403 1
0.373931 -1.58202 0.499 0.402197 0.475058 0.772907 0.123176
2.13132 -2.39887 0.499 0.199428 -0.79223 -0.194635 -0.542879
-0.805143 -0.277097 0.499003 0.452161 0.36362 -0.497726 -0.64467
1.02089 0.313655 0.499 0.59767 -0.324236 0.733175 -0.0107509
-1.3235 0.605846 0.498997 -0.237153 -0.912504 -0.326531 0.0668776
-0.621654 -1.79609 0.498996 0.251261 -0.861331 -0.194963 0.39619
-1.11625 4.63854 0.499 0.0183459 0.450457 -0.873277 -0.184769
-2.80421 1.09501 0.499 -0.539254 -0.75289 0.228037 -0.300599
1.46117 -1.29451 0.499 0.336996 0.197654 -0.839947 -0.376637
2.40112 5.73105 0.564798 -0.253209 0.795582 0.399305 0.378801
