28.7 1.78997 -0.189758 1
1.63983 0.37962 0.499 0.292269 0.537455 -0.212393 -0.761978
2.8149 -0.198184 0.499 0.551029 -0.0736882 -0.164555 -0.814775
1.95921 -3.92473 0.499 0.629557 -0.764188 -0.0244952 0.138109
1.86581 2.54223 0.499 0.834836 0.147973 0.402263 -0.345451
3.48119 -1.01832 0.499 -0.204868 -0.958871 -0.132012 0.145496
0.702562 -2.32251 0.499 0.617733 -0.266387 -0.331411 -0.661522
1.61955 -1.8555 0.499 0.375388 -0.281191 0.849563 0.241368
2.54714 -1.42107 0.499 0.450389 -0.172839 -0.192935 0.854431
1.88017 -0.594412 0.499 0.837485 0.417913 0.320255 -0.146303
4.21403 -2.6899 0.499 0.73383 -0.268797 0.323002 0.533771
