116.7 -1.6583 -0.700034 1
2.21581 0.308502 0.499002 0.317097 -0.101792 -0.939326 -0.0821852
1.51541 2.42357 0.499 0.897556 0.303902 -0.270006 -0.170685
0.730535 -2.30516 0.499 -0.0227274 0.265294 -0.43381 -0.860762
0.785972 3.62937 0.499 0.0901131 0.912648 0.375215 -0.134786
-2.57069 -1.50513 0.499 -0.0384187 0.850838 -0.50184 -0.150845
1.94027 -0.838617 0.499 -0.342244 -0.613836 -0.308659 0.64094
-1.28292 0.0911818 0.499 -0.783556 -0.508096 -0.104777 0.341906
-2.79765 1.89184 0.499 0.634326 0.521999 0.353528 -0.447399
3.04808 0.86286 0.498998 -0.238259 0.946445 -0.17887 0.124417
-1.27197 -1.87907 0.499 0.551402 -0.0576251 -0.765472 -0.326631
