63.3 0.303361 -1.77425 1
2.42586 -0.774514 0.499 -0.339259 -0.557135 -0.695469 -0.301375
-0.373844 0.905214 0.499 0.659286 -0.709608 -0.245842 0.0368804
1.12171 1.07207 0.499 0.0100882 -0.977656 -0.138214 0.158065
1.05559 -2.08286 0.499 0.580197 -0.80513 0.10472 0.0645818
-0.862552 -3.66205 0.499 0.15446 -0.651705 0.635376 -0.384345
-4.16908 0.903188 0.519453 0.358255 -0.537903 0.689053 -0.327902
-1.87279 1.29235 0.499 -0.105782 -0.94974 0.206601 0.210046
-3.41266 0.0357263 0.499 -0.863241 -0.0923774 0.384958 0.313191
-3.004 1.5458 0.499 -0.0494936 0.895769 0.440888 -0.0276875
-0.472262 -0.718707 0.499 0.21924 -0.0119028 0.258095 -0.94084
