110.3 -1.22933 -1.31482 1
0.610685 -1.43103 0.498828 -0.326072 -0.310305 -0.157185 -0.879023
3.65084 -1.94896 0.499 -0.0939452 0.866841 0.471709 0.131344
-0.906732 0.191227 0.499 0.199564 -0.777726 0.0526058 0.593758
1.28965 1.2313 0.499 -0.658581 0.529795 -0.302246 -0.440723
-2.33264 0.777206 0.499 -0.674149 -0.208965 0.269208 0.655274
-0.293689 -1.85821 0.49926 -0.121452 0.604772 0.787081 -0.00223402
-1.55461 3.75068 0.499188 0.709712 -0.355015 -0.57491 -0.199378
-3.75498 1.49955 0.499 -0.417449 0.70821 0.221803 0.524383
1.52644 -1.02947 0.498912 0.369328 -0.861504 -0.345106 0.048064
-0.515333 3.67234 0.499 0.235675 0.00591808 -0.89179 0.386177
