63.6 0.773524 -1.62532 1
2.41818 -1.20806 0.499 -0.291964 -0.642521 -0.502419 -0.499498
-0.340146 1.0387 0.499 0.432216 -0.833873 -0.329311 -0.0969519
1.42426 1.01977 0.499 0.0619196 -0.989892 0.1131 0.0590683
0.942338 -2.11172 0.499 0.465569 -0.79382 0.134833 -0.367309
-0.858456 -3.72612 0.499 0.179794 -0.478716 0.618209 -0.596927
-3.7643 0.946563 0.498289 0.262526 -0.470461 0.78168 -0.314202
-1.75718 1.34466 0.499 -0.280692 -0.930305 0.235335 0.0189997
-3.3117 0.040558 0.533005 -0.754308 0.159098 0.566234 0.291697
-2.92455 1.54813 0.499 0.160706 0.895167 0.413363 0.044504
-0.229547 -0.720564 0.499 0.331833 -0.0886118 0.0714311 -0.936447
