30.9 1.14996 1.38477 1
1.00237 0.796439 0.499 -0.712068 0.331022 0.264579 -0.559804
2.38289 0.0800411 0.499 -0.0678186 0.308344 0.77828 -0.542775
1.59071 -3.59069 0.499 0.917612 0.375239 0.106067 0.0770296
1.8379 2.34408 0.499 -0.687705 0.68009 0.252601 -0.0270523
3.29755 -0.705042 0.499 0.885256 -0.378313 -0.0833863 0.257386
0.225882 -1.67484 0.499 0.3882 0.118229 0.459107 -0.790281
1.18618 -1.20357 0.499 0.332203 0.304568 0.423351 0.785909
2.20021 -0.903785 0.499 0.688523 0.406406 -0.588227 0.121485
1.28688 -0.176283 0.499 -0.0979372 0.982579 0.0869237 -0.131873
3.94818 -2.71343 0.499 0.309044 0.910839 -0.266028 0.0639766
