31.1 1.01639 1.48558 1
0.922877 0.82223 0.499 -0.768378 0.255687 0.25445 -0.528653
2.32658 0.110558 0.499 -0.154878 0.26828 0.803567 -0.50825
1.53566 -3.57242 0.499 0.871761 0.453545 0.174081 0.063443
1.81382 2.31397 0.499 -0.794252 0.589386 0.143677 -0.0338251
3.25931 -0.688664 0.499 0.915397 -0.275401 -0.0237597 0.292641
0.161006 -1.62806 0.499 0.336446 0.0916498 0.524723 -0.776576
1.12524 -1.1564 0.499 0.282819 0.377626 0.404008 0.783703
2.14504 -0.873008 0.499 0.704075 0.453057 -0.545524 0.0377108
1.21141 -0.150372 0.499 -0.179269 0.965071 0.0660319 -0.179275
3.90248 -2.72767 0.499 0.225596 0.938356 -0.256797 -0.0514683
