90.4 -0.241418 -1.78374 1
1.1452 0.719223 0.499 0.00786526 0.609986 0.524598 -0.593845
0.391763 -1.30657 0.498997 -0.53225 -0.772452 0.309556 0.15557
-1.229 -0.932324 0.498999 -0.156686 -0.793903 0.574267 -0.124037
-1.01429 0.214123 0.499 -0.495764 0.566908 0.595809 -0.279006
0.32265 2.33516 0.499 0.368456 0.757039 -0.18426 0.50713
-0.510896 -1.73946 0.499003 -0.46644 0.27683 -0.258022 0.799514
-0.134395 0.864217 0.499 0.0338471 0.136945 0.892218 -0.429007
-0.0552584 -3.37134 0.499 0.627417 0.699496 -0.179489 0.291268
1.6421 -0.549176 0.499 -0.71137 -0.610393 0.200651 0.284804
-1.89522 -1.68381 0.499001 -0.0782021 -0.299323 0.244092 0.91908
