60.6 -1.33908 1.20286 1
2.58333 2.65348 0.499 -0.288428 -0.106461 0.674543 0.671169
-0.333737 -0.878453 0.499 -0.585538 0.643159 -0.405611 0.281019
-0.404173 1.97891 0.499 -0.379856 0.855867 0.25336 -0.242919
2.91883 -1.69218 0.49726 -0.828156 0.558598 -0.0360031 0.0288046
-0.0674216 -2.95454 0.499 0.317788 -0.621818 -0.607397 0.378712
-3.96068 0.991675 0.499 0.600326 0.245485 -0.416123 0.637328
-2.10938 0.975431 0.499 0.289995 0.371845 -0.852664 -0.22494
-2.10499 -1.91601 0.499 0.317524 0.924813 0.175128 -0.115017
-2.89264 1.63585 0.499 -0.343361 -0.540394 0.681843 0.35379
-1.82843 -0.476839 0.499 0.354509 -0.301578 -0.282959 0.838635
