118.4 0.677975 -1.66744 1
2.69533 0.336315 0.499 -0.113079 -0.20217 -0.0877311 0.968836
-1.36132 1.99203 0.499 -0.931926 -0.299838 0.0503889 -0.197668
1.30361 -3.53627 0.499 0.690947 0.348266 -0.0737416 0.629178
-1.56815 3.1838 0.499 0.0262784 0.435274 -0.457927 0.774693
-2.30263 -2.65603 0.499 0.442321 0.792306 -0.370327 0.198647
2.65934 -0.973413 0.499 -0.12338 0.150296 0.695523 0.69169
-0.753327 -0.911701 0.499 -0.747271 -0.0894419 0.161378 0.638391
-2.32482 1.47679 0.499 -0.725408 -0.130041 -0.538593 -0.408399
3.51604 0.907729 0.499 0.817674 0.207562 -0.467723 0.263746
-1.01785 -3.488 0.499 0.420691 0.0167213 -0.6884 -0.590631
