40.8 1.79399 -0.146937 1
-0.966577 0.884117 0.499 -0.164117 0.673045 0.12135 -0.71088
1.65609 -1.18955 0.499 0.79586 -0.401251 -0.404574 -0.204752
-0.95085 -2.24301 0.499 0.638064 0.45259 -0.510651 -0.356754
2.81888 -0.478062 0.499 0.0341352 0.846934 0.522144 -0.0943585
3.47879 -1.75764 0.499 -0.86008 -0.419456 -0.185614 0.223308
-0.911562 -1.22266 0.499 0.721165 -0.275969 -0.458777 -0.439642
0.112406 -1.04891 0.499 -0.199247 -0.696635 0.656097 -0.211037
1.35901 -2.15382 0.499 0.055185 -0.271279 -0.00427671 0.960908
-0.204939 0.0623042 0.499 0.795901 0.381174 0.470106 0.0157643
0.312508 -2.56962 0.499 0.290165 0.862583 0.163895 0.380649
