27.3 1.3841 -1.15077 1
1.81205 0.139537 0.499 0.806871 -0.176097 -0.28553 -0.486232
2.89239 -0.306096 0.499 0.459414 -0.730741 -0.460542 -0.207017
1.96134 -4.12563 0.499 -0.0956606 -0.868097 0.297819 0.385435
1.65119 2.68 0.499 0.513521 -0.830615 0.0334409 -0.212737
3.36566 -1.206 0.499022 -0.765056 -0.469581 -0.0384414 0.438982
0.773524 -2.72299 0.499 0.561528 -0.74094 -0.350131 -0.114465
1.66295 -2.25868 0.498999 -0.219223 -0.338679 0.907025 -0.120595
2.5293 -1.75421 0.498979 0.143069 -0.0466833 0.461763 0.874144
2.01959 -0.85479 0.499 0.655554 -0.376667 0.585867 -0.291771
4.15083 -2.66326 0.499 -0.0225286 -0.626068 0.755734 0.190784
