32.4 -0.0343734 1.79967 1
0.343116 0.961151 0.499 -0.934795 -0.0664187 -0.0906343 -0.336947
1.90916 0.213938 0.499 -0.696885 -0.0226492 0.606982 -0.381328
1.04445 -3.33923 0.499 0.57649 0.581835 0.423221 -0.387314
1.60514 2.02072 0.499 -0.762195 -0.0854526 -0.637633 -0.0719805
2.95861 -0.679708 0.499 0.722873 0.257242 0.520471 0.374688
-0.312851 -1.42151 0.499 -0.119465 -0.232445 0.677327 -0.687696
0.660988 -0.987328 0.499 -0.0466548 0.777567 0.392824 0.488777
1.73383 -0.771209 0.499 0.782875 0.434101 -0.084434 -0.437647
0.690049 0.0208545 0.499 -0.324556 0.719715 -0.130355 -0.599734
3.32794 -2.77503 0.501047 -0.0755019 0.777434 -0.178865 -0.59825
