5.9 1.73901 0.464576 1
3.7391 1.00231 0.499 0.944521 0.325622 0.0427381 -0.00482944
5.3333 1.9081 0.499 0.944521 0.325622 0.0427381 -0.00482944
2.942 -3.12813 0.499 0.944521 0.325622 0.0427381 -0.00482944
1.45649 4.37187 0.499 0.944521 0.325622 0.0427381 -0.00482944
4.78982 1.00231 0.499 0.944521 0.325622 0.0427381 -0.00482944
2.24446 -4.75537 0.499001 0.996083 0.0749795 0.0319302 -0.0343076
4.86229 -2.58465 0.499 0.944521 0.325622 0.0427381 -0.00482944
5.91301 -2.58465 0.499 0.944521 0.325622 0.0427381 -0.00482944
3.84779 -0.809289 0.499 0.944521 0.325622 0.0427381 -0.00482944
4.86229 -0.809289 0.499 0.944521 0.325622 0.0427381 -0.00482944
