80.3 -0.0660203 1.79879 1
0.446364 3.32418 0.499 -0.158915 0.663172 -0.710884 0.172027
4.03437 -1.01533 0.499 -0.488254 -0.526052 0.296412 -0.630093
-1.75947 -0.312292 0.499 -0.613093 0.724093 -0.186308 -0.25514
-2.93567 3.07323 0.499 -0.789012 0.476951 0.147834 -0.357942
-0.683687 0.78471 0.499 0.038879 -0.656942 -0.748987 -0.077034
1.83712 0.293167 0.499 -0.503727 0.545061 0.0795113 -0.665466
4.70477 -0.0793287 0.499 -0.283187 -0.628835 0.277571 0.668824
2.95308 -1.46971 0.499 0.318989 -0.464335 0.572927 0.59531
-0.101883 1.59804 0.499 -0.581217 -0.0329064 -0.317833 0.748389
0.0557914 0.0434644 0.499 0.682029 0.370598 0.297562 -0.555833
