30.6 1.32997 1.21292 1
1.1158 0.751851 0.499 -0.612923 0.439547 0.256222 -0.604544
2.46153 0.0283664 0.499004 0.0572986 0.354764 0.715494 -0.599106
1.66746 -3.62399 0.499 0.967447 0.236414 0.0162389 0.0888277
1.86821 2.38335 0.499 -0.481886 0.784155 0.389913 -0.0292318
3.34909 -0.73551 0.499 0.808745 -0.529873 -0.153597 0.203896
0.317385 -1.75091 0.499 0.455311 0.139 0.348192 -0.807548
1.27178 -1.28022 0.499 0.399257 0.196934 0.462391 0.766815
2.27717 -0.955826 0.498996 0.665117 0.319934 -0.62781 0.247215
1.39429 -0.221049 0.499 0.0387612 0.990011 0.113548 -0.0740504
4.01094 -2.69797 0.499 0.438257 0.829567 -0.26323 0.224633
