41.1 1.79054 0.184268 1
-1.03303 0.995895 0.499 -0.330751 0.669132 0.252071 -0.615895
1.63302 -1.13075 0.499 0.871446 -0.15771 -0.359794 -0.293696
-1.06205 -2.09219 0.49859 0.474218 0.571186 -0.524079 -0.41738
2.84457 -0.445983 0.499 -0.237887 0.849658 0.469174 0.0369797
3.47769 -1.6816 0.499 -0.728522 -0.620222 -0.243313 0.159309
-0.952332 -1.09887 0.49941 0.733854 -0.116402 -0.378281 -0.552099
0.0731365 -0.936576 0.499 -0.0171251 -0.723263 0.684414 -0.0904153
1.32566 -2.09339 0.499 0.165566 -0.274795 -0.251164 0.913232
-0.25658 0.178313 0.499 0.717859 0.548567 0.41118 0.121171
0.230114 -2.45991 0.499 0.11483 0.876459 0.0323873 0.46646
