81 -1.12906 1.40187 1
0.274965 3.65449 0.499 0.0858868 0.44715 -0.89026 -0.0108486
3.54871 -0.863319 0.498998 -0.523069 -0.53601 0.560374 -0.353655
-1.64296 0.433869 0.519857 -0.331191 0.627229 -0.684625 -0.167881
-3.23121 3.4388 0.499 -0.809795 0.383105 -0.385664 0.220742
-0.766384 0.926535 0.498797 0.418994 -0.873744 -0.241485 0.0519778
1.5322 0.292158 0.499 -0.488083 0.0767211 0.253421 -0.831665
3.93716 0.160311 0.513763 0.398972 -0.485117 0.24927 0.737121
2.73043 -1.48712 0.498994 -0.0810411 0.11009 0.544294 0.827682
-0.179733 1.74077 0.4991 -0.608589 0.198817 -0.725038 0.253795
-0.21393 0.0913042 0.498089 0.467274 0.367129 0.596077 -0.539966
