105.2 1.36269 -1.17605 1
-1.21837 -3.35685 0.510218 0.100878 -0.430365 0.0188681 -0.896802
-1.94114 -4.04926 0.512236 -0.292457 0.848289 0.348327 0.271187
-0.515495 -1.03137 0.499 0.602368 -0.47326 -0.357042 0.534509
0.233656 -1.9332 0.498991 0.254755 0.240153 -0.415704 0.839414
-0.441101 -0.002501 0.499 -0.403406 0.152027 -0.809072 0.399442
-2.91964 -4.21586 0.497665 -0.00303791 0.832038 -0.0325675 -0.553753
-0.920469 3.47677 0.499 0.420063 0.896669 0.0336371 -0.13565
-1.62854 -0.65241 0.499 0.867612 -0.206499 -0.0385088 -0.450694
1.09511 -2.441 0.499009 0.928294 0.324706 0.169497 -0.0640952
1.13966 3.04005 0.499 0.138137 -0.780831 -0.553086 0.255573
