86.9 0.356926 1.76426 1
1.11579 2.35969 0.499 -0.593832 -0.390793 -0.639709 0.292262
1.25561 -0.210366 0.499028 0.0288518 -0.498869 -0.846847 -0.182062
-0.607503 0.449625 0.499 0.484797 -0.138323 -0.650254 -0.568337
-1.20934 1.68302 0.499 0.31673 -0.697058 -0.624902 -0.152613
-0.102039 2.16341 0.499 -0.699355 -0.131631 0.600316 0.364962
0.298981 -0.673941 0.499 -0.854284 -0.307119 0.419113 -0.0148892
0.467069 0.442138 0.498956 -0.305386 -0.813848 0.169353 0.464447
1.2498 -2.54284 0.499 -0.218669 0.362436 -0.451324 0.785577
1.41576 0.784148 0.499 -0.0184732 -0.132264 -0.575214 -0.807028
-0.70236 -0.928197 0.499 -0.866368 -0.433576 -0.113509 0.220307
