27.1 1.28569 -1.25976 1
1.82485 0.116487 0.499 0.834128 -0.285838 -0.241728 -0.405085
2.90144 -0.308361 0.499 0.429459 -0.784843 -0.441382 -0.0690528
1.95009 -4.14624 0.499 -0.19416 -0.816963 0.3284 0.432466
1.60898 2.70777 0.499 0.402806 -0.904019 -0.00819333 -0.142931
3.33818 -1.2243 0.499116 -0.795511 -0.366466 -0.0481562 0.480152
0.772112 -2.77211 0.499015 0.549227 -0.775194 -0.311883 -0.0123433
1.65796 -2.30777 0.498868 -0.321249 -0.333837 0.874854 -0.141363
2.51561 -1.79317 0.499001 0.0827663 0.00650394 0.528915 0.844604
2.02472 -0.886438 0.499 0.568825 -0.471147 0.614884 -0.276362
4.13025 -2.65137 0.499 -0.159094 -0.613028 0.759986 0.145972
