89.2 -1.69885 -0.594905 1
0.963608 1.50546 0.499 0.571039 -0.00412662 0.801956 -0.175399
0.504442 -0.762838 0.499 0.0795234 -0.894068 -0.268905 0.349297
-1.12111 -0.319411 0.499 0.307004 -0.337913 0.839453 0.294757
-1.21655 0.929961 0.499 -0.169293 0.327648 0.925091 -0.0905168
0.01763 2.50053 0.499 -0.236869 0.449134 -0.852824 0.121911
-0.524995 -1.14364 0.499 -0.462607 -0.0601115 -0.761397 0.450173
-0.112115 0.950488 0.499 -0.262914 -0.344764 0.78411 0.444056
0.207493 -2.87962 0.499 0.141813 0.843439 -0.43479 -0.281882
1.3836 0.110729 0.499 0.193053 -0.584085 0.520785 0.591911
-1.67848 -1.2154 0.499 -0.0744059 -0.210125 -0.42271 0.878423
