63.1 -0.025014 -1.79983 1
2.44048 -0.477414 0.499 -0.361302 -0.47519 -0.781341 -0.182105
-0.387142 0.824587 0.498998 0.787257 -0.576831 -0.191983 0.103129
0.925673 1.11792 0.499 -0.00015641 -0.930684 -0.305408 0.201379
1.13926 -2.05422 0.499 0.614555 -0.710518 0.0609204 0.337307
-0.85733 -3.60976 0.499 0.158629 -0.729089 0.627286 -0.223111
-4.4027 0.966021 0.499 0.437069 -0.552967 0.670908 -0.230392
-1.94251 1.26751 0.499 0.0433801 -0.930724 0.176405 0.317415
-3.37121 -0.109053 0.499 -0.875067 -0.33524 0.145316 0.317419
-3.04898 1.55379 0.499 -0.201424 0.870002 0.447572 -0.0469562
-0.626701 -0.70743 0.499 0.141478 0.0629829 0.393577 -0.906154
