47.1 -1.07619 -1.44285 1
-3.1615 0.872462 0.499 0.529846 -0.428092 0.407876 0.607979
0.372177 -2.31372 0.499 -0.449925 0.788447 -0.419099 -0.0165725
-4.09238 -1.50554 0.499 -0.42926 -0.216599 0.707625 0.517772
2.36892 -1.70735 0.499 0.19452 -0.715754 0.63807 -0.2067
2.69469 -2.65597 0.499 0.41551 -0.0415261 0.368888 -0.830391
-2.57924 -0.715992 0.499 -0.313534 0.725674 0.109775 0.602531
-1.51168 -1.04897 0.499 0.788017 0.231843 -0.511199 -0.252889
-0.140672 -3.24385 0.499 -0.620643 -0.085427 -0.332978 -0.70472
-2.07663 0.157717 0.499 -0.413092 -0.374087 -0.512192 0.653508
-2.21719 -2.62466 0.499 -0.34418 -0.895995 0.111881 0.257325
