45.6 -1.78853 0.202848 1
-3.03769 1.25759 0.499 -0.103319 0.529807 -0.337944 0.770989
0.279075 -1.66371 0.499 -0.583026 -0.00124018 -0.267276 -0.767231
-3.74304 -1.29818 0.499 -0.335138 -0.250306 -0.839854 0.345941
2.10903 -1.10803 0.499 0.492258 -0.484618 0.141253 0.709137
2.4771 -2.0388 0.499 0.184275 -0.0566387 0.980828 0.0284678
-2.54905 -0.408825 0.499 -0.871908 0.0109005 -0.369739 -0.320858
-1.52379 -0.666599 0.499 0.20251 0.689221 0.565916 -0.404603
-0.182401 -2.60197 0.499 0.274993 -0.686332 0.0501164 -0.671428
-2.03908 0.503483 0.499 0.327438 0.0988503 -0.886906 -0.310501
-2.01368 -2.2292 0.499 0.51913 -0.174141 -0.683938 0.482087
