16.2 -0.696712 1.6597 1
3.04313 1.34375 0.499 -0.379215 0.213348 0.32097 -0.841224
4.63733 2.24955 0.499 -0.379215 0.213348 0.32097 -0.841224
2.27504 -2.75945 0.499 -0.382852 0.205334 0.284517 -0.854583
0.760521 4.71332 0.499 -0.379215 0.213348 0.32097 -0.841224
4.09385 1.34375 0.499 -0.379215 0.213348 0.32097 -0.841224
1.26529 -3.06433 0.499 -0.113422 -0.405875 0.651413 -0.630922
3.13028 -2.11042 0.499 0.149154 0.797667 0.512186 -0.28133
3.66885 -1.17354 0.499003 0.96275 0.109976 0.162629 -0.185929
3.00927 -0.421972 0.498997 -0.28161 0.288121 0.38651 -0.829634
4.04208 -0.113878 0.499 -0.20198 0.400475 -0.0287144 -0.893308
