44.7 -1.35033 1.19021 1
-2.71618 1.48852 0.499 -0.597714 0.28996 -0.65621 0.357839
0.470441 -1.27385 0.499 -0.545772 -0.157185 0.352179 -0.743906
-3.28621 -1.17392 0.499 -0.0685736 -0.263869 -0.847206 -0.455975
2.20031 -0.748583 0.499 0.524989 -0.33302 -0.548438 0.559195
2.59377 -1.66864 0.499 0.46491 0.0594693 0.68026 0.563532
-2.30904 -0.263578 0.499 -0.594965 -0.53152 0.146735 -0.584783
-1.28383 -0.437324 0.499 -0.218242 0.687092 0.654527 0.227748
0.0397887 -2.21698 0.499 0.714224 -0.270619 0.245648 -0.596915
-1.762 0.72172 0.499 0.0664566 0.424209 -0.449973 -0.783042
-1.64434 -1.99207 0.499 0.399108 0.272779 -0.873216 -0.0616342
