44 -0.672116 1.66981 1
-2.36966 1.58574 0.499 -0.873475 0.00247645 -0.478206 0.0914011
0.715744 -1.05302 0.499 -0.319546 0.0501849 0.726479 -0.6063
-2.83443 -1.15967 0.499 -0.0706259 -0.0650627 -0.546353 -0.832032
2.36778 -0.551414 0.499 0.17246 -0.316897 -0.900802 0.241639
2.78098 -1.46314 0.499 0.707171 -0.0765427 0.209271 0.671011
-2.0259 -0.23301 0.499 -0.167384 -0.484287 0.545681 -0.663085
-1.00073 -0.341399 0.499 -0.189036 0.423794 0.551961 0.692823
0.309065 -1.99995 0.499 0.858313 0.14458 0.0572405 -0.488997
-1.45004 0.809059 0.499 -0.213519 0.686112 -0.0939735 -0.689078
-1.26062 -1.89004 0.499 0.013971 0.465706 -0.844104 -0.265353
