15 -0.20949 1.78777 1
3.18234 1.38035 0.499 -0.259685 0.45026 0.506118 -0.68824
4.77655 2.28615 0.499 -0.259685 0.45026 0.506118 -0.68824
2.4013 -2.73512 0.499 -0.263282 0.44884 0.489374 -0.699813
0.899734 4.74992 0.499 -0.259685 0.45026 0.506118 -0.68824
4.23307 1.38035 0.499 -0.259685 0.45026 0.506118 -0.68824
1.47752 -3.16125 0.499 0.215023 -0.294592 0.740395 -0.56462
3.54378 -2.11924 0.499 0.104172 0.78909 0.590802 -0.132053
4.05172 -1.23706 0.499 0.942801 0.305101 0.108197 -0.079577
3.23161 -0.423451 0.499 -0.207552 0.470359 0.540214 -0.666223
4.23148 -0.222834 0.499 -0.165545 0.582434 0.291898 -0.740379
