75.4 -1.73963 -0.462261 1
-0.175708 1.66335 0.499 0.156558 -0.896296 0.139815 0.390633
3.55186 0.572863 0.498985 0.107609 0.604593 0.526796 0.587685
0.297283 -2.59053 0.499 0.288113 0.876679 0.283583 0.260777
-2.56989 1.0876 0.499 -0.633262 0.248132 0.125451 -0.722268
-1.62488 0.212006 0.498988 0.22297 -0.470284 0.790752 0.322225
2.5189 0.813447 0.511071 0.624404 0.381747 0.392709 -0.556928
3.01194 1.70837 0.498997 0.461304 -0.124833 -0.00366821 0.878409
1.18319 -1.01177 0.499 0.343585 0.430836 -0.65322 -0.519262
-1.15619 1.17346 0.499 -0.882538 -0.435151 -0.170929 -0.0505267
0.389445 0.290828 0.499 0.350715 0.0968829 -0.298791 0.882234
