6 1.7348 0.480078 1
3.73789 1.00673 0.499 0.940725 0.336044 0.0456324 -0.00533645
5.3321 1.91253 0.499 0.940725 0.336044 0.0456324 -0.00533645
2.94079 -3.1237 0.499 0.940725 0.336044 0.0456324 -0.00533645
1.45528 4.3763 0.499 0.940725 0.336044 0.0456324 -0.00533645
4.78862 1.00673 0.499 0.940725 0.336044 0.0456324 -0.00533645
2.24259 -4.73987 0.499001 0.995923 0.074973 0.034087 -0.0368156
4.86108 -2.58022 0.499 0.940725 0.336044 0.0456324 -0.00533645
5.91181 -2.58022 0.499 0.940725 0.336044 0.0456324 -0.00533645
3.84659 -0.80486 0.499 0.940725 0.336044 0.0456324 -0.00533645
4.86108 -0.80486 0.499 0.940725 0.336044 0.0456324 -0.00533645
