64.2 1.5087 -0.98174 1
2.43809 -2.01867 0.499 -0.0601933 -0.57903 0.117111 -0.804603
-0.247019 1.36636 0.499 -0.0113643 -0.804132 -0.40831 -0.431885
2.03102 0.981305 0.499 0.294616 -0.762768 0.563484 -0.117774
0.740998 -2.10784 0.499 0.0992577 -0.239842 0.157625 -0.952774
-0.826616 -3.79207 0.499 0.27936 0.0280325 0.528385 -0.801238
-3.19141 1.03579 0.499 0.288207 -0.379879 0.86834 -0.136432
-1.47014 1.51074 0.503839 -0.43518 -0.794393 0.275498 -0.321961
-2.93151 -0.148533 0.499015 -0.46874 0.495665 0.664707 0.304571
-2.44045 1.7765 0.49878 0.42882 0.748509 0.477964 0.165524
0.277474 -0.661188 0.499 0.533546 -0.122483 -0.181217 -0.816998
