53.7 -1.68227 0.640279 1
-4.17802 3.28311 0.499 -0.339239 0.302718 -0.886754 -0.0833432
-0.101439 -2.19053 0.499 -0.0386029 -0.0441617 0.813345 -0.578817
-3.9474 2.17288 0.499 -0.354065 -0.72738 0.284363 0.514484
2.63593 -1.30545 0.499 0.685632 -0.358028 -0.370715 0.514098
2.15913 -2.32632 0.499 0.544775 -0.746137 0.097112 0.370228
-3.42334 0.711565 0.499 -0.479887 -0.474676 0.204356 -0.708963
-2.34167 0.251871 0.499 -0.296907 0.254747 0.596005 0.701234
-0.840328 -3.08489 0.499 0.62665 -0.201223 0.291681 -0.694076
-3.06338 1.66407 0.499 -0.0833521 0.614429 -0.160568 -0.76795
-3.99592 -1.38142 0.499 0.291704 0.228243 -0.92887 -0.00378985
