68.7 -1.65481 -0.708247 1
0.959625 -1.30283 0.499 0.196688 -0.959412 -0.00488518 -0.202037
0.462779 3.99266 0.499 -0.552441 -0.0515767 0.249856 0.793549
3.39561 0.311514 0.498983 0.302976 -0.76824 -0.0914475 -0.556463
-2.20997 -1.41071 0.499 0.685342 -0.688458 0.234651 0.0356506
-2.37792 -2.92483 0.499 0.55891 -0.338106 -0.520908 0.549508
-0.552975 1.85252 0.499 0.582202 -0.747713 -0.201777 -0.247493
-0.478663 3.65538 0.499 0.152323 0.900391 0.402449 0.0642581
-1.43896 -0.49477 0.499 0.547189 -0.653404 -0.445707 -0.273848
-1.50993 4.18624 0.499 0.240327 -0.213524 -0.813029 -0.485422
2.29632 0.438294 0.52593 -0.912466 0.137676 -0.235626 -0.304847
