85.8 1.68247 0.639763 1
0.950338 2.45142 0.499 -0.494743 0.864047 0.0912839 0.0178758
1.53861 -0.552502 0.499 0.0846053 -0.212703 -0.857161 0.461383
-0.87367 0.67294 0.499 -0.331404 -0.689843 -0.62367 -0.159136
-1.46275 1.7126 0.499 -0.828676 0.136319 -0.419086 0.34508
-0.351633 1.67567 0.499 -0.281671 0.528052 0.80038 0.0348401
0.50253 -0.77535 0.499004 -0.758533 0.504976 0.401821 -0.0903755
0.427887 0.233929 0.499 -0.893654 -0.289108 -0.0590761 0.338096
1.50648 -2.66513 0.499 0.461118 0.338077 0.231557 0.787055
1.15296 1.00753 0.499 -0.634737 -0.191341 -0.630129 0.404271
-0.463396 -1.0743 0.498997 -0.941274 0.320581 -0.00295112 0.105931
