62.5 -0.96164 -1.52159 1
2.53868 0.438141 0.499002 -0.458969 -0.177617 -0.865861 0.0899138
-0.36718 0.60136 0.514156 0.971814 -0.0491718 -0.122949 0.195048
0.388431 1.28071 0.498906 -0.0267638 -0.649682 -0.742189 0.162336
1.44133 -1.93807 0.499 0.469068 -0.146388 -0.186947 0.850645
-0.791105 -3.42187 0.499 0.273023 -0.798646 0.482363 0.234412
-4.42135 1.00219 0.499 0.506914 -0.202043 0.824788 0.148126
-2.10297 1.2268 0.499 0.545751 -0.701137 0.0024392 0.458864
-3.19483 -0.514767 0.499 -0.314808 -0.814357 -0.482982 0.066688
-3.13304 1.60815 0.499 -0.6176 0.649576 0.441611 0.0400188
-1.04225 -0.638243 0.499 -0.0623944 0.364388 0.749262 -0.549486
