73.8 -0.641848 1.68168 1
0.356863 1.40366 0.499 0.437079 -0.525724 -0.729428 0.0225892
4.4922 0.746838 0.499 -0.290671 -0.42287 0.821383 -0.249041
2.69889 -2.80066 0.503225 0.227445 0.255129 0.749643 -0.566757
-2.32161 0.335255 0.499 0.917739 -0.0388519 0.268812 -0.289803
-1.7944 -0.564694 0.499 0.258403 -0.2328 -0.93681 -0.0376718
2.40514 1.1849 0.499 0.394951 0.454138 -0.441919 0.665192
2.58877 2.31712 0.499 -0.587845 -0.784582 -0.192856 -0.0409481
0.961954 -0.815753 0.499 -0.19405 0.763565 0.1527 0.596653
-1.03347 1.24679 0.499 -0.452953 0.0350835 0.70538 0.544097
1.02821 0.477193 0.499 -0.00653754 -0.342429 -0.586139 0.734262
