78.9 1.70588 0.574432 1
0.485865 2.50232 0.499 0.102577 0.974863 -0.0943666 0.173822
3.73228 -1.03818 0.505482 -0.500107 -0.0343953 -0.389 -0.772909
-2.5068 -2.00851 0.632784 -0.573692 0.238684 0.399757 -0.673871
-2.64183 2.17364 0.499 0.388813 -0.214302 0.299874 -0.844379
-0.739913 0.352661 0.49898 -0.330001 0.503975 -0.777542 0.180379
2.16029 0.116451 0.499 0.203842 0.623643 -0.721041 -0.22275
4.42781 0.105028 0.499 -0.707194 0.161473 -0.0127439 -0.688216
2.88599 -1.63034 0.498989 -0.00920777 -0.907917 0.139579 -0.39512
-0.186156 1.18529 0.49902 0.192476 0.337441 0.709918 0.587455
0.315657 -0.239949 0.499 0.702809 -0.455991 -0.118055 -0.533099
