45.8 -1.79947 -0.0434943 1
-3.08443 1.19858 0.499 0.00844167 0.501545 -0.200422 0.841553
0.26126 -1.75804 0.499 -0.564625 0.097171 -0.37647 -0.72803
-3.81985 -1.33349 0.499 -0.424191 -0.220694 -0.717566 0.506415
2.11345 -1.1956 0.499 0.435368 -0.539372 0.278374 0.664862
2.47588 -2.12875 0.499 0.163307 -0.09772 0.974143 -0.121765
-2.57767 -0.448793 0.499 -0.862699 0.188912 -0.412378 -0.223624
-1.5524 -0.725241 0.499 0.340984 0.641495 0.482546 -0.489248
-0.207066 -2.69521 0.499 0.149312 -0.709337 -0.0378701 -0.687832
-2.07594 0.447294 0.499 0.313979 0.0338977 -0.938741 -0.137961
-2.07104 -2.28959 0.499 0.45337 -0.299926 -0.603429 0.583415
