60.7 -1.44282 1.07623 1
2.67037 2.62524 0.499 -0.427345 -0.0191866 0.579415 0.693749
-0.341632 -0.778834 0.499 -0.516482 0.686477 -0.439293 0.262711
-0.374943 1.95839 0.499 -0.454353 0.823525 0.138734 -0.310036
2.82846 -1.68882 0.499114 -0.813291 0.56486 -0.104072 0.0930556
-0.117214 -2.96192 0.499 0.364889 -0.624849 -0.565039 0.396423
-3.99744 1.00907 0.499 0.617517 0.288253 -0.3477 0.643962
-2.11899 1.00642 0.499 0.366406 0.351368 -0.834124 -0.215696
-2.17651 -1.82637 0.499 0.39254 0.888015 0.126216 -0.203498
-2.91616 1.65212 0.499 -0.397013 -0.503783 0.663775 0.384689
-1.80079 -0.469934 0.499 0.338653 -0.189633 -0.208023 0.89782
