97 -0.652297 -1.67765 1
2.1411 -1.92899 0.499 -0.521932 0.779855 -0.0954862 -0.332108
0.197241 -2.42369 0.499 0.528258 0.814459 -0.00556713 -0.239935
-1.66189 -2.17813 0.499 -0.524395 0.188317 0.244825 -0.793478
-0.320099 -1.51879 0.499 0.713406 -0.700215 -0.0194496 0.0192952
1.93612 3.1158 0.499 0.783159 -0.484846 0.359183 0.150244
-0.861014 -2.7918 0.499 0.939312 -0.167502 0.264469 0.14033
-0.50669 2.19468 0.499 0.212159 -0.395031 -0.77526 0.444873
-2.4627 -3.15039 0.499 -0.440565 0.00810994 0.811485 0.383833
3.06839 -2.38543 0.499 -0.18487 0.529804 -0.0429821 -0.82661
-3.2394 -2.39361 0.499 0.354161 0.138395 0.102176 -0.919226
