27.9 1.62453 -0.775173 1
1.75785 0.224352 0.499115 0.643461 0.171023 -0.33152 -0.668434
2.86525 -0.277177 0.498995 0.528722 -0.480668 -0.423468 -0.556853
1.97943 -4.04989 0.499 0.222521 -0.925821 0.167576 0.255457
1.76217 2.6106 0.499 0.780584 -0.484198 0.179713 -0.352057
3.43418 -1.13592 0.499 -0.594529 -0.743139 -0.0498976 0.302968
0.762114 -2.56171 0.499 0.593932 -0.571298 -0.408433 -0.392486
1.66335 -2.09625 0.499 0.0769768 -0.338925 0.937649 -0.00423838
2.55595 -1.6218 0.499 0.300253 -0.163032 0.201738 0.917916
1.98212 -0.75015 0.498891 0.833356 -0.0503113 0.477025 -0.274651
4.19692 -2.68504 0.499 0.370947 -0.573839 0.642933 0.34604
