86.3 1.22607 1.31786 1
1.06193 2.41587 0.499 -0.850332 0.37127 -0.277346 0.249347
1.42013 -0.36689 0.499 -0.00718303 -0.407668 -0.901606 0.144436
-0.592127 0.523739 0.500282 0.0227153 -0.501642 -0.762526 -0.407914
-1.27445 1.69507 0.499001 -0.474 -0.453773 -0.74022 0.146593
-0.241041 1.91947 0.498999 -0.449792 0.272995 0.810229 0.258246
0.441203 -0.707183 0.498318 -0.831228 0.125885 0.539104 -0.0507858
0.389976 0.292294 0.499493 -0.640878 -0.627625 0.0419702 0.44
1.42632 -2.61136 0.499 0.16137 0.303953 -0.102407 0.933319
1.30877 0.901418 0.499 -0.569056 -0.182185 -0.767824 -0.23115
-0.535876 -1.01138 0.499 -0.984838 -0.0336922 0.0369545 0.166112
