66 0.860636 1.58092 1
2.32132 -3.62159 0.584129 0.0622738 0.610011 0.0505455 0.788323
0.309935 2.6314 0.499 -0.110143 -0.662659 -0.159304 -0.723446
3.50642 1.223 0.499 -0.167823 0.911114 0.334417 0.172838
-0.0634992 -1.6575 0.499 -0.613537 0.514396 -0.0162395 0.59892
-0.940778 -3.55408 0.499 -0.34494 0.920057 0.184119 0.0247432
-1.77375 1.63495 0.499 -0.185824 0.527187 0.280105 0.780438
-0.689616 2.55907 0.499 -0.184526 -0.936173 0.25781 0.151868
-1.9554 -0.212761 0.499 -0.205517 0.823183 -0.019871 0.528903
-1.65199 2.95931 0.499 -0.0251368 0.888062 0.374626 0.265272
1.59285 -0.0404519 0.499 0.882722 0.18127 0.3588 -0.243322
