106.8 1.31225 1.23207 1
0.244366 -2.15596 0.498588 0.819503 0.435212 -0.312021 0.204079
0.376304 -3.28274 0.499 0.0809254 0.88836 -0.381323 -0.24261
-0.658229 -1.31093 0.499 -0.442495 -0.255862 -0.799279 -0.316046
0.712565 -1.03746 0.499 0.549547 -0.537093 -0.546926 0.332267
-0.720961 0.179852 0.499 -0.835633 -0.513511 -0.150273 -0.124266
-1.18269 -2.4333 0.499 -0.380543 0.153931 -0.344471 -0.844294
-0.754118 4.02142 0.499 -0.0244585 0.706194 -0.585464 0.397395
-1.93805 0.184984 0.499 0.163328 -0.367728 -0.168522 -0.899833
1.2348 -2.06488 0.499412 0.297113 0.48247 -0.747287 0.347143
2.51481 4.60029 0.499 -0.0240352 -0.585587 0.579273 0.566527
