41.7 1.6006 0.823447 1
-1.21825 1.2128 0.499 -0.633955 0.495398 0.412582 -0.427152
1.53456 -1.0198 0.499 0.869798 0.291891 -0.0901053 -0.387468
-1.3372 -1.8052 0.499 0.166005 0.680312 -0.440086 -0.562088
2.84362 -0.388478 0.499 -0.729486 0.632839 0.198041 0.167764
3.42317 -1.53619 0.499 -0.311758 -0.861207 -0.390087 0.0946655
-1.08277 -0.824921 0.499 0.71454 0.0993507 -0.108219 -0.683996
-0.0577185 -0.718568 0.499 0.242322 -0.680647 0.648665 0.239233
1.20666 -1.97919 0.499 0.379953 -0.115628 -0.634258 0.663312
-0.412178 0.40368 0.499 0.427662 0.810231 0.329205 0.228593
0.0130101 -2.24714 0.499 -0.229945 0.833477 -0.21474 0.454233
