58.4 1.62374 0.77684 1
0.346772 2.79126 0.499 -0.411113 0.131292 -0.882523 -0.186822
-0.377286 -3.28622 0.499 -0.707642 0.57241 0.329528 0.250999
-1.35692 1.93845 0.499 0.0279296 -0.978349 -0.203606 0.0244657
3.36897 -2.08006 0.499 0.393526 0.649576 0.467815 -0.452037
0.698285 -3.24536 0.499 -0.591316 0.357638 -0.443805 0.570506
-3.44016 0.128751 0.498783 0.0169502 -0.717192 -0.207313 0.665109
-2.3094 -0.0962209 0.5021 -0.148416 0.393052 -0.895595 0.146265
-0.797709 -4.20175 0.499 -0.57951 0.121375 0.670335 0.447311
-2.71608 0.82539 0.501082 -0.291669 -0.608724 0.347575 -0.650828
-2.79797 -0.980117 0.498902 -0.412233 -0.585401 0.148906 -0.682053
