62.9 -0.352551 -1.76514 1
2.46376 -0.175356 0.499 -0.384929 -0.381367 -0.836859 -0.077817
-0.391498 0.748432 0.499171 0.885313 -0.414094 -0.148893 0.150258
0.737099 1.17026 0.499 -0.00113198 -0.857864 -0.46612 0.216333
1.23086 -2.01954 0.499 0.60868 -0.553218 -0.00497916 0.568713
-0.844284 -3.55128 0.499 0.181208 -0.776957 0.599977 -0.0594034
-4.41801 0.974059 0.499 0.454138 -0.455986 0.758215 -0.104621
-2.00479 1.24932 0.499 0.209468 -0.882743 0.133669 0.398775
-3.32162 -0.248082 0.499 -0.775895 -0.55696 -0.0984151 0.27946
-3.08609 1.56791 0.499 -0.352792 0.820533 0.447846 -0.0411978
-0.773812 -0.68938 0.499 0.0651287 0.154505 0.528054 -0.832493
