42.2 1.26721 1.27835 1
-1.42265 1.37132 0.499 -0.82874 0.263616 0.394747 -0.296432
1.40247 -0.949575 0.499 0.710539 0.516662 0.24354 -0.410954
-1.61678 -1.58742 0.499 -0.0167463 0.635103 -0.33666 -0.695
2.79279 -0.362791 0.499 -0.922731 0.317891 -0.16653 0.140646
3.3277 -1.43725 0.499 0.102879 -0.863293 -0.472132 0.145715
-1.24189 -0.6188 0.499 0.644604 0.147254 0.181779 -0.727845
-0.216811 -0.55913 0.499 0.31079 -0.539504 0.572248 0.533739
1.05744 -1.90626 0.499 0.549931 0.106351 -0.745416 0.361414
-0.59189 0.569251 0.499 0.132215 0.93279 0.286321 0.174477
-0.217956 -2.09206 0.499 -0.422164 0.759974 -0.396887 0.294445
