35.1 -1.76934 0.33081 1
-0.741617 0.695273 0.499 -0.379427 0.489741 -0.487147 0.61553
1.16983 -0.179772 0.499853 -0.637559 0.536769 -0.549494 -0.0587728
0.0579048 -3.20971 0.499 -0.196728 -0.291131 -0.702025 -0.619437
1.30008 0.807902 0.498143 0.38862 -0.512657 -0.446684 0.621796
2.46205 -1.2673 0.499 -0.0620743 0.113826 0.6873 -0.714709
-1.16905 -1.59871 0.499 -0.840528 0.149334 -0.404836 -0.327598
-0.179102 -1.24824 0.499 0.540652 0.512556 0.0966678 -0.660029
1.00766 -1.1661 0.499004 0.156989 -0.725417 -0.0843354 -0.664841
-0.261386 -0.206939 0.499 0.260341 0.00477728 -0.957756 -0.122079
1.17987 -2.86229 0.499 0.477731 0.320587 -0.738598 0.351383
