119 1.44924 -1.06757 1
2.97898 0.45151 0.499 -0.40308 -0.402363 0.132387 0.811237
-1.63465 1.92593 0.499131 -0.749757 0.134241 0.522438 -0.383278
1.61245 -3.85429 0.499 0.0259427 0.209443 -0.101009 0.972244
-2.16219 3.13306 0.511338 -0.169124 -0.341302 -0.480087 0.790207
-2.09348 -2.95111 0.499 0.220903 0.766857 -0.415189 0.436749
3.02829 -0.915231 0.499 0.134969 0.152567 0.794289 0.572373
-0.454198 -1.15537 0.499 -0.615858 -0.295511 0.296094 0.667623
-2.6047 1.31858 0.499 -0.810853 -0.00101037 -0.560292 -0.169085
3.7962 1.02791 0.499 0.713919 -0.138833 -0.627785 0.277363
-0.810952 -3.95274 0.499 0.107626 0.289106 -0.555014 -0.772524
