40.5 1.73733 -0.470823 1
-0.917306 0.774428 0.499 0.00303206 0.607991 -0.0193622 -0.793702
1.66198 -1.24626 0.499 0.679609 -0.61914 -0.384046 -0.0854792
-0.856845 -2.39332 0.499 0.789958 0.299279 -0.443491 -0.299524
2.77602 -0.508052 0.499 0.276785 0.762329 0.528837 -0.250154
3.46271 -1.83158 0.499 -0.926072 -0.186546 -0.153624 0.28981
-0.887683 -1.3422 0.499 0.695133 -0.439217 -0.485927 -0.296232
0.134494 -1.15915 0.499 -0.395549 -0.644849 0.587233 -0.287868
1.37517 -2.21215 0.499 -0.0577896 -0.206117 0.24026 0.946811
-0.170479 -0.0516164 0.499 0.811688 0.199396 0.539036 -0.104132
0.377721 -2.67724 0.499 0.436835 0.815746 0.296065 0.236813
