69.7 -0.445673 -1.74395 1
0.615986 -0.811259 0.499 -0.761063 -0.159776 0.519597 -0.353941
0.915732 3.21226 0.499251 -0.244405 0.492521 0.231642 0.802516
3.3416 -0.675883 0.499 -0.211826 -0.0453527 0.445047 -0.868911
-2.80362 -1.6125 0.499 -0.00750714 -0.344522 0.299387 -0.889728
-2.71023 -2.95943 0.499 0.225191 -0.929767 0.287346 0.0474811
0.104019 1.62061 0.499 0.0609467 -0.897269 0.255608 0.354765
-0.0960166 3.45566 0.501353 0.673053 0.532674 0.255957 -0.444684
-1.04712 -0.86299 0.499 -0.00720926 -0.999197 0.0302894 0.025211
-1.27858 3.24585 0.498139 0.420528 -0.59963 -0.670224 -0.119995
1.8649 0.193504 0.499 -0.596285 0.70426 -0.349576 -0.162047
