1.1 1.79993 0.0163274 1
3.7565 0.874225 0.499 0.999932 0.0116429 5.24636e-05 -2.04471e-07
5.3507 1.78002 0.499 0.999932 0.0116429 5.24636e-05 -2.04471e-07
2.9594 -3.25621 0.499 0.999932 0.0116429 5.24636e-05 -2.04471e-07
1.47389 4.24379 0.499 0.999932 0.0116429 5.24636e-05 -2.04471e-07
4.80723 0.874225 0.499 0.999932 0.0116429 5.24636e-05 -2.04471e-07
2.27099 -5.14027 0.499 0.999932 0.0116429 5.24636e-05 -2.04471e-07
4.87969 -2.71273 0.499 0.999932 0.0116429 5.24636e-05 -2.04471e-07
5.93041 -2.71273 0.499 0.999932 0.0116429 5.24636e-05 -2.04471e-07
3.8652 -0.93737 0.499 0.999932 0.0116429 5.24636e-05 -2.04471e-07
4.87969 -0.93737 0.499 0.999932 0.0116429 5.24636e-05 -2.04471e-07
