49.4 1.53732 -0.936291 1
-2.90134 1.10992 0.499 0.186585 0.340508 -0.188786 -0.901998
0.964924 -2.48243 0.499 -0.219621 -0.676364 0.0393089 0.701964
-4.17805 -0.995492 0.499 0.706816 0.521604 -0.408319 -0.248225
3.21742 -1.79833 0.499 0.252162 0.848829 0.29492 -0.359063
3.47832 -2.77431 0.499 -0.321024 0.919913 -0.218785 0.0532659
-2.19989 -0.416209 0.499 0.633049 -0.640984 -0.377431 0.21432
-1.04312 -0.807282 0.499 -0.871707 -0.246589 -0.361016 -0.221331
0.373303 -3.40009 0.499 -0.29004 0.0557478 0.628698 0.719381
-1.67475 0.465978 0.499 0.379311 -0.465336 0.743512 -0.294577
-2.07926 -2.40304 0.499 0.450849 0.633775 0.570028 -0.264827
