28 1.65559 -0.706403 1
1.74606 0.242504 0.49899 0.606719 0.225634 -0.327611 -0.688224
2.86192 -0.268562 0.499001 0.537159 -0.432091 -0.403142 -0.60186
1.97987 -4.0355 0.499 0.276465 -0.920438 0.142636 0.236676
1.7781 2.60079 0.499 0.809884 -0.411478 0.20686 -0.363294
3.44302 -1.12248 0.499 -0.554938 -0.781179 -0.0569634 0.280284
0.757638 -2.53307 0.499 0.598431 -0.535858 -0.408753 -0.433195
1.66084 -2.06742 0.499 0.121871 -0.335898 0.933724 0.0218893
2.55782 -1.59797 0.499 0.32254 -0.173991 0.153129 0.91774
1.97234 -0.731944 0.499009 0.850107 0.00907847 0.456484 -0.26241
4.20202 -2.68691 0.499 0.429558 -0.550348 0.611197 0.372873
