109.6 -1.77167 -0.31809 1
0.45555 -1.41713 0.499 -0.251869 -0.238514 0.636779 -0.688612
3.10458 -2.03892 0.499 -0.3377 -0.0945303 0.598259 0.720492
-0.9273 0.0922796 0.499 0.899525 -0.331791 -0.162098 0.233438
1.13032 0.97162 0.499 -0.635967 0.136503 0.561277 -0.511744
-2.03022 0.785216 0.499 -0.478734 -0.578335 -0.159294 0.641067
-0.485623 -1.77204 0.499 -0.0863583 0.186878 0.688122 0.695778
-1.51677 4.75969 0.499 0.619409 -0.00565911 -0.784278 -0.0347543
-3.4818 1.41455 0.499 -0.905828 0.0856361 0.0785013 0.407406
1.44681 -1.04538 0.499 0.653082 -0.478615 -0.540147 -0.229463
0.333673 4.88248 0.49901 0.0582711 0.822366 -0.332802 0.457779
