84.3 0.95594 -1.52518 1
0.325795 2.74497 0.499 0.661071 -0.181216 0.483878 -0.544066
1.66411 -0.850299 0.499089 0.475681 0.779461 -0.165302 0.372619
-2.13372 1.47858 0.496648 -0.234544 -0.746753 0.112934 0.612042
-2.88656 2.15979 0.498993 0.411187 0.423347 0.612306 -0.526102
-0.338458 0.915566 0.498977 -0.326409 0.259795 0.659272 -0.625559
0.661008 -0.747281 0.499114 -0.331067 0.547483 -0.651167 -0.408214
0.586962 0.413719 0.552232 -0.668372 0.416598 -0.510495 -0.345135
1.53861 -2.55479 0.499 0.25792 0.636564 0.672586 -0.275485
0.473933 1.60362 0.499 0.522168 0.129602 0.0460331 0.84168
-0.627616 -1.02599 0.499 -0.334716 0.452789 -0.675131 -0.476598
