111.5 0.613195 -1.69233 1
1.10639 -1.41663 0.499 -0.194882 0.469787 -0.788178 -0.34655
4.85039 -1.75589 0.499 0.442409 0.272729 -0.64548 -0.559686
-0.612536 0.41621 0.499213 -0.863811 -0.381022 0.205315 -0.257873
1.82901 1.68198 0.499 0.149914 0.334507 -0.733248 0.572694
-2.58299 0.784753 0.499 -0.140889 0.156119 0.974172 0.0822542
0.248416 -1.98123 0.499 0.308366 0.671103 0.177287 -0.650461
-2.08198 2.21567 0.499 0.756259 -0.202135 -0.550437 -0.290229
-3.53596 1.46763 0.540737 0.775009 0.558426 0.21879 0.199128
2.00215 -0.968974 0.499 -0.4963 -0.853955 0.0454131 -0.149614
-0.957406 1.34054 0.498787 -0.0721378 -0.720766 -0.550065 -0.415597
