97.2 -0.335683 -1.76842 1
2.19092 -2.05994 0.499 -0.537014 0.783418 -0.220929 -0.221503
0.22245 -2.50868 0.499 0.606778 0.768097 -0.0943243 -0.181521
-1.64985 -2.24954 0.499 -0.423965 0.26259 0.240877 -0.832634
-0.288744 -1.60434 0.499 0.646373 -0.761669 -0.028371 -0.035443
2.00645 3.08612 0.499 0.686431 -0.628269 0.321009 0.17619
-0.858958 -2.86675 0.499 0.939106 -0.253653 0.207044 0.10427
-0.501038 2.1811 0.499 0.100713 -0.476653 -0.697469 0.525544
-2.5188 -3.23131 0.499 -0.312024 0.0839283 0.883103 0.340186
3.13643 -2.49428 0.499 -0.0186326 0.555392 -0.0187301 -0.831169
-3.28352 -2.43449 0.499 0.401454 0.148678 -0.00113572 -0.90373
