28.6 1.78016 -0.266482 1
1.65769 0.359199 0.499 0.341869 0.502733 -0.236784 -0.757838
2.8243 -0.209071 0.499 0.554784 -0.124034 -0.207812 -0.796018
1.96485 -3.94139 0.499 0.583418 -0.798486 -0.00321356 0.14844
1.85596 2.54977 0.499 0.852614 0.0672416 0.375252 -0.35737
3.47842 -1.03403 0.499 -0.261327 -0.944173 -0.119685 0.161002
0.713114 -2.35342 0.499 0.616609 -0.305225 -0.350783 -0.635282
1.62813 -1.8866 0.499 0.346664 -0.292949 0.866638 0.207231
2.55135 -1.44717 0.499 0.434833 -0.181419 -0.144906 0.870063
1.89602 -0.614893 0.499 0.852932 0.362249 0.338083 -0.164265
4.215 -2.69031 0.499 0.703804 -0.320541 0.36869 0.515733
