15.6 -0.452902 1.74209 1
3.11279 1.3673 0.499 -0.329051 0.332981 0.430639 -0.771621
4.707 2.2731 0.499 -0.329051 0.332981 0.430639 -0.771621
2.33822 -2.74204 0.499 -0.333161 0.328617 0.404376 -0.785808
0.830184 4.73686 0.499 -0.329051 0.332981 0.430639 -0.771621
4.16352 1.3673 0.499 -0.329051 0.332981 0.430639 -0.771621
1.37146 -3.10754 0.499 0.0564292 -0.355461 0.715671 -0.598564
3.34535 -2.11113 0.499 0.110413 0.789313 0.56722 -0.207498
3.84409 -1.18428 0.499 0.961103 0.210907 0.124572 -0.127598
3.13657 -0.433155 0.499 -0.258483 0.365934 0.486119 -0.750311
4.13684 -0.16311 0.499 -0.194143 0.499149 0.145342 -0.831886
