84.4 1.09147 -1.43132 1
0.372737 2.71012 0.499 0.652635 -0.0680942 0.488405 -0.575231
1.65782 -0.846996 0.498823 0.492516 0.721457 -0.218382 0.435014
-2.04681 1.40853 0.498926 -0.293306 -0.759546 0.0768678 0.575459
-2.78391 2.11554 0.499 0.329852 0.527993 0.599179 -0.503394
-0.343915 0.952149 0.498999 -0.320545 0.286012 0.660008 -0.61631
0.646232 -0.766287 0.49899 -0.351635 0.599027 -0.604481 -0.39003
0.575124 0.385854 0.552329 -0.705521 0.413487 -0.498166 -0.28827
1.53678 -2.57869 0.499 0.320361 0.622018 0.678004 -0.22533
0.520782 1.54718 0.499 0.444007 0.0995009 0.0307968 0.889949
-0.610996 -1.0451 0.499 -0.383289 0.496226 -0.653392 -0.424178
