57 1.29792 -1.24716 1
-1.62005 2.85189 0.499 -0.220986 0.251685 0.0162931 0.942101
-0.350102 -3.3655 0.499 -0.244946 0.850155 -0.218887 -0.411492
-2.50269 1.87552 0.499 -0.621827 0.312422 -0.715124 0.0657321
2.97799 -2.23203 0.499 0.424824 -0.270462 0.488004 -0.712901
0.697253 -3.32398 0.499 -0.120911 0.940761 -0.144961 -0.281666
-3.65603 -0.212446 0.499 -0.336396 0.16637 0.317673 0.870771
-2.54276 -0.354019 0.499 0.777983 0.39799 -0.484911 -0.0347686
-0.976258 -4.26172 0.499 -0.766422 0.423382 0.0960815 -0.473406
-3.02143 0.753492 0.499 -0.667311 -0.385608 -0.637177 0.00285321
-4.37262 -1.83532 0.525825 -0.353693 -0.790298 0.354681 -0.35289
