63.8 1.05673 -1.45716 1
2.42082 -1.48736 0.499 -0.239113 -0.662485 -0.327812 -0.629665
-0.311141 1.13823 0.499 0.274071 -0.862131 -0.374258 -0.20383
1.62803 0.997138 0.499 0.124272 -0.953449 0.274474 -0.0124592
0.872884 -2.12008 0.499 0.357651 -0.67756 0.141237 -0.626938
-0.849941 -3.75782 0.499 0.211555 -0.328725 0.593037 -0.703912
-3.56541 0.97403 0.498889 0.257034 -0.45044 0.812658 -0.265751
-1.67499 1.39089 0.499 -0.35879 -0.892339 0.248395 -0.115333
-3.18569 -0.0305078 0.52939 -0.668623 0.29153 0.619767 0.289557
-2.76963 1.60461 0.49894 0.283553 0.849011 0.436401 0.0912832
-0.0624246 -0.710537 0.499 0.40232 -0.116237 -0.0334122 -0.907475
