45.1 -1.6184 0.787888 1
-2.88003 1.39632 0.499 -0.387509 0.450841 -0.59059 0.545695
0.36443 -1.43669 0.499 -0.592691 -0.151655 0.0687952 -0.788026
-3.5102 -1.21872 0.499 -0.147347 -0.292719 -0.937773 -0.114832
2.13878 -0.897908 0.499 0.570327 -0.376797 -0.245686 0.687306
2.52096 -1.82273 0.499 0.312367 0.0353433 0.874931 0.368338
-2.43667 -0.317702 0.499 -0.775149 -0.366746 -0.12438 -0.499171
-1.41144 -0.528794 0.499 -0.0891267 0.736887 0.664977 -0.0828251
-0.0799219 -2.37766 0.499 0.550237 -0.502249 0.213212 -0.632081
-1.90611 0.635155 0.499 0.229766 0.273387 -0.668841 -0.652011
-1.82945 -2.08703 0.499 0.53011 0.103464 -0.824391 0.169288
