17.4 -1.15937 1.3769 1
2.91094 1.26294 0.499 -0.418809 0.00357866 0.00773047 -0.908035
4.4368 2.12868 0.497116 -0.422023 0.0466635 0.0764865 -0.902147
2.07426 -2.87939 0.499 -0.372771 0.0296807 0.0414992 -0.92652
0.628329 4.6325 0.499 -0.418809 0.00357866 0.00773047 -0.908035
3.95585 1.25596 0.500118 -0.414865 0.00421703 0.0151031 -0.909748
1.06007 -3.01162 0.499 -0.454549 -0.427855 0.396191 -0.673319
2.74541 -2.12944 0.499 0.302247 0.741761 0.398937 -0.446415
3.35026 -1.21113 0.499 0.909503 -0.139741 0.236963 -0.31165
2.74133 -0.41324 0.499 -0.253688 0.191613 0.0730346 -0.9453
3.85971 -0.0491335 0.499 -0.1607 0.182194 -0.432924 -0.868077
