51 1.42446 1.10041 1
-3.17303 1.77133 0.499 -0.719345 0.429045 0.497821 -0.225028
0.924599 -2.10356 0.499 0.83123 -0.283792 -0.471026 -0.0815649
-3.49954 0.557806 0.499 0.295674 0.369782 -0.600897 -0.64402
3.35501 -1.36539 0.499 -0.896895 0.37439 -0.130596 0.195848
3.57079 -2.36041 0.499 -0.892753 -0.378514 -0.242279 -0.0319399
-2.38341 0.292812 0.499 0.631487 0.195998 -0.236325 -0.712011
-1.16984 -0.142927 0.499 -0.0936509 -0.86736 0.43239 -0.227938
0.278181 -3.01256 0.499 0.416985 -0.130843 -0.641914 0.630039
-1.84735 1.17706 0.499 0.618828 0.561892 0.453021 0.310002
-2.43597 -1.75265 0.499 -0.351225 0.750119 -0.142968 0.541777
