50.7 1.63694 0.748616 1
-3.07468 1.64625 0.499 -0.569985 0.57521 0.456927 -0.368059
0.979565 -2.17566 0.499 0.675554 -0.526851 -0.515085 0.0272308
-3.61944 0.240828 0.499001 0.290408 0.495831 -0.637749 -0.512923
3.37662 -1.44763 0.499 -0.76792 0.606228 0.0380378 0.203323
3.60086 -2.43908 0.499 -0.982072 -0.0990108 -0.158368 0.0255036
-2.30161 0.158402 0.499 0.669215 0.0644896 -0.414776 -0.61315
-1.09868 -0.268556 0.499 -0.290868 -0.8008 0.375263 -0.365094
0.343421 -3.08628 0.499 0.299702 -0.252808 -0.448792 0.803027
-1.76759 1.04263 0.499 0.746778 0.378663 0.500621 0.219809
-2.32168 -1.87566 0.499 -0.164315 0.817285 0.0169364 0.552049
