74 -0.937529 1.53657 1
0.293501 1.46845 0.499 0.477331 -0.57641 -0.662049 0.0399747
4.59965 0.652097 0.501479 -0.43509 -0.412948 0.799072 0.040675
2.39561 -2.73947 0.499181 0.195978 0.404191 0.781037 -0.433824
-2.27483 0.490844 0.499 0.781516 -0.0976887 0.394027 -0.473744
-1.75203 -0.399545 0.499 0.388974 -0.426931 -0.815682 0.0330463
2.44168 1.1633 0.499 0.458525 0.626422 -0.378065 0.504397
2.64385 2.26844 0.499 -0.432475 -0.856145 -0.251156 0.130008
0.989267 -0.807143 0.499 -0.216425 0.860782 0.00176906 0.460665
-1.12719 1.20893 0.499 -0.622778 -0.0260439 0.555925 0.549924
0.949149 0.486803 0.499 0.052724 -0.279497 -0.629143 0.723382
