7.8 1.61586 0.793086 1
3.70391 1.09617 0.499 0.835681 0.534432 0.124074 -0.0250173
5.29811 2.00197 0.499 0.835681 0.534432 0.124074 -0.0250173
2.90681 -3.03427 0.499 0.835681 0.534432 0.124074 -0.0250173
1.4213 4.46573 0.499 0.835681 0.534432 0.124074 -0.0250173
4.75463 1.09617 0.499 0.835681 0.534432 0.124074 -0.0250173
2.18972 -4.42683 0.498999 0.986901 0.0744557 0.0947007 -0.10731
4.79478 -2.48795 0.499 0.840239 0.531361 0.10795 0.000724464
5.79337 -2.411 0.499004 0.880859 0.464592 0.0720329 0.0552446
3.81261 -0.715425 0.499 0.835681 0.534432 0.124074 -0.0250173
4.8271 -0.715425 0.499 0.835681 0.534432 0.124074 -0.0250173
