27.2 1.33591 -1.20637 1
1.81874 0.127697 0.499 0.822315 -0.231908 -0.265288 -0.44681
2.8972 -0.307544 0.499 0.444801 -0.760252 -0.452712 -0.138636
1.956 -4.13625 0.499 -0.145629 -0.844348 0.314146 0.408878
1.63038 2.69357 0.499 0.458881 -0.87019 0.0121853 -0.179022
3.35199 -1.21564 0.498989 -0.781903 -0.418689 -0.0423188 0.459931
0.773108 -2.74786 0.498998 0.555452 -0.759718 -0.33201 -0.0637974
1.66061 -2.2837 0.499016 -0.270689 -0.336385 0.892218 -0.132362
2.52262 -1.77419 0.498996 0.113115 -0.020427 0.497313 0.859923
2.02244 -0.87093 0.499 0.613639 -0.425116 0.601022 -0.285476
4.14083 -2.65763 0.499 -0.090984 -0.62122 0.760042 0.167764
