21.6 -1.68618 -0.629925 1
2.08162 0.522987 0.499 -0.758732 0.438197 -0.39011 0.28306
3.15241 0.801794 0.499 -0.543691 0.806381 -0.131934 -0.191684
1.56467 -3.67668 0.499 -0.26167 0.333689 -0.852638 -0.305268
0.477858 4.05905 0.499 -0.374698 0.164646 -0.911105 0.0487934
3.00437 -0.30084 0.499 0.202054 0.423686 -0.310815 -0.826474
0.515152 -3.14383 0.499 -0.537274 0.735281 -0.393085 0.12721
1.75396 -2.48623 0.499 0.584105 -0.113309 -0.779303 -0.196645
2.54335 -1.64109 0.499 -0.271167 -0.603256 -0.377572 -0.648066
2.08781 -0.709214 0.499 -0.10482 0.224562 -0.953956 0.168973
3.48818 -1.28789 0.499 -0.230756 -0.066334 -0.922154 -0.303287
