35.3 -1.79435 0.142473 1
-0.792383 0.652854 0.499 -0.29808 0.508975 -0.396981 0.703206
1.13915 -0.258037 0.498992 -0.617191 0.563961 -0.547869 -0.0293637
0.014412 -3.22284 0.499 -0.293966 -0.2824 -0.776737 -0.480118
1.31121 0.73285 0.499087 0.409448 -0.526124 -0.383898 0.638881
2.45486 -1.33355 0.499 -0.0532032 0.101352 0.594919 -0.795593
-1.20289 -1.63456 0.499 -0.816684 0.271759 -0.444784 -0.247674
-0.211746 -1.29029 0.499 0.616169 0.432363 -0.000202913 -0.65833
0.976065 -1.24802 0.498891 0.0760158 -0.736529 -0.142973 -0.656739
-0.302278 -0.246538 0.499 0.241733 -0.0415305 -0.969273 0.0187088
1.05041 -2.89176 0.499 0.446982 0.194536 -0.722957 0.489588
