36 -1.7222 -0.523483 1
-0.924421 0.502457 0.499 -0.00177617 0.393794 0.00593094 0.919178
1.06911 -0.583126 0.499002 -0.502656 0.703566 -0.465278 0.189337
-0.209163 -3.27832 0.499 -0.581531 -0.0831354 -0.806368 0.0684189
1.38686 0.41546 0.499 0.358751 -0.656996 -0.0946294 0.656277
2.47531 -1.56736 0.499 0.0402293 0.14209 0.210057 -0.966472
-1.27568 -1.76197 0.499 -0.631145 0.650101 -0.408856 0.108913
-0.280358 -1.4394 0.499 0.752923 0.155995 -0.400872 -0.498071
0.909452 -1.57032 0.498998 -0.224367 -0.629421 -0.329353 -0.667094
-0.399757 -0.38706 0.499 0.0297333 -0.205084 -0.852271 0.480303
0.766677 -2.98145 0.499 0.171286 -0.224665 -0.449657 0.847346
