26.1 0.695293 -1.66029 1
1.86073 0.0424992 0.499 0.754475 -0.638162 0.114699 0.101787
2.91856 -0.278424 0.499001 0.258168 -0.732619 -0.197259 0.598086
1.86572 -4.20805 0.499 -0.567127 -0.395092 0.330711 0.642572
1.3698 2.88787 0.499 -0.137029 -0.93378 -0.176087 0.279769
3.2336 -1.22911 0.498999 -0.742328 0.215614 -0.212172 0.597865
0.727919 -2.98017 0.499 0.480403 -0.722897 -0.0553123 0.493531
1.612 -2.50991 0.499 -0.766553 -0.311616 0.550345 -0.11141
2.49516 -1.90584 0.499 -0.304393 0.366122 0.687326 0.548527
2.02223 -1.00341 0.499 0.0343245 -0.763219 0.644359 -0.0334629
3.99922 -2.55065 0.499 -0.739974 -0.4066 0.535785 0.00704982
