8 1.59662 0.831155 1
3.69841 1.10705 0.499 0.819057 0.556561 0.136181 -0.0289817
5.29261 2.01284 0.499 0.819057 0.556561 0.136181 -0.0289817
2.90131 -3.02339 0.499 0.819057 0.556561 0.136181 -0.0289817
1.4158 4.47661 0.499 0.819057 0.556561 0.136181 -0.0289817
4.74913 1.10705 0.499 0.819057 0.556561 0.136181 -0.0289817
2.18118 -4.38876 0.499 0.984632 0.0743015 0.104463 -0.118599
4.77173 -2.47535 0.499 0.826795 0.551614 0.109389 0.012897
5.77002 -2.38018 0.499003 0.877264 0.470135 0.0718601 0.0649329
3.80711 -0.704548 0.499 0.819057 0.556561 0.136181 -0.0289817
4.8216 -0.704548 0.499 0.819057 0.556561 0.136181 -0.0289817
