43.9 -0.560654 1.71046 1
-2.31599 1.59166 0.499 -0.900462 -0.0260448 -0.429739 0.061752
0.754955 -1.02944 0.499 -0.272558 0.0949997 0.757429 -0.585652
-2.76572 -1.1656 0.499 -0.0790724 -0.0249374 -0.504352 -0.859509
2.39587 -0.53121 0.499 0.0984343 -0.314333 -0.922918 0.199321
2.81189 -1.44175 0.499 0.727781 -0.115195 0.139225 0.661575
-1.98129 -0.236607 0.499 -0.103696 -0.450154 0.580573 -0.670481
-0.956116 -0.335659 0.499 -0.163254 0.372187 0.536904 0.739296
0.351701 -1.97691 0.499 0.864051 0.192198 0.00860908 -0.465191
-1.4013 0.813572 0.499 -0.240252 0.720263 -0.0520581 -0.648683
-1.20163 -1.88342 0.499 -0.0441905 0.4856 -0.830583 -0.269019
