13.8 0.255718 1.78174 1
3.31527 1.37864 0.499 -0.0752337 0.648819 0.562354 -0.507082
4.90947 2.28444 0.499 -0.0752337 0.648819 0.562354 -0.507082
2.52124 -2.74914 0.499024 -0.0756606 0.649891 0.561435 -0.506663
1.03266 4.74821 0.499 -0.0752337 0.648819 0.562354 -0.507082
4.36599 1.37864 0.499 -0.0752337 0.648819 0.562354 -0.507082
1.68348 -3.29648 0.498976 0.48183 -0.176953 0.697613 -0.499864
3.80369 -2.13618 0.499 0.203054 0.84814 0.488386 0.030115
4.4608 -1.37044 0.499 0.90386 0.419749 0.0825504 0.00575564
3.41552 -0.431866 0.498985 -0.0674421 0.650396 0.565725 -0.502386
4.41458 -0.37011 0.499015 -0.0571651 0.689656 0.501763 -0.51898
