85.7 1.73395 0.483148 1
0.920653 2.45969 0.499 -0.382617 0.909723 0.153769 -0.0486209
1.55549 -0.586635 0.499 0.118776 -0.161617 -0.833201 0.515313
-0.950318 0.711285 0.499 -0.383921 -0.712811 -0.577829 -0.103052
-1.54438 1.73238 0.499 -0.844206 0.286325 -0.321638 0.319192
-0.344161 1.61193 0.499 -0.261945 0.532342 0.804393 -0.0307988
0.508203 -0.792551 0.49891 -0.735046 0.570667 0.351129 -0.103712
0.443384 0.229484 0.499 -0.924318 -0.205646 -0.0839821 0.31031
1.51582 -2.67264 0.499 0.505293 0.353312 0.29402 0.730344
1.11528 1.03235 0.499 -0.601812 -0.185282 -0.580292 0.516483
-0.455233 -1.08298 0.49908 -0.920113 0.380519 -0.0276109 0.088517
