17.2 -1.08638 1.43519 1
2.93179 1.27959 0.499 -0.417588 0.0334523 0.0673146 -0.905522
4.5167 2.1796 0.501038 -0.41813 0.0390516 0.0753732 -0.904412
2.11428 -2.85106 0.499 -0.383026 0.0495257 0.081148 -0.918833
0.649184 4.64916 0.499 -0.417588 0.0334523 0.0673146 -0.905522
3.98252 1.27959 0.499 -0.417588 0.0334523 0.0673146 -0.905522
1.09309 -3.01722 0.499 -0.400153 -0.434572 0.449833 -0.669832
2.80631 -2.1231 0.499 0.2692 0.760826 0.419699 -0.415366
3.40218 -1.20167 0.499 0.924062 -0.0917063 0.230815 -0.290559
2.78481 -0.411508 0.499 -0.26314 0.204862 0.13354 -0.93325
3.88893 -0.0567362 0.499 -0.171699 0.21861 -0.363235 -0.889263
