36.9 -1.27055 -1.27503 1
-0.991621 0.339028 0.499 0.350601 -0.147476 0.422799 0.822539
1.0923 -0.990266 0.499 -0.382971 0.67487 -0.148776 0.612983
-0.40317 -3.31698 0.499 -0.782462 0.139024 -0.132853 0.592263
1.59606 0.0129351 0.499 0.223131 -0.87355 0.188093 0.389542
2.60416 -1.83802 0.499 0.174586 0.393297 -0.275258 -0.859692
-1.2667 -1.89584 0.499 -0.247105 0.736254 -0.0480175 0.628143
-0.266011 -1.60117 0.499 0.48336 -0.0903328 -0.866159 -0.0892863
0.922665 -1.97611 0.499 -0.57561 -0.205316 -0.361695 -0.704056
-0.422524 -0.537796 0.499 -0.417503 -0.434238 -0.350974 0.7169
0.569891 -3.05607 0.499 -0.315194 -0.687194 0.126143 0.642266
