51.9 0.390127 1.75721 1
-3.47274 2.3369 0.498998 -0.951017 0.0209849 0.263492 -0.160308
0.645805 -1.95588 0.499 0.90712 0.332782 0.0929556 -0.240311
-3.4617 1.29308 0.499 0.506544 -0.191763 -0.464531 -0.700607
3.17629 -1.1873 0.499 -0.657409 -0.253218 -0.707152 0.0602486
3.36669 -2.19302 0.499 -0.197959 -0.815678 -0.543291 0.0178103
-2.66447 0.604979 0.499 0.388639 0.252531 0.299858 -0.833831
-1.49723 0.165341 0.499 0.225215 -0.781597 0.428447 0.393469
-0.0314374 -2.86 0.499 0.701781 0.308547 -0.641551 -0.0267401
-2.2006 1.51181 0.499 0.0580493 0.903593 0.364213 0.217944
-2.89274 -1.45224 0.499 -0.586331 0.525791 -0.585176 0.193208
