77 0.277594 -1.77847 1
-0.020148 1.76518 0.499 -0.304906 0.00276967 0.740002 -0.599519
3.48046 -0.368742 0.499 0.912678 -0.0662479 -0.363609 0.174408
-1.7097 -2.7928 0.499 0.331768 -0.479794 -0.632376 0.509734
-2.76745 1.34446 0.499 0.0592914 0.145668 -0.278374 0.947509
-1.359 0.120577 0.499007 -0.0160699 0.7352 0.520001 -0.434536
2.14232 0.293054 0.499 0.88046 -0.265195 0.0207455 -0.392468
3.47293 0.669729 0.499 0.944001 0.138124 -0.282744 -0.0991949
1.83429 -1.52001 0.499 0.21472 -0.698592 -0.639529 -0.23847
-0.848871 0.981411 0.498993 -0.427568 0.138963 0.025259 -0.892881
0.177152 -0.201206 0.499 0.303198 -0.582585 0.39189 0.644273
