3 1.7959 0.121388 1
3.75535 0.904246 0.499 0.996241 0.0865777 0.00292019 -8.45572e-05
5.34955 1.81004 0.499 0.996241 0.0865777 0.00292019 -8.45572e-05
2.95825 -3.22619 0.499 0.996241 0.0865777 0.00292019 -8.45572e-05
1.47274 4.27381 0.499 0.996241 0.0865777 0.00292019 -8.45572e-05
4.80608 0.904246 0.499 0.996241 0.0865777 0.00292019 -8.45572e-05
2.26968 -5.09837 0.498974 0.997197 0.0747685 0.00271754 -0.000659359
4.87854 -2.68271 0.499 0.996241 0.0865777 0.00292019 -8.45572e-05
5.92926 -2.68271 0.499 0.996241 0.0865777 0.00292019 -8.45572e-05
3.86405 -0.907349 0.499 0.996241 0.0865777 0.00292019 -8.45572e-05
4.87854 -0.907349 0.499 0.996241 0.0865777 0.00292019 -8.45572e-05
