41.8 1.54593 0.922005 1
-1.2557 1.24667 0.499 -0.677946 0.452002 0.420949 -0.398604
1.51157 -1.00359 0.499 0.848742 0.35085 -0.0276577 -0.394685
-1.38968 -1.75947 0.499 0.122869 0.680614 -0.418953 -0.588343
2.83689 -0.381174 0.499 -0.788845 0.575289 0.132706 0.170747
3.40751 -1.51424 0.499 -0.229925 -0.876316 -0.41217 0.0965469
-1.11116 -0.78153 0.499 0.705125 0.11973 -0.0522855 -0.696943
-0.0861056 -0.684514 0.499 0.267473 -0.660025 0.634929 0.299484
1.18024 -1.96244 0.499 0.414807 -0.073945 -0.673737 0.607079
-0.444689 0.438961 0.499 0.369265 0.842138 0.319505 0.228831
-0.0297519 -2.21395 0.499 -0.277885 0.820372 -0.253024 0.430985
