32.9 -0.469648 1.73765 1
0.109653 0.971922 0.499 -0.923145 -0.0712818 -0.293799 -0.237495
1.73975 0.201533 0.499 -0.842648 -0.07019 0.383831 -0.371067
0.829172 -3.25524 0.499 0.484786 0.452665 0.384858 -0.641842
1.51599 1.85568 0.499 -0.493293 -0.259654 -0.830175 -0.00721701
2.83407 -0.728514 0.499 0.524526 0.339646 0.726641 0.285493
-0.503993 -1.39432 0.499 -0.327542 -0.351521 0.574251 -0.662862
0.47283 -0.975637 0.499 -0.0940771 0.866951 0.419211 0.252601
1.56677 -0.784327 0.499 0.779611 0.260916 0.087651 -0.562536
0.481271 0.0386784 0.499 -0.245211 0.586599 -0.266191 -0.72451
2.8968 -2.72807 0.499 -0.0163642 0.771609 -0.257225 -0.581538
