45.9 -1.79223 -0.167052 1
-3.10416 1.16897 0.499 0.062571 0.472638 -0.128162 0.86964
0.255986 -1.80531 0.499 -0.553589 0.152489 -0.4229 -0.701029
-3.85462 -1.35125 0.499 -0.467644 -0.205831 -0.638454 0.575604
2.11929 -1.23949 0.499 0.404592 -0.567611 0.340488 0.631024
2.47891 -2.17383 0.499 0.160116 -0.11658 0.960173 -0.197076
-2.58835 -0.468887 0.499 -0.847565 0.277717 -0.419251 -0.169515
-1.56308 -0.754672 0.499 0.410595 0.613058 0.431103 -0.519347
-0.215765 -2.74194 0.499 0.0844854 -0.708096 -0.0833781 -0.696068
-2.09074 0.41909 0.499 0.294339 0.00222025 -0.954457 -0.0486878
-2.09609 -2.31989 0.499 0.408199 -0.364118 -0.558462 0.623629
