80.8 -0.854714 1.58413 1
0.33035 3.57073 0.499 -0.0124477 0.517033 -0.855374 0.0292911
3.69746 -0.921695 0.51344 -0.537545 -0.560702 0.498071 -0.385466
-1.61476 0.253932 0.499 -0.408886 0.665825 -0.590582 -0.20175
-3.1408 3.34521 0.499 -0.877569 0.416782 -0.230307 0.0558995
-0.76393 0.887385 0.499 0.346108 -0.85789 -0.378683 0.0288567
1.62453 0.30369 0.499 -0.512678 0.214417 0.23835 -0.796477
4.19787 0.0725028 0.54717 0.206923 -0.541452 0.248588 0.776026
2.86194 -1.46882 0.500062 0.0965601 0.00863891 0.584747 0.805402
-0.167019 1.6899 0.499 -0.643373 0.111546 -0.640722 0.403862
-0.137624 0.0979019 0.499 0.527021 0.399174 0.535273 -0.52573
