113.4 1.56422 0.890627 1
2.01451 -0.778945 0.498997 -0.622665 0.756656 0.00937947 0.199181
6.68755 -0.670032 0.508582 -0.101342 -0.984803 -0.0330873 -0.137104
0.33674 -0.722183 0.499 0.856682 0.221951 0.312387 -0.345324
2.89582 2.96784 0.499 0.65927 -0.631511 -0.0558327 0.404277
-2.08782 -0.0562151 0.499 0.174222 -0.0889657 0.953138 0.230782
1.32499 -1.58227 0.499 0.0278851 0.714891 -0.327686 -0.61707
-1.52572 1.12504 0.499 0.219438 0.403055 -0.383861 -0.801277
-2.76973 1.65674 0.499 -0.452146 0.314791 -0.207115 -0.808439
2.8791 -0.276476 0.499003 -0.32053 -0.292994 0.85574 -0.28129
-0.964559 0.199722 0.499 0.0193695 0.386915 0.921669 -0.0211629
