34.7 -1.66192 0.691379 1
-0.623683 0.775512 0.499 -0.531409 0.401113 -0.611418 0.427646
1.23701 -0.0783133 0.499 -0.773441 0.370106 -0.478201 -0.190089
0.161293 -3.18805 0.499 -0.0161513 -0.251268 -0.48649 -0.836619
1.30218 1.02635 0.499 0.342346 -0.470374 -0.613191 0.534363
2.49285 -1.1394 0.499 -0.0464367 0.162008 0.834226 -0.525037
-1.08498 -1.53161 0.499 -0.845508 -0.0791768 -0.268346 -0.454793
-0.097411 -1.16873 0.499 0.368987 0.66055 0.25426 -0.602391
1.07248 -1.06674 0.499 0.355649 -0.628808 0.0610849 -0.688754
-0.163199 -0.132343 0.499 0.242358 0.0998946 -0.886433 -0.381471
1.4552 -2.80795 0.499 0.465844 0.519762 -0.712974 0.0671153
