92.5 1.75713 0.390504 1
1.96569 -0.170969 0.499 -0.723579 0.0816856 -0.511015 0.456755
0.739806 -1.64849 0.499 0.244773 0.0251761 0.94458 -0.217303
-0.892664 -1.44318 0.499 0.725012 0.047992 0.0368711 -0.686072
-0.201208 -0.57053 0.499 -0.537287 0.310629 0.305015 0.722356
1.34274 2.54454 0.499 -0.137484 -0.211064 0.0307854 0.967265
-0.0996352 -2.24839 0.499 -0.252545 -0.739047 0.214292 0.586608
0.307232 1.25458 0.499 0.406467 0.838695 -0.362336 -0.00935691
-0.0189448 -3.71916 0.499 -0.354541 -0.403628 -0.652711 0.534185
2.58276 -1.18202 0.499 0.292695 -0.386361 0.210043 -0.84908
-1.79088 -2.03694 0.499 0.771729 -0.60795 0.154025 -0.105392
