78 1.57985 -0.862595 1
0.283924 2.05299 0.499 0.146744 0.832309 0.365394 -0.390148
3.56885 -0.853209 0.499 0.109629 -0.152719 -0.90257 -0.387331
-2.70514 -2.81044 0.499 -0.459736 -0.577045 0.00985797 -0.674955
-2.67568 1.67842 0.499 0.654148 -0.732785 0.118865 0.144869
-1.00929 0.151065 0.49899 -0.00598815 0.962869 -0.263478 -0.0585298
2.15636 0.0961543 0.499 0.751219 0.0382569 -0.624458 -0.210377
4.01517 0.276175 0.499 0.209597 0.393228 -0.606407 -0.658567
2.46797 -1.6603 0.499 -0.123619 -0.865633 -0.299433 -0.381756
-0.457494 0.985002 0.49901 0.193103 0.623532 0.649764 -0.389521
0.267313 -0.326026 0.499 0.442837 -0.882652 0.146693 -0.057471
