111.7 0.911298 -1.55227 1
1.21035 -1.38836 0.499 -0.196896 0.589381 -0.752117 -0.219506
5.07382 -1.69962 0.499 0.388087 0.0623041 -0.741824 -0.543326
-0.509003 0.262428 0.504136 -0.784758 -0.312226 0.171945 -0.507056
1.94483 1.77832 0.499 0.232743 0.183169 -0.667494 0.683178
-2.5518 0.762077 0.505592 0.01592 0.152966 0.98792 0.0190456
0.36368 -1.97875 0.499 0.35329 0.667965 0.06138 -0.652105
-2.1464 1.98143 0.499 0.729388 -0.116876 -0.581218 -0.341349
-3.31392 1.41392 0.508788 0.824793 0.53084 0.191868 0.0333666
2.10384 -0.934699 0.499 -0.564684 -0.77984 0.135635 -0.233632
-1.03079 1.18219 0.499146 -0.0348153 -0.663507 -0.412399 -0.623277
