31.5 0.721167 1.64922 1
0.755336 0.866937 0.499314 -0.855689 0.112508 0.196603 -0.465279
2.20612 0.161364 0.499 -0.332135 0.174709 0.810151 -0.450354
1.41755 -3.54674 0.499 0.756103 0.569916 0.321148 0.0191741
1.75763 2.24288 0.499 -0.918523 0.377792 -0.101246 -0.0577766
3.17481 -0.666761 0.499 0.924362 -0.0766208 0.12217 0.353211
0.0232282 -1.54536 0.499 0.216607 0.012551 0.628387 -0.74703
0.99168 -1.08332 0.49889 0.172921 0.516402 0.384121 0.745573
2.02656 -0.8225 0.499 0.734299 0.511956 -0.427849 -0.125104
1.05776 -0.0859321 0.498796 -0.28444 0.911346 0.0182426 -0.297
3.80303 -2.767 0.499 0.0767896 0.928281 -0.221286 -0.288841
