62 -1.5354 -0.939433 1
2.69575 1.20648 0.524492 -0.6284 0.0753775 -0.728243 0.262858
-0.389724 0.30274 0.499 0.796581 0.49976 -0.289356 0.178807
0.0901198 1.48959 0.499 -0.22297 -0.312564 -0.910921 -0.151033
1.75967 -1.83056 0.499 0.0961819 0.306283 -0.406456 0.855414
-0.669437 -3.25429 0.499 0.4223 -0.742894 0.2278 0.466774
-4.37024 1.04283 0.499 0.58841 0.133525 0.67881 0.418523
-2.17086 1.2065 0.499 0.837383 -0.359053 -0.242995 0.332903
-2.98095 -0.843024 0.499 0.384208 -0.612848 -0.604504 -0.333732
-3.13644 1.66284 0.499 -0.799292 0.326794 0.452137 0.223404
-1.32363 -0.561801 0.499 -0.109337 0.569341 0.814235 0.0302833
