117.3 -1.04826 -1.46327 1
2.30891 0.302029 0.499001 0.39878 -0.0560301 -0.75981 0.510416
0.403073 2.43978 0.517995 0.252683 -0.38338 -0.820282 -0.341041
0.85852 -2.76545 0.499 0.660313 0.33539 -0.331366 -0.584548
-0.102963 3.31568 0.498806 0.249357 0.961398 -0.0792911 0.0851342
-2.55164 -1.93556 0.499 0.280365 0.840849 -0.430515 -0.170368
2.1176 -0.903448 0.499 -0.382349 -0.215039 0.044751 0.897533
-1.1717 -0.283938 0.499 -0.809576 -0.233012 -0.138117 0.520784
-2.70818 1.73023 0.499 0.239072 0.248355 -0.0594418 -0.93682
3.13639 0.86353 0.498999 0.323012 0.901322 -0.28227 0.0600393
-1.25914 -2.46229 0.499 0.640827 -0.132944 -0.653092 -0.380971
