11.2 1.06052 1.45441 1
3.54523 1.28512 0.499 0.398535 0.800018 0.406757 -0.188918
5.13943 2.19092 0.499 0.398535 0.800018 0.406757 -0.188918
2.74813 -2.84531 0.499 0.398535 0.800018 0.406757 -0.188918
1.26262 4.65469 0.499 0.398535 0.800018 0.406757 -0.188918
4.59595 1.28512 0.499 0.398535 0.800018 0.406757 -0.188918
1.96949 -3.75608 0.499 0.857607 0.0338914 0.389918 -0.333654
4.30879 -2.26269 0.499 0.508681 0.810366 0.250565 0.147539
5.20174 -1.81253 0.499005 0.845677 0.510224 0.0699587 0.140029
3.65392 -0.526471 0.499 0.398535 0.800018 0.406757 -0.188918
4.66842 -0.526471 0.499 0.398535 0.800018 0.406757 -0.188918
