103.5 -1.15787 -1.37817 1
1.23554 0.0953219 0.500176 -0.12999 0.228707 0.731336 0.629241
2.14714 2.95754 0.499 -0.896042 0.394071 0.148684 0.140391
2.35031 1.69227 0.498891 0.403614 0.737615 -0.432284 -0.325807
-0.883112 0.959134 0.49919 -0.00497865 0.198192 -0.605709 -0.770592
-1.12936 2.58095 0.499788 0.603968 0.258138 0.470995 -0.588855
3.30101 1.33001 0.499017 -0.637858 0.577105 0.509947 0.00645469
0.20882 0.49687 0.499001 -0.231472 0.716792 -0.535425 -0.382033
-0.509438 -0.243846 0.498001 0.26192 0.429142 0.0288511 -0.863946
-0.833891 -2.4789 0.499 0.958744 -0.163979 0.115211 0.20161
-0.0648059 1.68849 0.499 -0.183836 0.115357 0.0244245 -0.975859
-2.34136 -1.55422 0.499 -0.894899 0.330094 -0.0350542 0.29827
-0.363296 -1.25699 0.498417 -0.551504 0.621055 -0.555666 0.0370086
2.17137 -0.248847 0.498995 -0.543749 0.344603 -0.392403 0.656967
0.395075 -1.90595 0.499041 -0.308202 -0.809883 -0.155929 -0.474117
-2.56167 -0.515754 0.499 0.284526 -0.508755 -0.191901 -0.789549
-2.91327 3.47226 0.499027 0.517279 -0.423614 0.488973 0.560249
-0.652532 3.76305 0.498981 -0.589206 0.0444066 0.633329 -0.499758
1.59786 3.82759 0.499 -0.462158 -0.368813 -0.455339 0.665622
1.46326 2.18921 0.499041 0.464213 0.806706 -0.364373 -0.0310539
-2.07526 0.568857 0.499 0.377945 -0.572978 -0.17934 -0.704763
0.468657 2.59325 0.498998 -0.589028 0.658489 -0.217399 0.414941
-1.73702 3.40132 0.51073 0.518323 -0.218769 0.523015 -0.640263
1.09341 1.06622 0.497839 0.714803 -0.0175276 0.640128 -0.281045
0.455947 3.7044 0.499001 0.010795 0.934359 0.182827 -0.305666
-1.31896 -1.55745 0.499547 -0.358247 0.186119 -0.771387 -0.491916
