8.2 1.57595 0.869702 1
3.69251 1.11806 0.499 0.801325 0.578411 0.148999 -0.0334358
5.28671 2.02386 0.499 0.801325 0.578411 0.148999 -0.0334358
2.8954 -3.01237 0.499 0.801325 0.578411 0.148999 -0.0334358
1.4099 4.48763 0.499 0.801325 0.578411 0.148999 -0.0334358
4.74323 1.11806 0.499 0.801325 0.578411 0.148999 -0.0334358
2.17206 -4.35021 0.499 0.981964 0.0740934 0.114978 -0.130526
4.75295 -2.468 0.499 0.809907 0.575789 0.110742 0.0159063
5.74578 -2.34782 0.499007 0.87408 0.474735 0.0718941 0.0737713
3.8012 -0.693534 0.499 0.801325 0.578411 0.148999 -0.0334358
4.81569 -0.693534 0.499 0.801325 0.578411 0.148999 -0.0334358
0.793954 1.8427 0.499 0.801325 0.578411 0.148999 -0.0334358
1.33743 2.7485 0.499 0.801325 0.578411 0.148999 -0.0334358
1.12134 -4.35021 0.499 0.981964 0.0740934 0.114978 -0.130526
-0.25677 5.39342 0.499 0.801325 0.578411 0.148999 -0.0334358
4.29062 -1.57599 0.499 0.81675 0.561612 0.126511 -0.0388178
3.76497 2.92965 0.499 0.801325 0.578411 0.148999 -0.0334358
2.13453 0.1398 0.499 0.801325 0.578411 0.148999 -0.0334358
0.32294 4.52386 0.499 0.801325 0.578411 0.148999 -0.0334358
0.32294 -1.81672 0.499 0.801325 0.578411 0.148999 -0.0334358
0.830186 3.61806 0.499 0.801325 0.578411 0.148999 -0.0334358
2.8954 -1.20078 0.499 0.801325 0.578411 0.148999 -0.0334358
2.96787 3.58183 0.499 0.801325 0.578411 0.148999 -0.0334358
-0.800248 0.973133 0.499 0.801325 0.578411 0.148999 -0.0334358
5.25048 0.248495 0.499 0.801325 0.578411 0.148999 -0.0334358
1.84468 -2.97614 0.499 0.801325 0.578411 0.148999 -0.0334358
