99.2 1.79507 0.133085 1
0.56652 -0.34067 0.497784 -0.862666 -0.115252 -0.31084 -0.381971
2.20556 2.64879 0.499 0.0491179 0.727342 0.613641 -0.303326
1.16957 0.750614 0.498699 0.237966 -0.318854 0.879955 -0.259585
-1.63851 -0.487494 0.499 0.111375 0.339664 0.84681 -0.393875
-3.48517 -0.754511 0.499 -0.190428 0.0623603 -0.221385 -0.954378
2.17217 0.81959 0.500242 -0.0714687 -0.76627 -0.193574 -0.608483
-0.42676 -0.122973 0.499022 -0.00221855 0.207667 0.941992 0.263669
-2.46321 -1.09051 0.499 0.181989 -0.365501 0.155934 -0.899429
-0.648613 -3.91115 0.499 -0.0765857 0.879936 0.0617919 0.464789
-1.27651 0.446779 0.497573 -0.357326 -0.706226 0.331779 0.513309
-1.68376 -4.14806 0.512052 -0.0314813 0.570121 -0.288282 0.768677
-0.257502 -1.3184 0.499 0.51729 -0.633603 0.194341 -0.54147
1.55032 -0.45265 0.499945 -0.497872 0.293659 0.000626669 -0.816019
0.880724 -1.30217 0.499002 0.717081 0.077478 -0.432756 0.540846
-1.82112 -3.05493 0.499036 0.216753 -0.0737866 -0.521917 -0.821691
-2.75854 1.33036 0.49904 -0.233185 -0.278379 0.931466 0.0224049
-1.8197 1.71724 0.498969 0.853026 -0.342397 -0.234068 0.316737
1.21091 3.43235 0.499 -0.374969 -0.688749 -0.590226 0.191459
0.530964 1.79102 0.499 -0.364152 0.111983 0.924403 0.0182108
-2.80581 -2.04113 0.499 -0.393142 -0.654882 0.0813537 -0.640274
-0.698517 2.03888 0.498157 -0.481362 0.25299 -0.0485941 -0.83781
-3.21624 0.344114 0.499 -0.00640145 0.0390997 0.873439 -0.485319
0.157785 0.694447 0.498962 -0.254522 -0.0776324 -0.729838 0.629705
-1.46544 2.67896 0.499834 -0.259799 -0.861929 -0.425694 -0.0914709
-0.0288322 -2.40162 0.499 0.11855 -0.621884 0.439845 -0.636979
