72.9 0.799055 1.61292 1
2.35259 -0.948891 0.499 -0.216487 0.111619 -0.104512 -0.964236
-1.5321 -0.746032 0.505576 -0.514437 -0.589223 -0.452711 -0.428047
2.20975 -3.57553 0.493806 -0.400709 0.48779 -0.43348 0.643109
-0.346359 -2.46682 0.499 -0.651337 0.729099 0.207931 0.0306429
0.971171 -1.73468 0.499003 -0.692215 0.241395 -0.331263 0.593997
-2.78325 -1.65453 0.499 0.0677644 -0.237875 0.582345 0.774401
1.27277 -0.659844 0.499 -0.0164046 -0.230198 -0.245499 0.941525
4.10614 -1.6994 0.499 -0.15766 0.285299 0.918681 -0.223097
2.09607 0.041627 0.499 -0.145022 0.555771 -0.61389 0.541504
-1.42579 -1.73258 0.495348 0.269495 -0.599036 0.186096 0.730682
2.65513 1.49081 0.499 0.0545269 -0.870662 -0.158559 0.462421
1.16466 -2.72183 0.498997 0.492874 0.396061 0.688649 -0.354928
-2.23582 -0.0506355 0.500609 -0.575388 -0.203908 0.791923 -0.0144372
1.6593 1.23219 0.499 -0.0561297 -0.493191 0.860888 -0.111733
0.648157 0.703861 0.499 -0.592616 0.161065 0.711627 0.341249
3.8992 -3.46732 0.570851 -0.64381 0.0953466 -0.364415 -0.666048
-1.79745 -2.65149 0.497954 0.626317 0.350709 0.324096 -0.616191
-0.355772 -0.363322 0.49904 -0.246066 0.00487792 -0.367298 0.89695
-1.54703 -3.61188 0.499758 0.480401 0.848572 -0.143669 -0.168821
2.24993 -2.51299 0.529742 -0.776965 -0.544722 -0.0201944 0.314952
-3.06089 -0.648061 0.499 0.444588 0.401531 0.757977 -0.258039
3.09121 -1.64728 0.499 0.386094 -0.197445 -0.632831 0.641461
-0.714493 1.61581 0.499 -0.141253 0.390931 0.819826 -0.393835
-0.460917 -1.35682 0.498848 0.307708 0.0520353 -0.62798 0.712916
-1.0715 0.353408 0.499 -0.332424 -0.432345 0.747082 -0.380055
