107.3 0.632075 1.68537 1
2.46778 -2.50265 0.499 0.589667 0.0109901 -0.583959 0.557821
4.20579 0.794246 0.499 0.747221 0.273051 -0.558281 -0.235427
5.64251 0.483063 0.499 -0.343518 0.730981 -0.116488 -0.578008
-1.33042 -1.38689 0.499 -0.810067 -0.56187 0.156992 -0.0587066
0.310788 0.964079 0.499 0.0452359 0.319884 0.918549 -0.227808
6.36984 1.27704 0.528481 -0.892881 0.145279 0.231416 0.357915
1.17004 -2.77823 0.496803 -0.817362 -0.249597 -0.320656 0.408412
-0.594042 -2.16197 0.499 -0.833325 0.0198544 0.338331 0.436701
-0.94937 -3.42058 0.525562 -0.678093 0.677635 0.230429 0.167042
0.504517 -2.0399 0.498435 0.285817 -0.159032 -0.302437 0.895293
-2.54449 -1.42479 0.499 0.175723 0.865346 -0.468375 -0.0303852
0.340146 -3.50708 0.521185 0.0645155 -0.804359 0.379768 0.45235
4.47091 -0.914508 0.499 -0.41478 -0.403296 -0.592587 0.560491
1.81612 -3.53774 0.504175 0.480184 -0.0601806 0.869788 0.0962784
-2.62578 0.16081 0.499 -0.336198 -0.442765 0.820181 -0.135033
-3.40085 0.899052 0.499 0.224698 0.0832903 -0.395963 -0.886446
1.59317 1.70695 0.499 0.113113 0.141929 -0.555117 -0.811731
3.33167 1.73198 0.499 0.165329 0.343536 -0.0845597 0.920597
3.75485 -0.102354 0.499 -0.292639 -0.73571 -0.512135 -0.332882
-1.28195 1.20933 0.499 0.509721 0.563624 -0.499962 0.415392
0.443391 -1.04693 0.510372 0.264366 -0.515294 0.258379 0.77319
-1.89151 2.78853 0.499 -0.0743934 0.960947 0.16602 -0.208529
3.32079 -1.41065 0.499 -0.808855 -0.545726 -0.209139 -0.064788
2.30253 -1.11164 0.499 0.695018 -0.658953 0.286842 0.0212594
-2.01033 -2.28425 0.499 0.40963 -0.829324 0.189934 0.329165
