40.9 1.79962 -0.0368042 1
-1.86433 3.29979 0.499 -0.103775 0.580288 0.0550386 0.805895
1.41596 -1.44218 0.499 -0.438691 0.413047 0.658976 0.450215
-1.03634 -0.702677 0.498999 0.0140934 -0.545096 0.222387 -0.808218
2.93236 -0.420411 0.499 0.278709 0.806407 0.452128 -0.26002
-1.07586 2.44144 0.499 0.688946 -0.127997 -0.449803 -0.553757
-1.9683 -2.38762 0.499001 0.958403 -0.00247345 -0.23459 0.162559
-1.09158 0.462353 0.499 0.0268486 -0.651404 0.331049 -0.682171
-0.60596 1.52406 0.499 0.471623 -0.438118 -0.086637 -0.760341
-2.3267 0.648386 0.499 0.771936 0.181175 0.573272 0.206515
2.08694 -2.23356 0.499 0.92827 0.299466 0.158034 -0.153819
-1.19689 4.50837 0.499 0.933196 0.171911 -0.0263024 -0.314482
3.11241 -1.4268 0.499 -0.631435 -0.521242 0.546966 -0.174429
-2.95298 -2.19243 0.498999 -0.293912 0.217486 0.776241 0.513581
-2.10687 2.02224 0.499 -0.191353 0.630212 0.290773 -0.694022
-1.97888 -0.327262 0.499 0.432076 0.217102 -0.0027806 0.875311
5.88623 -1.10943 0.499 0.79441 0.280326 -0.419492 0.338167
-3.79378 0.336155 0.499119 0.0218678 0.165281 0.09052 -0.98184
1.17807 -0.273306 0.499 -0.0496556 -0.612954 -0.210462 0.759952
-3.61487 -1.02861 0.499 0.881886 -0.264436 0.120936 -0.371112
5.17767 0.0746726 0.499 0.0150713 -0.538182 0.586573 -0.605033
-2.97804 -0.24927 0.498999 -0.950479 0.157837 0.205451 0.171658
3.03198 3.32294 0.499 0.034993 -0.931519 0.00948184 0.36188
-3.31125 1.22822 0.511095 0.357849 -0.512901 0.65449 0.424875
4.38452 -2.90886 0.499 0.684522 -0.393686 -0.613054 -0.0245978
-2.41412 -1.24619 0.499 0.113063 0.00562127 0.864254 0.490154
