67.5 -1.38246 1.15274 1
0.649536 3.60408 0.499 0.620515 0.249776 -0.727456 0.15291
-1.84196 2.85208 0.49933 0.319919 0.78928 0.29416 0.433773
1.46591 1.47874 0.498044 0.531267 -0.489813 0.483584 -0.493948
0.0613829 -0.590668 0.499 0.297804 -0.11379 -0.340304 0.884623
1.19324 2.44064 0.498999 0.848808 -0.339216 0.405436 -0.0088844
-1.34743 0.471851 0.499 -0.0299845 -0.307424 -0.949492 -0.0552821
-0.0103536 2.8344 0.499 0.309698 0.214167 0.893775 -0.243694
2.92725 3.37171 0.499043 0.0969931 0.151856 -0.684072 0.706808
0.101388 4.4972 0.499 0.490493 -0.0790503 -0.477242 0.72485
-0.72109 1.43103 0.499 0.700174 0.555122 0.35972 -0.268697
2.78781 4.36912 0.499313 0.708551 0.259425 0.168092 -0.634349
0.748654 0.783638 0.499956 -0.36128 -0.254647 -0.593438 0.672654
-2.68878 2.31346 0.500948 0.393431 -0.655044 0.599672 0.237744
-1.67256 3.8879 0.499 -0.931353 0.309202 -0.133401 0.138489
-2.67203 3.92132 0.498995 0.157493 -0.865943 -0.0661819 -0.470063
1.72204 0.507637 0.499001 0.00667629 0.251445 -0.357179 -0.89953
-0.967047 -0.649002 0.499 -0.030929 -0.21695 -0.970424 -0.101257
0.250309 1.78611 0.499 0.129594 -0.255804 0.497176 -0.818893
-1.61321 -1.43429 0.499 0.470325 0.147051 -0.868361 0.0558606
2.23674 2.22179 0.499 0.406068 -0.316456 0.726455 -0.455222
-2.65166 1.29521 0.499 0.0286842 0.610358 0.592113 0.525398
1.74687 3.34866 0.499 -0.547551 0.818938 -0.122439 -0.120573
-3.50319 3.3653 0.499005 -0.423932 0.487869 0.381783 -0.660687
-0.339448 0.480184 0.499 0.36671 -0.868545 -0.153939 -0.295731
-0.938754 2.42095 0.498794 0.0354279 -0.184139 0.0600992 -0.980421
