105.7 1.74228 -0.452155 1
1.9983 -1.76328 0.499 -0.0275675 -0.589867 0.683577 0.428975
3.49541 1.34678 0.499235 0.137268 -0.46317 0.179296 0.857021
4.38567 0.646227 0.499 0.55811 0.655945 -0.473152 0.185409
-1.33195 -1.00793 0.499 -0.623509 0.611871 -0.335584 -0.352469
-0.233165 1.35799 0.499 0.483147 -0.099712 0.186152 -0.84969
5.72614 0.715017 0.499 -0.283012 0.772839 0.567913 -0.00993044
0.698189 -2.04626 0.498995 -0.69226 0.360689 -0.0904154 0.618469
-0.558991 -1.70397 0.499 -0.0301906 0.54245 0.484975 -0.685299
-0.793695 -3.55775 0.499 0.121938 0.152643 0.180395 -0.963996
0.269807 -1.12456 0.499 -0.412542 -0.0198573 0.856596 0.309287
-2.32639 -1.39785 0.499 0.574525 0.673348 0.00161438 0.465318
0.25345 -2.95154 0.499 -0.871499 -0.0139647 0.398125 0.285992
3.50228 -0.888858 0.499 -0.41725 0.0435302 0.490689 0.763696
1.28098 -3.29766 0.499 -0.285824 -0.682127 0.290612 -0.607085
-2.51979 -0.150393 0.499 -0.769275 0.231009 -0.279143 -0.526242
-3.00379 1.04105 0.499 -0.293038 -0.395321 -0.230207 0.839556
0.866982 2.23612 0.499 0.336065 0.079507 0.0440554 0.937442
2.78622 2.28482 0.499 0.224123 -0.206313 0.66474 -0.682148
2.93026 0.521485 0.498765 -0.5871 0.543848 -0.151907 0.580059
-1.77397 0.742691 0.499 -0.297794 0.365376 0.492606 0.731546
0.452107 -0.124491 0.499 -0.203623 0.0610519 0.975254 0.0607417
-1.79526 2.73677 0.499 0.855031 0.0916802 -0.27624 -0.429194
2.50087 -0.476895 0.499 -0.221583 0.97381 -0.0423709 -0.02827
1.72115 0.29253 0.499 -0.926977 -0.236513 -0.29116 0.000442452
-1.58701 -2.2006 0.499 -0.73324 -0.327885 -0.0482314 0.593737
