58.1 1.76958 0.329541 1
0.707048 2.6607 0.499 0.461737 0.26506 -0.507035 0.677833
-0.244993 -2.49219 0.498047 0.310795 -0.1175 -0.469866 -0.817818
3.33117 -3.00469 0.499 -0.436804 -0.380033 0.369052 0.727033
2.49663 -3.65918 0.499 -0.0285089 0.702211 0.680559 0.207186
1.53918 1.24669 0.499 0.336874 0.591842 0.363302 -0.635807
-1.14867 -1.8306 0.497555 -0.258417 0.678015 0.658498 -0.199742
1.50174 -0.946792 0.499 -0.117099 0.73814 0.298834 -0.59341
3.04111 -1.7549 0.499 -0.835355 0.454462 0.0485231 0.305436
0.00472617 -0.416067 0.500402 -0.197327 -0.317981 -0.678736 0.631877
-0.330959 -3.55597 0.499 0.148653 -0.284395 0.337579 0.884908
2.83212 -0.515666 0.499 0.842946 -0.345587 -0.320105 0.259893
1.20954 -3.50342 0.499 -0.595721 -0.0623194 -0.758064 -0.258014
-1.3928 -0.866947 0.497861 -0.164292 -0.492068 0.421082 -0.744021
0.93346 0.151096 0.499 0.849053 -0.128715 0.218707 -0.463366
-0.246722 -1.3892 0.498178 -0.135991 -0.0440624 0.100197 0.984645
5.0341 -4.49316 0.49975 0.0605369 -0.287271 -0.741562 -0.603238
-1.18745 -2.82513 0.499123 -0.442419 0.831007 -0.119746 0.315205
0.748535 -2.60446 0.500576 0.185695 -0.722968 -0.325278 -0.580542
-1.83927 -3.58096 0.499288 0.0899104 0.763685 -0.409423 0.490993
4.34585 -3.32162 0.499 0.419784 -0.0445622 -0.64815 0.633796
-2.23395 -1.49091 0.499 -0.517603 0.838753 0.169045 0.00201447
1.79329 2.86856 0.499 -0.508703 -0.304923 -0.433653 -0.678372
-1.20154 0.109244 0.502169 -0.260542 0.734672 -0.0123454 -0.626277
0.511873 -4.27878 0.499 -0.512802 -0.164337 0.644276 0.54308
0.727709 -1.60492 0.499608 0.681153 0.481134 -0.519898 0.18506
