92.1 1.78038 -0.265059 1
0.279724 -2.39438 0.499 -0.474255 0.662304 -0.579891 0.0126915
0.639071 0.598106 0.499 0.203219 -0.336234 -0.601834 0.695302
1.02863 -1.33846 0.499 0.440757 0.0361733 -0.834998 0.32742
0.195648 -4.41521 0.499 -0.0494861 -0.2106 0.757928 -0.615422
-2.04177 -2.6441 0.499 -0.655743 0.547286 -0.0277157 0.519337
1.6259 1.00914 0.499 0.346087 0.116594 0.911123 0.191011
-0.198606 -1.45593 0.499 -0.543724 -0.128604 -0.793832 -0.240116
-1.0804 -1.99708 0.499 -0.29109 -0.160172 -0.507208 0.795205
3.35941 -2.49844 0.499 -0.621165 0.461481 0.0372877 -0.632297
-1.1208 -0.977343 0.499 0.88534 0.407566 0.195902 0.1081
1.41527 -3.13853 0.499 0.402584 -0.567837 0.422919 0.580195
0.287914 -3.39671 0.499 -0.438314 0.521805 -0.67401 -0.285152
3.29468 -0.609936 0.520263 0.650217 0.307758 0.267919 -0.640877
1.76562 -0.0115994 0.499 -0.184991 0.300215 -0.854103 -0.382305
2.03758 -1.04068 0.499 -0.872438 -0.453419 0.153384 0.0986778
-3.44983 -1.61408 0.531436 -0.435414 0.264664 0.300905 -0.806117
-1.24227 0.962903 0.499 -0.761053 0.500537 -0.248594 0.329336
-0.657299 2.06765 0.503651 0.763004 -0.296431 0.554348 -0.150505
-1.68419 2.02258 0.499016 -0.135366 0.0283922 0.555317 -0.820056
-0.781689 -3.82229 0.499 -0.318679 -0.292402 0.542074 0.720486
-1.36702 3.0081 0.499 -0.565428 0.289129 0.0531902 -0.770627
-3.64058 -0.423091 0.499 -0.391864 -0.573485 -0.443056 -0.566797
0.238038 -0.371952 0.499 0.252247 0.364712 -0.884745 -0.14347
-2.75577 0.421965 0.499 -0.189977 0.13274 0.854401 0.465068
3.88784 -1.45833 0.498992 0.664487 0.0100095 -0.742451 0.0843959
