28.3 1.73157 -0.491583 1
0.96205 -0.276973 0.499017 0.104658 0.586852 0.13445 -0.791565
2.28152 -0.469338 0.499 0.461275 0.114692 0.10306 -0.873756
1.21719 -5.40229 0.499 0.601464 -0.750733 -0.267143 0.0572235
1.82094 2.57381 0.499 0.861893 -0.177425 0.290993 -0.375479
1.65062 -1.44195 0.499 0.488504 -0.395569 0.0500455 -0.776134
0.31508 -4.31957 0.499 0.710026 -0.412643 -0.266825 -0.504374
1.24463 -3.87093 0.499 0.0298321 -0.535546 0.807721 -0.24472
1.49337 -2.82486 0.499 0.441228 -0.323637 0.303156 0.780176
0.225441 -0.953284 0.498978 0.918162 0.284059 0.150867 -0.231361
2.31713 -2.23687 0.499 0.808471 -0.123646 -0.0310551 -0.574563
0.447472 0.587686 0.499 0.866214 -0.4041 0.293501 0.0152744
2.25578 0.6531 0.499 -0.337759 -0.650717 0.678892 -0.0399123
-0.489047 -3.64533 0.499 0.691583 -0.543702 -0.460868 -0.117054
-0.749175 1.82164 0.499 0.659439 0.506448 -0.307492 0.462708
0.463903 -2.08788 0.499 0.786733 -0.303828 0.322837 0.429554
3.48333 1.11497 0.499 0.724694 0.0546571 -0.161879 0.667552
-0.900752 -0.495639 0.499 0.334013 0.331004 -0.0270225 -0.882123
1.00973 1.41933 0.499 0.204089 -0.786428 -0.234653 0.533682
-0.830068 -2.6511 0.499 0.994248 -0.103652 -0.0249431 0.0102355
2.60326 1.62936 0.499 -0.078893 -0.650968 0.362026 -0.662536
-0.500911 -1.64463 0.499005 0.662746 -0.325804 0.658544 -0.144707
3.01246 3.19294 0.499 0.46076 -0.838002 0.11661 0.268059
-0.755657 0.584242 0.499 0.46076 -0.838002 0.11661 0.268059
3.31956 -1.85645 0.499 0.612888 -0.668473 -0.359195 -0.220207
0.505828 -3.1889 0.499 0.842325 -0.232061 -0.118897 0.471698
