61.9 -1.61491 -0.795017 1
-0.361376 3.97108 0.499 0.321476 -0.775814 0.273601 -0.468944
-1.59609 0.565082 0.499 -0.780549 -0.114789 -0.41292 0.455042
0.978679 -0.515797 0.499133 0.298774 0.0186108 -0.711436 0.635805
1.00032 -2.403 0.499 0.657052 -0.578458 0.47245 0.102271
0.308288 2.22057 0.504359 -0.427965 0.876716 -0.0285929 -0.217707
-2.56117 -0.0708946 0.499 -0.106407 0.0879044 -0.744408 -0.653305
0.489063 0.352829 0.498867 0.0223444 0.992923 -0.116508 0.00546943
1.76519 0.388937 0.499 0.353782 0.772685 0.390105 -0.354421
-0.996639 3.10289 0.499 0.541447 -0.222942 0.0882667 0.805817
-1.30411 -0.58294 0.499 -0.538802 0.379714 0.537956 -0.525464
2.02525 1.70148 0.499 0.470127 -0.124201 0.597843 -0.63729
0.352444 -1.57294 0.498988 0.449515 0.0545141 -0.863558 -0.221884
-3.45335 0.524571 0.499 -0.76019 -0.44159 0.259577 -0.39966
-0.0769818 1.29983 0.501126 -0.0220648 0.275542 -0.583775 -0.763411
-1.26307 2.11598 0.498996 0.488618 0.147861 0.0536555 -0.858202
1.57101 -1.38961 0.499 -0.271635 -0.734271 -0.317344 0.53512
-2.33871 -2.29395 0.499 -0.0822815 0.246327 -0.964238 0.0528935
-0.121092 -0.570789 0.49901 -0.902923 0.104251 0.192411 0.36992
-3.27151 -2.7878 0.498853 -0.100504 -0.987411 0.0281821 -0.118849
2.47211 -0.330422 0.499 0.168371 0.112188 -0.941998 0.267778
-3.49624 -1.80571 0.499026 -0.221195 -0.0996827 -0.669371 0.702196
0.575399 3.18238 0.498504 -0.679222 -0.603617 0.38707 0.15646
-2.36015 1.51024 0.499 0.0319455 0.350104 -0.814933 0.46075
-0.539277 -2.02546 0.499012 -0.554238 -0.71075 -0.37738 -0.212696
-0.511528 0.34982 0.49899 0.790759 0.431158 -0.165232 -0.401873
