58.8 1.25686 1.28853 1
0.674159 2.95262 0.499065 0.445444 0.114785 -0.830934 0.312972
-0.028022 -2.15984 0.500097 0.355229 -0.145847 -0.32737 -0.863348
2.98676 -2.90837 0.495872 -0.361406 -0.560413 -0.665122 0.336059
2.55219 -3.8692 0.499 -0.373828 0.521157 -0.0250063 0.766827
1.41613 1.2919 0.499 0.0346563 0.808254 0.586292 0.0422658
-1.17008 -1.49963 0.499 -0.249133 0.650716 0.681998 -0.222215
1.5368 -0.900438 0.507446 -0.607606 0.681665 0.396309 -0.0953283
3.02887 -1.91479 0.50466 -0.774461 -0.437646 -0.0862757 0.448591
-0.00722433 -0.162464 0.498999 -0.29118 -0.404314 -0.793839 0.348661
0.00688365 -3.14052 0.509424 0.478896 0.207064 0.0361717 0.852335
2.76091 -0.643335 0.499 0.634364 0.384163 -0.663352 -0.0998282
1.49943 -3.39302 0.499133 -0.615947 -0.217084 -0.488248 -0.578876
-1.60107 -0.497611 0.499 0.143624 -0.353652 0.550879 -0.742183
0.939251 0.248501 0.499034 0.779497 0.51251 0.22384 -0.28216
-0.203302 -1.16232 0.498997 -0.0638284 0.101005 0.105295 0.987237
4.20996 -3.89592 0.52762 0.295652 0.32763 -0.479902 -0.758249
-0.918003 -2.62568 0.499007 -0.677867 0.732071 -0.0615987 -0.0278191
1.06355 -2.47884 0.499043 0.320946 -0.684762 -0.0789134 -0.649513
-1.72085 -3.21493 0.49898 0.233648 0.549744 -0.798636 0.0732769
4.01942 -2.85523 0.677296 0.153275 -0.424478 -0.886664 -0.100762
-2.29963 -1.43102 0.499 -0.830921 0.36199 0.251116 0.339815
1.67661 3.05586 0.498935 -0.382809 -0.30267 0.164036 -0.857287
-1.24809 0.489102 0.499001 -0.549833 0.766978 0.0578901 -0.325695
0.607463 -3.93525 0.493949 -0.310386 -0.0708669 0.44755 0.835666
0.741922 -1.51696 0.49862 0.329007 0.772243 -0.538626 0.0726418
