44 -0.672116 1.66981 1
-3.31793 4.88124 0.499 0.789939 0.494178 -0.307648 0.192711
0.572207 -1.35941 0.499 0.582956 0.242788 -0.756687 0.169237
-0.966992 0.513836 0.499 -0.765744 0.31529 0.118021 0.547996
2.49043 -0.453235 0.498714 -0.253286 -0.343262 -0.893249 0.141857
-1.81931 4.31455 0.499 -0.0220904 -0.46413 0.876298 -0.127271
-1.94422 -1.48264 0.499 -0.430589 -0.235459 0.343214 -0.800847
-1.65042 2.4351 0.499 -0.677166 -0.303818 0.318069 0.589893
-1.19363 3.53426 0.499 -0.604256 -0.729937 0.202431 -0.247162
-2.89944 2.53326 0.499 -0.318528 0.327301 0.31091 -0.833516
1.37553 -2.08954 0.499 -0.701817 0.153075 -0.104147 -0.687877
-0.880926 5.75806 0.499 -0.894916 -0.262541 -0.347771 -0.0961918
2.47492 -1.45467 0.500987 0.431992 0.620667 0.00448004 0.65432
-2.74835 -0.325486 0.499 0.521711 0.185613 -0.727981 -0.40424
-2.18163 3.29076 0.499 -0.558774 -0.363545 -0.501364 0.551581
-2.1314 1.53002 0.499 0.374888 0.24522 0.112084 -0.886997
4.05905 -0.207789 0.499 0.386333 0.72619 -0.209885 -0.52853
-4.20426 1.92608 0.499 -0.712389 -0.634384 -0.235261 0.18631
0.348016 -0.109495 0.499 0.864395 0.377679 0.26645 -0.197951
-3.86324 0.691644 0.499 -0.882096 -0.0318707 0.27375 -0.382037
4.71179 0.944338 0.499 0.176556 0.905213 0.240243 0.302822
-3.14383 1.39485 0.499 0.436123 -0.0075449 -0.864505 0.249739
2.32536 3.81055 0.499 0.489044 0.483238 0.715443 0.124336
-4.03813 3.01976 0.499 -0.380189 0.711155 0.580751 0.111547
3.09275 -2.24568 0.498627 0.403489 0.231225 0.490016 -0.737303
-2.15432 0.502208 0.499 -0.236037 0.658669 -0.674359 -0.235968
