51 1.42446 1.10041 1
-0.279379 2.64682 0.499 -0.238217 0.467058 -0.0694125 0.8487
0.466083 -2.4365 0.498961 -0.505654 0.12062 -0.0888833 0.849626
1.88962 0.229178 0.49898 0.839465 0.0736311 0.344729 -0.413567
1.95294 -0.807554 0.499 -0.504608 0.851557 -0.00223155 -0.142187
1.66514 2.74545 0.499 -0.194526 -0.926302 -0.0539297 -0.318146
-0.170296 -1.48133 0.499001 0.925257 0.245299 -0.236481 0.166747
1.77162 1.2343 0.499 -0.837259 -0.216305 -0.0463419 -0.500061
2.57501 2.20326 0.499 -0.61271 0.350337 -0.661268 0.254117
-0.328726 1.43649 0.498972 0.848837 -0.400375 -0.344816 -0.0166555
0.714562 -3.90608 0.499 0.965052 0.0285457 0.246058 -0.0855257
3.13914 3.15547 0.499 0.557831 -0.0738898 0.424656 -0.709248
1.41447 -1.93066 0.499 -0.308296 -0.302778 0.605284 0.668514
-0.573202 -0.539771 0.498867 -0.638593 -0.0712006 -0.757926 0.112596
0.989492 1.9924 0.499 -0.431307 0.469744 0.561065 -0.527751
0.109953 0.533115 0.499008 0.919442 0.0860311 -0.380054 -0.0527631
3.04552 0.311642 0.499 -0.26706 0.326631 0.746851 0.514008
-2.29875 -0.749621 0.499 -0.281469 -0.815531 0.432083 -0.262658
0.922752 -1.04959 0.499 -0.52363 0.59387 -0.390909 -0.469383
-2.51691 -1.98887 0.498984 -0.815298 0.366429 -0.27909 0.350896
3.71111 1.17369 0.499 0.689024 0.528079 0.495132 0.0349639
-1.34585 0.126515 0.499 -0.0170708 -0.635384 -0.602843 0.482261
4.04492 3.64519 0.499 -0.170839 -0.814879 -0.532278 0.153185
-1.34949 1.56005 0.499 0.170315 0.558399 0.794598 0.166728
1.25564 -3.05487 0.499039 0.82814 0.554065 -0.00523933 0.0846667
0.927145 -0.0445791 0.499039 0.175357 -0.881047 0.301227 -0.319793
