94.4 -0.682106 1.66575 1
0.375305 -0.776217 0.499218 -0.64843 0.225027 -0.605287 -0.40315
0.716597 1.08282 0.49661 0.670575 -0.22417 -0.501043 -0.499032
0.856106 0.0960538 0.498952 -0.183647 -0.386221 -0.86875 0.24976
-1.10757 -2.41212 0.49822 0.0919996 0.815538 0.130969 -0.556131
-2.93659 -2.1407 0.500284 -0.131936 -0.564506 -0.386392 0.717375
1.91533 0.611627 0.499 -0.297893 0.711591 -0.582092 0.257035
-0.80895 -0.400268 0.499027 0.0353142 -0.636065 -0.0757993 -0.767091
-1.77498 -1.66064 0.500531 0.595048 -0.755197 -0.0241974 -0.273881
2.54702 -3.01747 0.50416 -0.155428 -0.5686 0.554876 0.587068
-1.83002 -0.439563 0.499 0.287392 0.737314 -0.599167 -0.121545
1.06497 -3.13806 0.499 0.353593 0.512726 0.114257 -0.77397
0.0871982 -1.96627 0.499 -0.809482 0.222202 -0.533606 -0.103096
2.90669 -0.672602 0.497311 0.31473 0.863661 -0.0231345 0.393065
1.95594 -0.398243 0.500789 -0.600125 -0.685774 0.382026 -0.153688
1.93829 -1.8071 0.499 0.778438 -0.144502 0.136981 0.595307
-2.84678 -0.562074 0.498995 -0.538363 0.100961 -0.815692 -0.186063
-1.3114 0.475092 0.49903 -0.704249 -0.588612 -0.26686 0.29386
0.368729 2.02298 0.510272 -0.513313 0.81486 0.0349086 0.26701
-1.07067 2.16359 0.499 0.0801286 0.266679 -0.763127 0.58318
-2.51894 -3.057 0.498714 0.0230119 0.136094 -0.830874 0.539071
-1.21916 3.28291 0.499 0.00337138 -0.195603 -0.194837 0.961128
-4.49617 0.187304 0.499 -0.333828 -0.264476 0.824402 -0.37279
-0.13292 0.368121 0.499 -0.539609 0.0898671 -0.731382 -0.407218
-2.21263 0.928576 0.498942 -0.194521 0.0319355 0.23794 0.951066
2.9708 -2.01524 0.499 -0.383824 0.112591 0.0742977 -0.9135
