84.6 1.33401 -1.20848 1
1.25444 -0.279361 0.499037 0.684605 -0.0183023 0.673154 0.279009
0.0884675 1.29954 0.498998 -0.178445 0.0914742 0.214097 -0.956009
2.19491 -1.30734 0.499 -0.260504 -0.428807 -0.324037 -0.802036
1.06771 -3.20585 0.499 0.307754 -0.691832 0.649189 -0.072175
-0.986864 -2.76465 0.499 0.97876 -0.203656 0.0209339 0.0107346
-1.21855 3.33909 0.499 -0.593642 -0.401778 -0.28164 0.637842
0.886853 0.672264 0.499002 -0.707336 0.258898 -0.00367209 -0.657749
0.715982 -1.1217 0.498722 -0.306343 -0.890911 0.00447784 0.335278
3.69223 -0.253432 0.499 0.343224 0.0502154 0.888718 0.299759
-0.0874514 0.0163237 0.49901 -0.358336 -0.184017 -0.723871 -0.560128
3.59642 -1.64871 0.499 0.344269 -0.190327 0.145978 0.907714
2.33228 -2.48141 0.499 0.339113 0.776423 0.482575 0.222013
0.0327515 3.42461 0.499 -0.365098 -0.365752 -0.288555 0.806018
1.63977 1.44343 0.499056 -0.746772 -0.0380739 0.496317 0.441079
2.68273 -0.415817 0.499 0.589889 0.243512 -0.726383 -0.255148
-1.37978 -1.5955 0.499 -0.0676429 0.266366 -0.355088 0.893524
-0.808854 0.790251 0.499 0.485259 -0.0705031 0.868359 0.0742006
0.224789 2.29903 0.499 -0.801353 -0.416316 -0.419445 0.092627
-2.17847 2.27336 0.499 0.333168 0.162568 -0.10671 -0.922596
0.413966 -2.11118 0.499 0.947085 -0.153515 -0.0470438 -0.277939
-1.02401 1.93119 0.499 -0.335792 0.614612 0.704207 -0.116571
-0.918698 -0.578569 0.4991 -0.179731 0.449423 0.850248 -0.20687
1.91209 0.473857 0.499186 -0.744091 -0.60143 -0.28811 -0.0400325
-1.82295 -0.130628 0.499108 0.0604145 -0.554161 -0.793314 -0.244764
2.0233 2.55786 0.499 -0.379284 0.0081723 0.523064 0.763204
