27.6 1.51534 -0.971471 1
1.03022 -0.29601 0.499 0.407004 0.221947 -0.122979 -0.877476
2.37121 -0.437865 0.499 0.51555 -0.389874 -0.186749 -0.739818
1.25452 -5.40131 0.499 0.234129 -0.895752 -0.0792607 0.3695
1.70983 2.64287 0.499 0.663393 -0.67906 0.102661 -0.297066
1.79305 -1.46727 0.499 0.151352 -0.798213 -0.092173 -0.575719
0.358734 -4.3524 0.499 0.540401 -0.76733 -0.298543 -0.173332
1.29127 -3.93193 0.499 -0.408291 -0.495427 0.650009 -0.40662
1.53787 -2.89433 0.499 0.159282 -0.275178 0.674375 0.666427
0.325976 -1.06226 0.499 0.857191 -0.12605 0.312112 -0.389772
2.35745 -2.30921 0.499 0.697255 -0.566383 -0.0579174 -0.435536
0.44856 0.527029 0.499 0.584452 -0.693534 0.41763 0.0548799
2.1819 0.599807 0.499 -0.66051 -0.503386 0.496923 -0.251788
-0.466711 -3.7301 0.499 0.518027 -0.777065 -0.298521 0.196729
-0.760278 1.9769 0.499 0.803994 0.136542 0.224696 0.53335
0.555889 -2.16112 0.499 0.469739 -0.447097 0.678684 0.344729
3.28915 1.10862 0.499 0.651344 -0.262316 0.177117 0.689617
-0.767049 -0.624068 0.499 0.478473 -0.115203 -0.183694 -0.85091
0.858637 1.44402 0.499 -0.0869405 -0.780738 0.218384 0.578963
-0.78032 -2.73481 0.499 0.849577 -0.467549 0.233206 0.0723293
2.39955 1.58581 0.499 -0.340449 -0.570213 0.0369486 -0.746717
-0.404479 -1.74791 0.499 0.26442 -0.545455 0.739795 -0.292
2.95069 3.05579 0.499 0.128624 -0.894063 0.261957 0.339831
-0.817429 0.447097 0.499 0.128624 -0.894063 0.261957 0.339831
3.37397 -1.8804 0.499 0.334812 -0.893286 -0.25974 0.149925
0.559339 -3.24518 0.499 0.704768 -0.431495 0.322336 0.461751
