15.5 -0.412148 1.75218 1
3.12444 1.37018 0.499 -0.318765 0.352918 0.445584 -0.75848
4.71864 2.27598 0.499 -0.318765 0.352918 0.445584 -0.75848
2.32734 -2.76025 0.499 -0.318765 0.352918 0.445584 -0.75848
0.841829 4.73975 0.499 -0.318765 0.352918 0.445584 -0.75848
4.17343 1.37305 0.499 -0.31659 0.354874 0.444194 -0.759294
1.38799 -3.14177 0.499 0.0636932 -0.323645 0.685382 -0.64919
3.32298 -2.20671 0.499 0.0862804 0.801857 0.570597 -0.15492
3.83093 -1.30483 0.499 0.9335 0.339383 0.102766 -0.0532598
2.76764 0.195438 0.499 0.220035 0.546414 0.0466179 -0.806749
4.16279 -0.327621 0.499 -0.318509 0.514727 0.283798 -0.743685
0.225886 2.09482 0.499 -0.318765 0.352918 0.445584 -0.75848
0.769365 3.00062 0.499 -0.318765 0.352918 0.445584 -0.75848
0.383169 -3.05123 0.499 0.0442203 -0.40742 0.688132 -0.598772
-0.824838 5.64554 0.499 -0.318765 0.352918 0.445584 -0.75848
2.90321 -0.884774 0.499 0.530797 0.606531 0.363905 -0.466849
3.1969 3.18178 0.499 -0.318765 0.352918 0.445584 -0.75848
1.56647 0.391921 0.499 -0.318765 0.352918 0.445584 -0.75848
-0.245128 4.77598 0.499 -0.318765 0.352918 0.445584 -0.75848
-0.245128 -1.5646 0.499 -0.318765 0.352918 0.445584 -0.75848
0.262118 3.87018 0.499 -0.318765 0.352918 0.445584 -0.75848
1.88862 -0.874949 0.499 0.00271133 0.583414 0.559727 -0.588495
2.3998 3.83395 0.499 -0.318765 0.352918 0.445584 -0.75848
-1.36832 1.22525 0.499 -0.318765 0.352918 0.445584 -0.75848
4.70165 0.523075 0.499 -0.303617 0.328324 0.443924 -0.7765
1.16922 -2.11843 0.499 0.135474 0.0928241 0.53793 -0.826839
