76.5 -0.53754 -1.71786 1
-0.581213 -0.872568 0.499 0.53783 -0.756921 0.366 0.0620825
-3.4105 -0.106402 0.499 -0.388158 -0.380317 0.687439 0.481788
1.55366 -4.97158 0.499 0.940258 0.123898 0.281445 0.146128
-1.4954 -5.36379 0.499 -0.654172 -0.521048 0.244802 0.490551
-1.8536 -3.63378 0.499 -0.228915 -0.521452 0.724536 0.388244
-4.247 -0.856389 0.499 0.0980937 -0.439605 -0.753617 -0.478734
-1.35166 -0.171379 0.499 0.599437 0.2037 0.756819 -0.162502
1.29212 -1.60101 0.499 0.394648 -0.659415 -0.54186 -0.340311
2.40331 0.0223567 0.499 0.416671 -0.595794 0.339699 0.596674
-2.46722 -1.25333 0.499 -0.286957 -0.0888814 -0.937679 0.17468
3.67729 -0.582216 0.499 0.699735 0.396166 0.5879 -0.0882973
-0.392192 -4.94649 0.499 0.0774037 -0.373848 0.731229 -0.565288
-3.1192 1.5017 0.499 0.434488 -0.704154 -0.508126 -0.239157
1.88043 1.88282 0.499 0.169687 0.818142 0.430005 -0.341972
1.39448 0.0198022 0.499 0.790745 -0.351539 0.0809897 0.494554
0.443076 -2.7846 0.499 0.855538 -0.218616 0.438734 0.166658
-3.74359 -1.73513 0.499 -0.597149 -0.683318 -0.152834 -0.391321
-2.4075 -0.0537836 0.499 -0.159473 -0.602036 0.721856 0.301738
-4.60229 -2.68635 0.499 -0.713903 -0.277497 0.527118 0.368083
-0.80973 -3.61924 0.499 -0.383634 0.878645 0.261652 -0.111116
-4.42099 0.165279 0.499 -0.158763 0.634451 -0.0546144 0.754509
0.295102 -1.52298 0.499 0.383936 -0.566396 0.720691 -0.111322
0.947222 1.15413 0.499 0.530145 -0.691836 0.469184 0.142044
-1.39804 -2.20923 0.499 -0.206214 -0.671227 0.598543 -0.385586
-0.899005 1.0802 0.499 0.618462 0.698583 -0.337603 0.124542
