1.3 1.79986 0.0228057 1
3.75648 0.876076 0.499 0.999868 0.0162698 0.000102588 -5.58183e-07
5.35068 1.78187 0.499 0.999868 0.0162698 0.000102588 -5.58183e-07
2.95938 -3.25436 0.499 0.999868 0.0162698 0.000102588 -5.58183e-07
1.47387 4.24564 0.499 0.999868 0.0162698 0.000102588 -5.58183e-07
4.80721 0.876076 0.499 0.999868 0.0162698 0.000102588 -5.58183e-07
2.27097 -5.13842 0.499 0.999868 0.0162698 0.000102588 -5.58183e-07
4.87967 -2.71088 0.499 0.999868 0.0162698 0.000102588 -5.58183e-07
5.93039 -2.71088 0.499 0.999868 0.0162698 0.000102588 -5.58183e-07
3.86518 -0.935518 0.499 0.999868 0.0162698 0.000102588 -5.58183e-07
4.87967 -0.935518 0.499 0.999868 0.0162698 0.000102588 -5.58183e-07
0.85793 1.60071 0.499 0.999868 0.0162698 0.000102588 -5.58183e-07
1.40141 2.50651 0.499 0.999868 0.0162698 0.000102588 -5.58183e-07
1.22025 -5.13842 0.499 0.999868 0.0162698 0.000102588 -5.58183e-07
-0.192795 5.15144 0.499 0.999868 0.0162698 0.000102588 -5.58183e-07
4.37242 -1.84132 0.499 0.999868 0.0162698 0.000102588 -5.58183e-07
3.82894 2.68767 0.499 0.999868 0.0162698 0.000102588 -5.58183e-07
2.19851 -0.102185 0.499 0.999868 0.0162698 0.000102588 -5.58183e-07
0.386915 4.28187 0.499 0.999868 0.0162698 0.000102588 -5.58183e-07
0.386915 -2.05871 0.499 0.999868 0.0162698 0.000102588 -5.58183e-07
0.894162 3.37608 0.499 0.999868 0.0162698 0.000102588 -5.58183e-07
2.95938 -1.44276 0.499 0.999868 0.0162698 0.000102588 -5.58183e-07
3.03184 3.33984 0.499 0.999868 0.0162698 0.000102588 -5.58183e-07
-0.736273 0.731148 0.499 0.999868 0.0162698 0.000102588 -5.58183e-07
5.31445 0.00651068 0.499 0.999868 0.0162698 0.000102588 -5.58183e-07
1.90865 -3.21813 0.499 0.999868 0.0162698 0.000102588 -5.58183e-07
