41.4 1.72578 0.511565 1
-2.00596 3.63295 0.499 -0.133924 0.492307 -0.171324 0.842821
1.37269 -1.35074 0.499 -0.545562 0.257291 0.335113 0.723783
-0.906994 -0.433927 0.499 0.0833336 -0.566452 0.459492 -0.67901
2.96053 -0.370745 0.499 -0.203241 0.841438 0.488557 -0.109487
-1.13845 2.78292 0.498967 0.783268 0.113458 -0.353541 -0.498626
-1.8524 -2.16476 0.499 0.93152 0.311889 -0.177705 0.0584487
-1.16675 0.814699 0.499279 0.248207 -0.653869 0.386942 -0.600936
-0.708502 1.86377 0.499 0.436532 -0.318633 0.119274 -0.832878
-2.3429 1.01255 0.498672 0.708411 0.340729 0.528902 0.319875
2.06502 -2.13224 0.499 0.699719 0.661673 0.258674 -0.0753015
-1.0531 4.78802 0.499 0.780066 0.331138 0.228839 -0.479038
3.13638 -1.37977 0.499 -0.347883 -0.784949 0.491128 0.147054
-2.80729 -1.78162 0.499 -0.401803 0.394439 0.578273 0.5904
-1.93284 2.16084 0.499033 -0.617673 0.338466 0.330829 -0.628071
-1.84044 0.0768817 0.49871 0.479498 0.416339 -0.0565898 0.770416
5.95966 -1.04613 0.499 0.632574 0.650049 -0.419189 0.0395907
-3.75849 0.645761 0.499 0.00170682 0.0982832 0.224023 -0.969614
1.13701 -0.1688 0.499 0.145886 -0.523843 -0.582301 0.604343
-3.52551 -0.631311 0.498995 0.840197 -0.166886 0.334857 -0.392541
5.25791 0.164551 0.499 0.1542 -0.550282 0.796497 -0.197497
-2.85977 0.14922 0.498987 -0.988493 0.111561 0.072711 0.0717539
3.01084 3.47967 0.499 0.390156 -0.827621 -0.120151 0.38521
-3.3263 1.5892 0.499 0.40059 -0.474386 0.554175 0.554415
4.42103 -2.79472 0.499 0.847171 -0.0803272 -0.462492 -0.248897
-2.23304 -0.8405 0.499011 -0.0884073 -0.0256991 0.827671 0.553611
