17.6 -1.23003 1.31417 1
2.7835 1.22455 0.498794 -0.473014 0.049847 0.0165236 -0.879489
4.35381 2.08571 0.498624 -0.442855 0.0615689 0.069059 -0.891807
1.9196 -2.96529 0.499 -0.345252 0.0997276 0.142931 -0.922186
0.608142 4.61457 0.499 -0.418121 -0.0234692 -0.0540714 -0.906477
3.78211 1.26724 0.499501 -0.381515 0.101028 0.0226645 -0.918546
0.92033 -3.10127 0.499 -0.454387 -0.330163 0.374892 -0.73755
2.64823 -2.26292 0.499 0.316927 0.680567 0.519426 -0.408145
3.07529 -1.29599 0.499 0.966523 -0.0870464 0.0748098 -0.229476
2.25001 0.377513 0.499089 0.248184 0.125867 -0.51129 -0.813108
3.70883 -0.437269 0.499295 -0.371886 0.356452 -0.205135 -0.832203
-0.00780036 1.96965 0.499 -0.418121 -0.0234692 -0.0540714 -0.906477
0.535678 2.87544 0.499 -0.418121 -0.0234692 -0.0540714 -0.906477
-0.0529338 -2.84552 0.499 -0.518047 -0.418937 0.228716 -0.709795
-1.05852 5.52037 0.499 -0.418121 -0.0234692 -0.0540714 -0.906477
2.14875 -0.792061 0.499 0.74574 0.220776 0.115618 -0.617869
2.96321 3.0566 0.499 -0.418121 -0.0234692 -0.0540714 -0.906477
1.25544 0.262608 0.498919 -0.404529 0.0312197 -0.0275364 -0.913577
-0.478815 4.6508 0.499 -0.418121 -0.0234692 -0.0540714 -0.906477
-0.478815 -1.68978 0.499 -0.418121 -0.0234692 -0.0540714 -0.906477
0.0284315 3.74501 0.499 -0.418121 -0.0234692 -0.0540714 -0.906477
1.10373 -0.907323 0.499 0.269408 0.453967 0.335417 -0.780275
2.16611 3.70878 0.499 -0.418121 -0.0234692 -0.0540714 -0.906477
-1.602 1.10008 0.499 -0.418121 -0.0234692 -0.0540714 -0.906477
4.26603 0.392544 0.498768 -0.444723 0.123103 0.028607 -0.886707
0.883257 -1.9485 0.499 -0.06665 -0.438122 -0.00999722 -0.896386
