83.2 -0.779601 -1.62241 1
1.25419 0.445565 0.499323 0.619685 0.359835 0.696275 -0.0413584
-0.113384 1.58022 0.510583 -0.0991327 0.106288 0.296039 -0.944053
1.94757 -1.16728 0.499 0.748742 -0.632382 -0.144267 0.136619
0.370767 -2.67423 0.52575 0.56518 -0.55849 0.588077 0.151083
-1.56296 -2.76566 0.499 0.572316 0.755644 0.232799 -0.217394
-2.16834 2.61958 0.499 0.0226534 -0.544195 -0.666733 -0.50873
0.875666 1.37194 0.497547 0.0355175 -0.252668 -0.670713 -0.69645
0.767856 -0.59708 0.499 -0.0191702 0.0795815 -0.816048 0.572158
3.36606 0.209818 0.499 -0.663208 0.0241522 0.747536 0.0275976
0.21375 0.62255 0.500638 0.0586567 -0.0066085 -0.52365 -0.849886
3.33093 -0.934428 0.498997 -0.0134637 0.659039 0.342785 0.669316
1.73706 -2.18888 0.499 -0.274608 0.679304 0.621514 0.277229
-0.464736 3.54824 0.499 -0.920554 -0.332396 -0.189355 0.0789811
1.39243 2.32292 0.499147 -0.908699 0.0328954 -0.396817 0.125379
2.42982 -0.179115 0.499 0.797136 -8.97485e-05 0.165605 -0.580645
-1.19203 -1.37653 0.499 0.0728829 0.918121 -0.38434 0.0634416
-1.24408 0.580161 0.499 0.0194757 0.152212 0.276093 0.948802
0.412279 2.55451 0.498964 0.0633606 0.163636 -0.972054 0.15595
-2.0951 1.61826 0.505858 0.305036 -0.0629607 0.941571 0.12819
0.49312 -1.61705 0.498991 -0.141088 -0.139863 0.972162 -0.12423
-1.10095 1.76595 0.499137 -0.928426 -0.234012 0.283341 -0.0545937
-0.511872 -0.55043 0.499 -0.84926 -0.514112 -0.119969 -0.00729534
2.08716 1.04333 0.499 -0.0933255 -0.239101 -0.952579 0.163444
-1.86146 -0.502733 0.499 0.874732 0.0573082 -0.204698 -0.435498
1.09998 3.27389 0.498269 -0.629937 0.26809 0.728154 0.0331523
