56.8 1.0672 -1.44951 1
0.506685 2.34218 0.499 0.159892 0.826022 0.300296 0.449383
-0.614812 -2.79643 0.498999 0.421077 -0.798004 -0.14706 -0.405286
2.92734 -2.3759 0.499 -0.430512 0.801509 0.380657 -0.165357
2.14499 -3.08435 0.499 0.0314935 -0.362673 0.367514 -0.855809
1.51233 1.33941 0.499 0.024996 -0.780173 -0.0550451 -0.622636
-1.19183 -1.8828 0.499 -0.551031 0.287436 0.195257 -0.758696
1.43773 -0.641534 0.499 0.486366 -0.493086 -0.106882 -0.713366
2.80541 -1.22458 0.499 0.266286 0.733394 -0.134848 -0.610771
-0.0612763 -0.231187 0.499 0.296787 0.70177 0.149409 0.630169
-0.96213 -3.7818 0.498608 -0.568683 -0.0511612 0.37608 0.729757
2.71786 -0.0918039 0.499 -0.116377 -0.312714 0.822658 0.460326
0.918616 -3.22354 0.499 0.414086 0.175064 -0.75739 0.473546
-1.44061 -0.887717 0.499 -0.597075 -0.682219 -0.421596 0.0183281
0.890574 0.333386 0.499 -0.218091 -0.871167 0.437861 0.0422204
-0.416563 -1.24834 0.499 -0.502206 0.677036 0.164542 0.512189
4.41883 -3.37051 0.499 -0.188919 -0.517529 -0.244168 0.798032
-1.92605 -3.40443 0.499 0.366227 0.855242 -0.292695 0.220837
0.319593 -2.37563 0.49907 0.0778623 -0.820421 -0.543487 0.159587
-2.60347 -4.27927 0.499 -0.221433 0.963007 0.0938557 0.121558
3.98559 -2.26163 0.499 -0.172606 0.224835 0.871567 0.400033
-2.33126 -1.38895 0.499 0.0773777 0.470503 -0.225277 -0.849641
1.8203 2.71163 0.499 0.272028 -0.392447 -0.848816 0.226929
-1.23857 0.103063 0.499 0.541985 -0.157407 -0.265521 -0.781648
0.032339 -3.85083 0.499392 -0.844903 0.193904 0.488972 -0.0971949
0.59589 -1.35652 0.499 0.799505 -0.242135 0.533145 -0.13386
