73.6 -0.324675 1.77048 1
1.95531 -0.963319 0.50955 -0.550919 0.120083 0.0834247 -0.82165
-1.31777 -0.436725 0.499497 -0.0375384 -0.302866 -0.790626 -0.530823
1.97447 -3.14973 0.499724 -0.0536702 0.463398 -0.398634 0.789603
-0.424748 -2.86862 0.499 -0.907466 0.271842 0.130951 0.292334
0.830726 -1.9786 0.498294 -0.622426 -0.114709 -0.654079 0.414255
-2.93348 -1.40568 0.509863 0.177099 0.490251 0.385594 0.761319
0.965766 -0.734985 0.498985 -0.0481053 0.0497606 -0.560044 0.825567
3.65862 -1.76268 0.559287 -0.252874 0.208562 0.787868 0.521364
2.2065 0.09542 0.503219 -0.240851 0.354763 -0.901274 0.0619668
-1.43783 -1.48814 0.498998 0.572901 0.0558646 0.714667 0.397385
2.89765 1.26837 0.499 0.646111 -0.498053 -0.464083 0.345124
0.912334 -3.02541 0.498996 0.224263 0.413804 0.859112 0.200993
-2.20798 0.340283 0.499 -0.527466 0.100808 0.763071 0.359638
1.84475 1.06705 0.499 -0.0965678 -0.260744 0.685221 0.673171
1.07029 0.259933 0.499 -0.699942 -0.475744 -0.420965 0.326402
3.15497 -2.62531 0.499162 -0.907794 -0.106064 -0.377015 -0.150066
-2.24206 -2.17185 0.498176 0.856844 0.339296 0.322021 -0.216795
-0.317173 -0.454291 0.498503 -0.250532 -6.91665e-05 -0.83352 0.492421
-2.20779 -3.1694 0.499825 0.443124 0.618699 -0.482771 -0.433342
1.79087 -2.17196 0.495975 -0.690826 -0.652739 -0.0539289 0.30624
-2.98774 -0.405748 0.499 -0.307541 0.18186 0.867304 -0.346598
2.66468 -1.70267 0.499664 0.564197 0.384212 -0.716066 0.145987
-0.322328 1.62786 0.499 -0.817736 0.495725 0.291907 -0.0188643
-0.00262883 -1.46817 0.500427 0.335102 0.0875639 -0.701852 0.622449
-1.03839 0.569713 0.499019 -0.409479 -0.33348 0.835275 0.153079
