75.4 -1.73963 -0.462261 1
0.137815 -0.785982 0.499 0.168635 0.372323 -0.376677 0.831295
-2.76439 -0.130964 0.498691 0.131106 0.0228626 -0.592569 0.794449
1.54422 -4.20649 0.499 0.542957 0.769864 0.236948 0.237411
-1.13972 -4.267 0.499 -0.736102 -0.318267 -0.295658 0.519083
-0.960023 -2.87031 0.4989 -0.505802 -0.468035 -0.091994 0.71878
-3.91155 -0.940282 0.499 0.654405 0.376806 -0.0597621 -0.65284
-0.763302 -0.261644 0.499 -0.317412 0.803418 0.405378 0.299059
2.0058 -1.44661 0.499012 0.817588 0.143475 -0.367178 0.419697
2.18911 0.199107 0.499 0.576795 0.143563 -0.460659 0.659159
-2.1309 -1.25899 0.499 -0.00739434 0.457836 -0.375322 -0.805894
3.27778 0.291836 0.499 0.767215 0.554407 0.322502 -0.00234553
-0.0958248 -4.05845 0.499 -0.355668 -0.242213 0.895136 0.116464
-2.83438 1.19375 0.499 0.56535 0.707935 -0.389589 0.165613
1.75326 1.7366 0.499 -0.532374 0.59485 0.53091 0.284368
1.09028 0.461448 0.499 0.93941 -0.0732767 -0.246872 0.226258
1.20245 -2.60974 0.499 -0.147596 0.653496 0.249372 0.699266
-3.3101 -1.74088 0.499 0.479296 -0.792513 0.284587 0.247403
-1.76946 -0.0300969 0.499309 -0.0714818 -0.68898 -0.208623 0.690415
-3.87119 -2.7378 0.499 -0.233091 -0.737353 -0.633788 -0.0170958
0.0302126 -3.01772 0.4991 -0.868704 0.19675 -0.416499 -0.182131
-3.78948 0.0962884 0.499 -0.896992 0.303388 -0.305719 0.0994816
1.00958 -1.35998 0.498988 0.215076 0.554174 0.779168 0.198821
0.437565 1.23599 0.499 0.670176 -0.302987 -0.56148 0.379215
-1.09783 -1.78955 0.499 0.298158 -0.704427 0.242155 0.596863
-1.07924 1.05714 0.499 -0.333149 0.882438 0.0402552 0.329689
