18.8 -1.58747 0.848497 1
2.3453 1.0038 0.499007 -0.64732 0.233359 -0.14724 -0.710522
3.90568 1.7408 0.499 -0.511479 0.202241 -0.00235724 -0.835154
1.66073 -3.1728 0.499602 -0.280207 0.0875042 -0.127555 -0.947395
0.506019 4.4815 0.499 -0.384655 -0.111595 -0.445475 -0.800712
3.34878 0.877621 0.499 -0.236742 0.183446 0.000724036 -0.954097
0.627918 -3.17324 0.499 -0.660569 -0.124307 0.0777463 -0.73631
2.29236 -2.39886 0.498406 0.545835 0.510495 0.404024 -0.527469
2.60068 -1.44784 0.498994 0.87797 -0.315022 -0.101195 -0.34596
1.81393 0.153708 0.498981 0.331916 0.213331 -0.643239 -0.656175
3.32443 -0.742624 0.498999 -0.383567 0.427931 -0.310835 -0.757056
-0.109923 1.83658 0.499 -0.384655 -0.111595 -0.445475 -0.800712
0.433555 2.74237 0.499 -0.384655 -0.111595 -0.445475 -0.800712
-0.32374 -2.7833 0.499973 -0.705605 -0.14877 -0.183697 -0.668015
-1.16065 5.3873 0.499 -0.384655 -0.111595 -0.445475 -0.800712
1.74805 -0.847492 0.499002 0.773808 -0.0680127 -0.168897 -0.606688
2.86109 2.92353 0.499 -0.384655 -0.111595 -0.445475 -0.800712
0.818783 0.0528103 0.499011 -0.520016 0.194999 -0.229523 -0.799298
-0.580938 4.51774 0.499 -0.384655 -0.111595 -0.445475 -0.800712
-0.582167 -1.81904 0.498027 -0.384094 -0.114253 -0.442621 -0.802188
-0.0736916 3.61194 0.499 -0.384655 -0.111595 -0.445475 -0.800712
0.692282 -0.965805 0.499 0.493418 0.333372 0.0263851 -0.802936
2.06399 3.57571 0.499 -0.384655 -0.111595 -0.445475 -0.800712
-1.70413 0.96701 0.499 -0.384655 -0.111595 -0.445475 -0.800712
3.94774 0.062586 0.499 -0.449259 0.149763 -0.104264 -0.874566
0.741156 -1.97626 0.499 -0.183579 -0.541081 -0.427612 -0.700484
