33.5 -0.960353 1.52241 1
-0.870157 1.13409 0.499 -0.266356 0.850857 -0.440074 0.106918
0.989775 -0.146884 0.499003 0.501333 0.26725 -0.761258 0.312617
-0.455486 -2.84052 0.499 -0.165066 -0.832246 0.520727 -0.0946716
1.42136 1.62247 0.498999 -0.130422 -0.378501 -0.904133 0.149232
-0.422828 0.234001 0.499 -0.124749 -0.507924 0.567557 -0.635869
-1.54253 -2.92357 0.499 0.198188 -0.36829 0.102412 -0.90255
-0.58887 -1.75313 0.499 -0.690829 -0.142394 0.680516 0.198437
-0.190229 -0.738598 0.499 0.476254 -0.58653 0.577826 -0.308678
-1.73509 0.0355266 0.499 0.113494 0.586763 -0.121264 -0.792542
1.32852 -1.08785 0.498997 -0.378776 -0.262586 -0.822845 -0.332421
-1.13974 2.15486 0.499 0.604374 -0.142071 0.29203 -0.727507
1.66024 0.600511 0.499 0.270921 0.889182 0.0535324 -0.364816
-2.80633 -3.00559 0.499 0.634696 0.00761586 0.626482 -0.452352
-2.25116 2.07178 0.499 -0.119215 -0.545968 -0.693109 -0.455309
-1.55267 -0.991256 0.499 0.916043 -0.0351447 0.0225571 -0.3989
3.69755 0.718707 0.499 -0.33256 -0.916834 -0.0921205 -0.20083
-3.12225 0.0150047 0.499 -0.881327 0.39846 -0.225789 -0.11624
0.696921 0.931002 0.499001 -0.241508 -0.263922 0.659828 -0.660792
-2.84928 -1.99386 0.499 0.0454932 0.461263 -0.451561 -0.762404
2.88826 1.50949 0.499 -0.153606 0.880029 -0.312851 -0.322612
-2.71609 -1.00129 0.499 0.230543 0.824569 0.489037 -0.166671
2.24306 3.76834 0.499 -0.0203944 0.36715 0.665808 -0.649219
-2.14489 0.955304 0.499 0.332329 0.639382 0.659045 -0.215427
2.74226 -1.83323 0.499 -0.91049 -0.282114 0.119508 -0.277736
-1.82946 -1.96284 0.499 0.878466 0.413832 -0.212847 -0.108335
