119.8 1.79135 0.176218 1
-0.956135 -1.82293 0.499048 0.0369183 0.980807 0.0927896 -0.167463
1.04884 2.58201 0.498977 -0.243284 -0.234904 -0.501247 0.796482
3.91181 3.27374 0.499 0.205694 -0.279595 0.937435 0.0270777
1.5973 1.72407 0.49899 -0.848325 0.348659 -0.316251 0.242418
3.92148 -0.267689 0.499 0.176609 -0.798691 0.557477 -0.141851
-0.28637 1.82572 0.499 -0.886207 0.360468 -0.286997 0.0482995
-2.03179 -1.25509 0.499 -0.485959 0.775947 0.356437 -0.186288
0.0590289 -0.352014 0.499 -0.163332 -0.935973 0.304955 -0.0654153
-3.35844 -0.699087 0.499 0.439677 -0.348185 -0.0249805 0.827543
2.30153 2.7106 0.499 -0.181906 -0.53782 -0.562469 0.601073
-0.944734 -0.787526 0.499 0.255242 -0.301723 0.893275 -0.214183
2.9502 1.52418 0.499 0.978298 0.0165693 -0.0812839 0.189874
2.42465 -3.50716 0.499 -0.316661 -0.938218 -0.0421267 0.133036
-2.85283 -1.85593 0.496328 -0.740766 -0.613024 -0.171102 0.214924
-2.90991 0.247602 0.499 0.106527 -0.353354 0.905236 -0.21057
-2.04644 0.834003 0.499001 0.596421 -0.427543 0.594302 0.329083
-1.07526 0.255706 0.499572 0.62917 0.770597 -0.0543582 -0.0858452
-1.42015 2.91119 0.499 0.664727 0.626045 0.140586 0.382677
3.28728 2.48198 0.499 -0.376051 -0.581521 0.0715401 0.717845
-1.95854 -0.198625 0.498423 0.528938 -0.653417 0.461516 -0.283325
0.242742 0.836191 0.499 -0.361819 -0.504199 -0.546345 -0.562474
-1.14949 1.28494 0.499 -0.55252 0.178585 0.45657 -0.674072
1.15783 0.283773 0.499 -0.0521682 0.5704 0.73686 -0.359109
5.03035 -1.52207 0.499 -0.0266892 -0.169102 -0.25959 -0.950424
0.0217412 -1.47084 0.498871 0.45288 0.371444 -0.0934484 -0.805107
