35.3 -1.79435 0.142473 1
-1.54215 1.3748 0.499 0.86776 -0.0115713 -0.224236 0.44337
0.636473 -0.659877 0.499 0.875963 -0.375453 -0.164524 0.254275
-1.12823 -2.57453 0.499 -0.815054 0.432828 0.160373 -0.350183
1.35288 0.829692 0.499 0.351939 -0.404416 -0.363935 0.761668
-1.01184 0.484862 0.499 -0.533166 0.0461179 -0.750912 -0.38696
-2.22654 -2.97174 0.499 -0.360412 -0.37661 -0.812467 -0.261084
-1.2392 -1.45091 0.499 -0.114143 0.677569 0.00613683 -0.726522
-0.721522 -0.474305 0.499 -0.801553 -0.0766602 -0.0233997 -0.592527
-2.30916 -0.101482 0.499 0.481508 -0.0988662 -0.832816 -0.254543
1.0684 -1.56189 0.499 -0.0858633 -0.095363 -0.756775 0.640957
-1.7557 2.49057 0.499 -0.319741 -0.649127 -0.669351 -0.168432
1.57996 -0.147119 0.499 0.578915 0.119365 -0.0627953 -0.804155
-3.82772 -3.23975 0.499 0.363823 -0.611594 -0.268977 -0.649027
-3.07689 1.8787 0.499 -0.59454 -0.177232 -0.617873 0.483057
-2.21624 -1.17947 0.499 0.190449 -0.856013 -0.20871 -0.432911
3.79976 -0.0120573 0.499 -0.570184 -0.386689 -0.178079 0.702602
-3.88284 -0.360496 0.498978 -0.193707 0.833827 -0.381009 0.349346
0.373833 0.362602 0.499 -0.547198 -0.52416 -0.173404 -0.629096
-3.75068 -2.24267 0.499 0.120332 0.0450777 -0.987775 0.0882552
3.01497 0.8744 0.499 0.598862 0.0978876 -0.575445 -0.548312
-3.48349 -1.27724 0.499022 0.807745 0.122418 0.13447 -0.560786
2.00479 3.37391 0.499 -0.153943 -0.0119137 -0.299561 -0.9415
-2.88176 0.743108 0.499 0.649282 -0.0447988 0.0499962 -0.757579
2.71156 -2.38095 0.499 -0.680153 0.318803 -0.637393 0.171716
-2.71754 -2.0867 0.499 0.645847 -0.71379 -0.264951 0.0564509
