38.6 0.32045 -1.77125 1
-1.73278 1.9924 0.499 -0.471231 0.508652 0.352012 -0.628731
1.09504 -1.63764 0.499 -0.165028 -0.156716 0.101585 -0.968445
-1.32022 -1.91058 0.499 0.287016 -0.789667 -0.416809 0.34687
2.28288 -0.423745 0.499 0.484184 -0.793544 0.216742 -0.298122
-1.05034 1.12107 0.499 0.378342 -0.697404 0.498201 0.349687
-2.27741 -3.11168 0.499 0.0400862 -0.212854 0.850285 0.47969
-1.15298 -0.840219 0.499 -0.463707 -0.697643 -0.248205 0.486481
-0.654193 0.186533 0.499 0.554645 -0.491175 -0.0254726 0.671168
-2.32026 -0.176364 0.499 -0.556933 -0.459724 0.685749 -0.0907153
1.66784 -2.47446 0.499 -0.00501505 -0.874213 0.451742 0.177922
-1.8436 3.28235 0.499 0.634121 -0.00872482 0.735697 0.237832
2.48224 -1.41798 0.499 -0.323801 0.367197 -0.757329 -0.432171
-4.65886 -3.6076 0.500207 -0.425781 0.193399 0.751588 0.465213
-3.54937 1.70101 0.499 0.87285 -0.179131 0.434807 -0.130338
-2.42618 -1.31364 0.499 -0.303324 0.5544 0.712119 0.305813
5.02852 -1.17549 0.499 0.0322567 -0.402302 0.699601 0.589636
-4.26918 -0.797179 0.499 0.299705 -0.892895 -0.195636 -0.273206
0.846986 -0.528898 0.499 -0.495185 0.716735 0.427925 0.240754
-4.39011 -2.63894 0.499 0.204528 -0.40493 0.823992 -0.339466
4.28865 -0.113637 0.499 -0.349996 -0.423504 -0.782034 -0.294227
-3.82939 -1.79026 0.499 -0.939422 0.0267388 -0.323642 -0.109667
2.60933 2.82711 0.499 -0.801888 0.204784 -0.170968 0.534611
-3.19134 0.530381 0.499 -0.97159 0.0583375 0.0474166 0.224415
3.69664 -3.20881 0.499 -0.0715168 -0.23672 0.0982229 0.963951
-3.02282 -2.42862 0.499 -0.472823 0.367039 0.673521 -0.433694
