115.2 -1.01033 1.48971 1
-1.14905 -2.14204 0.498997 0.0328859 0.777856 -0.255989 -0.573
-0.418113 3.10247 0.499 0.383636 0.373849 0.536737 0.6519
2.3911 1.70735 0.499 -0.18033 -0.149202 -0.519353 -0.821884
-1.38451 0.757027 0.499 -0.362287 0.498463 0.0102841 0.787513
1.13518 -0.386318 0.499 0.228794 -0.457635 -0.859132 -0.0108106
-1.61643 4.46031 0.499 0.560621 -0.177423 0.326313 0.740098
-1.91707 -1.48443 0.499003 0.402118 -0.866123 0.29041 -0.0615936
-1.98941 1.78254 0.498998 -0.373589 -0.202777 0.763509 -0.486176
-3.03084 -1.7502 0.499 -0.233196 -0.0785717 -0.434341 -0.866484
-0.0478787 0.695339 0.499 0.730072 -0.0549931 0.373453 0.569652
-2.55998 0.661282 0.499 0.454041 0.729897 0.439011 0.261469
-0.0190232 -0.324075 0.499 -0.310194 -0.761165 0.434081 0.368758
2.64255 -2.05368 0.499 -0.0882869 0.984631 0.129328 0.0773453
-2.43288 -2.66638 0.499 0.715692 0.643941 -0.059936 -0.263691
-2.97773 1.60808 0.499002 -0.211884 -0.143946 -0.568501 0.781787
-4.41399 1.43775 0.499 -0.0603438 0.879699 0.358304 -0.30677
-1.87789 3.46181 0.499 0.182987 0.00312348 0.590247 -0.786202
-2.72026 4.47276 0.499 0.417155 0.272456 -0.55 0.67026
1.18363 1.19921 0.499 -0.658336 0.580518 0.287297 -0.383475
-2.54991 2.63507 0.499 -0.673498 0.104304 -0.600906 -0.417652
-1.03345 2.10013 0.499 0.557454 0.666649 0.255768 -0.423564
-3.87522 2.51733 0.499 -0.822572 -0.457863 0.281144 -0.186268
-0.357466 -1.31976 0.499 0.212249 -0.61198 -0.692544 0.317512
1.45133 -1.41308 0.499 -0.163721 -0.639671 -0.0155635 -0.750849
-1.93943 -0.386789 0.498996 0.41491 -0.8102 0.0452875 0.411552
