46.4 -1.62927 -0.765166 1
-4.16754 4.40529 0.562957 -0.0416069 -0.852699 0.168398 -0.492764
0.0271705 -2.28917 0.499 0.495594 -0.846311 0.174719 -0.0872859
-0.691937 0.378593 0.499 0.960105 0.0350031 -0.276547 -0.0222341
1.29785 -0.707942 0.499 -0.0304105 -0.702784 0.168056 0.690599
-2.14581 4.4528 0.52168 -0.240157 0.727366 -0.637836 -0.0801797
-1.68167 -1.85764 0.499 -0.401058 0.32416 -0.470415 0.716089
-1.66951 2.71264 0.499 0.827819 0.534735 -0.0639037 -0.157129
-1.39091 3.78475 0.54781 0.39978 0.738342 0.130002 0.527377
-3.16245 2.80973 0.499 -0.184564 -0.0810144 -0.528377 0.824737
0.637417 -3.08887 0.499 -0.0266785 0.239015 -0.948737 0.205082
-0.616986 4.45012 0.499102 0.198518 0.707382 -0.192714 0.650433
0.982011 -1.72522 0.499 0.853197 -0.453011 0.0574988 -0.252051
-2.41501 -0.107235 0.499 -0.707904 -0.360744 0.606746 0.0243833
-2.38653 3.44055 0.499 0.695362 0.120703 0.684245 0.183609
-2.11721 1.7742 0.499 -0.778103 -0.16127 -0.240558 0.557386
2.20272 -0.0905234 0.499 -0.239621 -0.653087 -0.167199 0.698644
-4.26204 2.10706 0.499 0.594309 0.512905 0.533972 0.314005
-0.0209422 -1.05628 0.499 0.122571 -0.738595 -0.0180274 -0.662668
-3.8807 0.849777 0.499 0.533629 0.196486 -0.225434 0.791083
3.02873 0.556706 0.499 -0.352056 -0.223313 -0.881479 -0.221774
-3.08238 1.47097 0.499 -0.120966 -0.545145 0.800211 -0.218739
2.05195 3.11445 0.499 0.108185 0.0576872 -0.258864 -0.958101
-4.33627 3.33871 0.499 0.462902 -0.229621 -0.85615 0.00174299
1.6484 -3.0933 0.499 -0.00756759 0.210738 -0.923474 -0.320513
-1.76263 0.654531 0.499 0.14807 -0.904556 0.212428 0.338716
