15.4 -0.371435 1.76126 1
3.13607 1.37278 0.499 -0.307953 0.372748 0.459576 -0.744993
4.73027 2.27857 0.499 -0.307953 0.372748 0.459576 -0.744993
2.33897 -2.75766 0.499 -0.307953 0.372748 0.459576 -0.744993
0.853461 4.74234 0.499 -0.307953 0.372748 0.459576 -0.744993
4.18537 1.37514 0.499 -0.306154 0.374351 0.458417 -0.745644
1.40312 -3.15158 0.499 0.0927465 -0.3114 0.692927 -0.643646
3.3608 -2.20602 0.499 0.0818716 0.800545 0.575055 -0.147434
3.86741 -1.30861 0.499 0.929777 0.350981 0.10148 -0.0450347
2.79249 0.181351 0.499 0.220337 0.563311 0.0701463 -0.793228
4.18063 -0.329992 0.499 -0.307794 0.524065 0.306392 -0.732627
0.237519 2.09741 0.499 -0.307953 0.372748 0.459576 -0.744993
0.780998 3.00321 0.499 -0.307953 0.372748 0.459576 -0.744993
0.398683 -3.06324 0.499 0.073633 -0.395209 0.696868 -0.593939
-0.813205 5.64814 0.499 -0.307953 0.372748 0.459576 -0.744993
2.93964 -0.892555 0.499 0.521548 0.617778 0.368798 -0.458613
3.20853 3.18437 0.499 -0.307953 0.372748 0.459576 -0.744993
1.5781 0.394516 0.499 -0.307953 0.372748 0.459576 -0.744993
-0.233495 4.77857 0.499 -0.307953 0.372748 0.459576 -0.744993
-0.233495 -1.56201 0.499 -0.307953 0.372748 0.459576 -0.744993
0.273751 3.87278 0.499 -0.307953 0.372748 0.459576 -0.744993
1.9265 -0.876773 0.499 -0.00513136 0.587985 0.563053 -0.580706
2.41143 3.83654 0.499 -0.307953 0.372748 0.459576 -0.744993
-1.35668 1.22785 0.499 -0.307953 0.372748 0.459576 -0.744993
4.71201 0.524378 0.499 -0.293792 0.350069 0.458433 -0.762218
1.18335 -2.12988 0.499 0.143574 0.120281 0.550522 -0.813538
