3.4 1.79324 0.155842 1
3.75459 0.91409 0.499 0.993801 0.111066 0.00481401 -0.000179106
5.34879 1.81989 0.499 0.993801 0.111066 0.00481401 -0.000179106
2.95749 -3.21634 0.499 0.993801 0.111066 0.00481401 -0.000179106
1.47198 4.28366 0.499 0.993801 0.111066 0.00481401 -0.000179106
4.80532 0.91409 0.499 0.993801 0.111066 0.00481401 -0.000179106
2.26857 -5.06418 0.499022 0.99717 0.0750359 0.00416868 -0.0020149
4.87778 -2.67287 0.499 0.993801 0.111066 0.00481401 -0.000179106
5.9285 -2.67287 0.499 0.993801 0.111066 0.00481401 -0.000179106
3.86329 -0.897504 0.499 0.993801 0.111066 0.00481401 -0.000179106
4.87778 -0.897504 0.499 0.993801 0.111066 0.00481401 -0.000179106
0.856041 1.63873 0.499 0.993801 0.111066 0.00481401 -0.000179106
1.39952 2.54453 0.499 0.993801 0.111066 0.00481401 -0.000179106
1.21784 -5.06418 0.499022 0.99717 0.0750359 0.00416868 -0.0020149
-0.194684 5.18945 0.499 0.993801 0.111066 0.00481401 -0.000179106
4.37053 -1.8033 0.499 0.993801 0.111066 0.00481401 -0.000179106
3.82706 2.72568 0.499 0.993801 0.111066 0.00481401 -0.000179106
2.19662 -0.0641705 0.499 0.993801 0.111066 0.00481401 -0.000179106
0.385026 4.31989 0.499 0.993801 0.111066 0.00481401 -0.000179106
0.385026 -2.02069 0.499 0.993801 0.111066 0.00481401 -0.000179106
0.892273 3.41409 0.499 0.993801 0.111066 0.00481401 -0.000179106
2.95749 -1.40475 0.499 0.993801 0.111066 0.00481401 -0.000179106
3.02995 3.37786 0.499 0.993801 0.111066 0.00481401 -0.000179106
-0.738162 0.769163 0.499 0.993801 0.111066 0.00481401 -0.000179106
5.31256 0.0445251 0.499 0.993801 0.111066 0.00481401 -0.000179106
1.90677 -3.18011 0.499 0.993801 0.111066 0.00481401 -0.000179106
