25.1 0.0226657 -1.79986 1
1.18481 -0.180624 0.499 0.505357 -0.694439 0.0727733 0.507024
2.55324 -0.131072 0.499 0.12294 -0.415275 -0.0216223 0.901091
1.18192 -5.1448 0.499 -0.607709 0.348185 0.139383 0.700021
1.10712 3.14254 0.499 -0.4579 -0.561002 -0.320273 0.610762
2.0731 -1.22835 0.499 -0.327219 -0.0908248 -0.178699 0.923442
0.308745 -4.21662 0.499 -0.194029 -0.167992 0.0856029 0.962706
1.25871 -3.90166 0.499 -0.697096 -0.156145 -0.691347 0.108235
1.49289 -2.89027 0.499 -0.904111 0.280341 0.306476 -0.100321
0.541726 -1.14006 0.499 -0.523414 -0.661639 0.491531 0.21603
2.33609 -2.31065 0.499 -0.142811 -0.592207 0.171941 0.774166
0.16179 0.576579 0.499 -0.691449 -0.521147 0.189902 0.462862
1.62402 0.74909 0.498993 -0.756056 0.00602016 -0.626433 -0.189539
-0.592841 -3.77985 0.499 -0.163315 -0.0184283 0.351528 0.921638
-1.00583 2.78443 0.499 -0.639116 -0.428714 0.623244 -0.138932
0.678512 -2.16964 0.499 -0.954035 0.016639 0.269172 0.130712
2.47532 1.29229 0.499019 -0.28001 -0.346333 0.782891 0.434431
-0.495436 -0.82972 0.499 0.296788 -0.737256 0.165698 0.583879
0.226358 2.15501 0.499 -0.529209 0.709505 0.465081 0.0154905
-0.808547 -2.78074 0.499 -0.49652 -0.350225 0.589848 0.531874
1.45151 1.7656 0.499 -0.510844 -0.254228 -0.803755 -0.168476
-0.290357 -1.8941 0.499 -0.863934 -0.38803 -0.0805904 0.310734
2.52418 2.81901 0.499 -0.632556 -0.154643 0.152742 0.74339
-1.24394 0.210313 0.499 -0.632556 -0.154643 0.152742 0.74339
3.36236 -1.7129 0.499 -0.375713 0.193369 0.147644 0.894231
0.539026 -3.19329 0.499 -0.640265 0.081994 0.737263 0.199449
