17 -1.01136 1.48901 1
2.95323 1.29497 0.499 -0.414327 0.0658257 0.124319 -0.899191
4.54743 2.20077 0.499 -0.414327 0.0658257 0.124319 -0.899191
2.05956 -2.87937 0.499 -0.363169 0.144402 0.248428 -0.886307
0.670619 4.66454 0.499 -0.414327 0.0658257 0.124319 -0.899191
3.95617 1.36192 0.499 -0.411817 0.108427 0.101402 -0.899093
1.07795 -3.08185 0.499 -0.325909 -0.374698 0.488995 -0.717125
2.82699 -2.23312 0.499 0.223427 0.750087 0.539474 -0.310513
3.2869 -1.28431 0.499 0.975825 0.0700098 0.101305 -0.180558
2.39812 0.370461 0.499 0.22257 0.215225 -0.372638 -0.874804
3.86486 -0.358451 0.499 -0.384688 0.378202 -0.0890077 -0.837291
0.0546765 2.01961 0.499 -0.414327 0.0658257 0.124319 -0.899191
0.598155 2.92541 0.499 -0.414327 0.0658257 0.124319 -0.899191
0.0945689 -2.89544 0.499 -0.380651 -0.477012 0.408842 -0.678537
-0.996048 5.57033 0.499 -0.414327 0.0658257 0.124319 -0.899191
2.36002 -0.804351 0.499 0.688801 0.360925 0.221742 -0.588318
3.02569 3.10657 0.499 -0.414327 0.0658257 0.124319 -0.899191
1.39526 0.316711 0.499 -0.414327 0.0658257 0.124319 -0.899191
-0.416338 4.70077 0.499 -0.414327 0.0658257 0.124319 -0.899191
-0.416338 -1.63981 0.499 -0.414327 0.0658257 0.124319 -0.899191
0.0909084 3.79497 0.499 -0.414327 0.0658257 0.124319 -0.899191
1.32369 -0.883873 0.499 0.173285 0.498646 0.435469 -0.729171
2.22859 3.75874 0.499 -0.414327 0.0658257 0.124319 -0.899191
-1.53953 1.15004 0.499 -0.414327 0.0658257 0.124319 -0.899191
4.42659 0.4767 0.499 -0.427365 0.136716 0.131606 -0.883939
0.960671 -1.98285 0.499 -0.00132942 -0.312731 0.198001 -0.928974
