63.6 0.773524 -1.62532 1
0.0915967 2.88006 0.499 -0.205783 0.10869 0.941305 -0.24451
-1.92955 1.15464 0.498986 0.215779 0.534744 0.689203 0.438734
0.585982 -0.110108 0.498979 0.359078 -0.0988531 -0.448297 0.812601
0.581014 -2.19802 0.499 -0.45019 0.183154 -0.120805 -0.865557
0.605736 1.79976 0.499 -0.254071 0.406768 -0.548215 0.685163
-2.87851 0.304121 0.498999 -0.205052 0.153618 -0.283121 0.924228
0.0338938 0.76167 0.499 0.744341 0.528948 0.00797986 0.407562
1.71635 1.26888 0.499 0.154149 -0.567503 -0.80872 -0.0122677
-1.04914 3.29473 0.499 0.826826 -0.342955 -0.0458703 -0.443436
-1.9212 -0.0265561 0.499 0.758585 0.108939 -0.615426 0.184209
2.15749 2.53275 0.519998 0.159099 -0.425088 -0.863682 -0.219183
0.0548555 -1.27857 0.499 -0.543613 -0.206962 -0.251121 0.773686
-3.96912 0.626714 0.50966 -0.307342 0.937647 0.0656087 -0.14851
-0.719752 1.49167 0.499 -0.600068 0.413543 -0.684666 0.0115636
-1.77069 2.26117 0.502465 0.15846 -0.000553943 -0.972113 -0.172876
1.02074 -1.01058 0.499023 -0.313812 0.239765 0.916134 -0.0688008
-2.61088 -2.54882 0.499 -0.20063 -0.133473 -0.156364 0.957853
-0.4263 -0.155007 0.499012 0.659219 0.613391 0.36261 0.240202
-3.49283 -3.29486 0.499 -0.784969 -0.379916 0.443641 -0.206568
2.13407 0.221139 0.499 -0.353592 -0.443568 0.529012 0.631162
-3.71044 -2.30576 0.499 -0.504048 -0.379805 -0.0528612 0.77388
1.12801 2.72205 0.498997 -0.369483 -0.662565 0.362729 -0.541219
-2.67177 1.83004 0.497167 0.309288 -0.442626 0.0552028 0.839866
-0.917793 -1.52555 0.498998 0.286968 0.486686 0.679105 0.468618
-1.11497 0.57002 0.498988 0.580598 -0.144229 -0.801205 0.0132184
