81.3 -1.46716 1.04281 1
1.99646 0.946225 0.499 0.16077 0.76888 -0.571071 0.238443
-0.267728 1.1968 0.498779 0.0884381 0.438719 0.842678 0.29933
2.20555 -1.12329 0.498997 0.507103 0.523579 -0.365755 0.578735
-0.183002 -2.73625 0.499 -0.162444 0.491287 -0.854602 0.0436379
-1.66883 -2.63576 0.499 -0.642301 -0.150936 -0.114395 0.742685
-2.80032 1.6529 0.499 0.174788 0.838432 0.42557 0.292183
2.6218 1.86507 0.499 -0.0640991 -0.304353 -0.541758 -0.780871
1.51389 -0.103247 0.518545 0.0960879 0.755766 -0.473132 0.442415
3.69227 1.21589 0.499 -0.302484 -0.377639 0.873918 -0.0464754
0.0623762 0.254109 0.499266 -0.116577 0.768584 0.536489 0.328431
3.24098 -0.883507 0.499001 -0.931235 0.303384 -0.0196703 0.200931
1.42412 -2.14361 0.499 -0.311274 -0.803749 0.104607 0.496139
-0.665662 2.57491 0.499 0.536302 -0.252119 0.108966 -0.798087
2.77538 4.08317 0.499 0.714025 0.424998 -0.0554546 -0.553597
2.53868 0.0589226 0.49901 0.391974 0.343108 0.348578 -0.779183
-0.551951 -1.44233 0.499 -0.809382 0.583966 -0.042426 -0.0456575
-1.49775 0.084045 0.499 -0.451304 -0.562523 -0.625601 -0.297517
1.55539 1.89002 0.499 -0.0357231 0.982381 0.179809 -0.0363266
-2.37413 0.744876 0.499 -0.255748 -0.369734 -0.890066 0.0753066
1.19002 -1.15041 0.499025 -0.449758 0.383536 0.223576 0.775005
-1.21859 1.61583 0.499 0.412523 -0.644309 0.446818 -0.463728
0.276471 -0.727074 0.498984 0.206306 -0.554302 -0.630707 -0.50239
3.5086 2.43943 0.499 -0.163662 0.203069 -0.947341 0.185802
-1.50772 -0.940272 0.499 -0.127627 0.962394 0.0571946 0.232888
1.26457 3.94228 0.499 0.763767 -0.467552 0.415424 0.159617
