12.1 0.819632 1.60256 1
3.4764 1.32745 0.499 0.236631 0.793788 0.485597 -0.279467
5.0706 2.23325 0.499 0.236631 0.793788 0.485597 -0.279467
2.6793 -2.80298 0.499 0.236631 0.793788 0.485597 -0.279467
1.19379 4.69702 0.499 0.236631 0.793788 0.485597 -0.279467
4.52712 1.32745 0.499 0.236631 0.793788 0.485597 -0.279467
1.86863 -3.60992 0.499 0.771194 0.00567566 0.49593 -0.399099
4.17044 -2.24198 0.499 0.374835 0.866293 0.316789 0.0931715
4.97449 -1.64073 0.499 0.859917 0.493599 0.0711361 0.108824
3.51401 -0.35024 0.499 0.379218 0.757146 0.466629 -0.255306
4.6064 -0.471388 0.499 0.243369 0.789205 0.482072 -0.292459
0.577847 2.05209 0.499 0.236631 0.793788 0.485597 -0.279467
1.12133 2.95789 0.499 0.236631 0.793788 0.485597 -0.279467
0.83309 -3.58512 0.499 0.766494 -0.0147558 0.507111 -0.393838
-0.472878 5.60281 0.499 0.236631 0.793788 0.485597 -0.279467
3.97187 -1.25067 0.499 0.405931 0.769272 0.378003 -0.317101
3.54886 3.13905 0.499 0.236631 0.793788 0.485597 -0.279467
1.91843 0.349191 0.499 0.236631 0.793788 0.485597 -0.279467
0.106832 4.73325 0.499 0.236631 0.793788 0.485597 -0.279467
0.106832 -1.60733 0.499 0.236631 0.793788 0.485597 -0.279467
0.614079 3.82745 0.499 0.236631 0.793788 0.485597 -0.279467
2.6793 -0.991389 0.499 0.236631 0.793788 0.485597 -0.279467
2.75176 3.79122 0.499 0.236631 0.793788 0.485597 -0.279467
-1.01636 1.18252 0.499 0.236631 0.793788 0.485597 -0.279467
5.03437 0.457887 0.499 0.236631 0.793788 0.485597 -0.279467
1.60583 -2.63893 0.499 0.358914 0.73538 0.492967 -0.295603
