9.5 1.4032 1.1274 1
3.64314 1.19169 0.499 0.65785 0.706679 0.248713 -0.0773303
5.23735 2.09749 0.499 0.65785 0.706679 0.248713 -0.0773303
2.84604 -2.93874 0.499 0.65785 0.706679 0.248713 -0.0773303
1.36054 4.56126 0.499 0.65785 0.706679 0.248713 -0.0773303
4.69387 1.19169 0.499 0.65785 0.706679 0.248713 -0.0773303
2.09924 -4.0925 0.499 0.951653 0.0693934 0.205733 -0.21729
4.58874 -2.38998 0.498997 0.690594 0.704434 0.145549 0.0752885
5.55295 -2.12488 0.499012 0.854657 0.499973 0.0707464 0.120758
3.73086 -0.580389 0.499 0.690471 0.680951 0.23398 -0.0693481
4.76633 -0.619904 0.499 0.65785 0.706679 0.248713 -0.0773303
0.744594 1.91633 0.499 0.65785 0.706679 0.248713 -0.0773303
1.28807 2.82213 0.499 0.65785 0.706679 0.248713 -0.0773303
1.04852 -4.0925 0.499 0.951653 0.0693934 0.205733 -0.21729
-0.306131 5.46705 0.499 0.65785 0.706679 0.248713 -0.0773303
4.2089 -1.46451 0.499 0.711789 0.670393 0.187583 -0.0935004
3.71561 3.00328 0.499 0.65785 0.706679 0.248713 -0.0773303
2.08517 0.213429 0.499 0.65785 0.706679 0.248713 -0.0773303
0.273579 4.59749 0.499 0.65785 0.706679 0.248713 -0.0773303
0.273579 -1.74309 0.499 0.65785 0.706679 0.248713 -0.0773303
0.780826 3.69169 0.499 0.65785 0.706679 0.248713 -0.0773303
2.84604 -1.12715 0.499 0.65785 0.706679 0.248713 -0.0773303
2.91851 3.65546 0.499 0.65785 0.706679 0.248713 -0.0773303
-0.849609 1.04676 0.499 0.65785 0.706679 0.248713 -0.0773303
5.20112 0.322125 0.499 0.65785 0.706679 0.248713 -0.0773303
1.79532 -2.90251 0.499 0.65785 0.706679 0.248713 -0.0773303
