21.8 -1.64163 -0.738282 1
1.54869 0.379408 0.499 -0.453176 0.770532 -0.232739 0.383072
3.0271 0.756349 0.499 -0.393178 0.905656 -0.0862541 -0.133259
1.17347 -4.19037 0.499 -0.331294 0.557867 -0.489652 -0.582468
0.490591 4.02809 0.499 -0.389618 0.191419 -0.892244 0.124327
2.50675 -0.218302 0.499 0.194453 0.831226 -0.248054 -0.457953
0.269902 -3.62062 0.499 -0.611559 0.681752 -0.393216 -0.0811848
1.51092 -3.2052 0.499 0.901781 0.114881 -0.399495 -0.118306
1.71864 -2.22675 0.499 0.0280532 -0.460189 -0.769549 -0.441851
0.973468 -0.567564 0.499 -0.0094073 0.321957 -0.862463 0.390402
2.61923 -1.58238 0.499 -0.346679 0.771267 -0.517364 0.131513
-0.148989 1.31828 0.499 -0.425675 0.110358 -0.893021 0.0955756
0.571065 2.02472 0.499 -0.296014 0.0975048 -0.940636 -0.134437
-0.68293 -3.22498 0.499 -0.581568 0.683289 -0.44144 0.00503094
-1.24258 4.46621 0.499 -0.509066 -0.0852692 -0.813446 -0.268118
0.962823 -1.57083 0.499 0.111785 -0.172877 -0.924955 -0.319494
2.52323 2.15185 0.499 -0.780004 -0.0336349 -0.624642 -0.0168771
-0.0495274 -0.485341 0.499 -0.393068 0.807056 -0.343965 0.2754
-0.52087 3.70937 0.499 -0.245424 0.362014 -0.854081 -0.281531
-0.758425 -2.22554 0.499 -0.528241 0.192787 -0.812173 0.155465
0.121731 2.92985 0.499 -0.241106 -0.00455082 -0.965249 -0.100706
-0.0792229 -1.49112 0.499 0.459233 0.165718 -0.87234 -0.0257964
2.04856 3.12229 0.499 -0.389618 0.191419 -0.892244 0.124327
-1.71955 0.513597 0.499 -0.389618 0.191419 -0.892244 0.124327
3.43443 -0.875966 0.499 -0.384881 0.707684 -0.40311 -0.434226
0.541515 -2.48057 0.499 -0.647719 -0.0128298 -0.761754 0.00511305
