82 -1.79951 -0.0421533 1
1.61787 0.708769 0.514912 0.477728 0.860822 -0.159703 -0.0724932
-0.0067 1.52785 0.499 -0.293491 0.39296 0.68266 -0.541683
2.03608 -0.92305 0.516831 0.77985 0.216438 -0.0452094 0.585615
-0.048598 -2.59303 0.499 0.826582 0.360668 -0.418383 0.107878
-1.72079 -2.63984 0.499 -0.494214 0.718962 -0.191362 0.449696
-2.64201 2.07485 0.499 0.232421 0.630205 0.288313 -0.68242
1.94168 1.72134 0.499004 0.260461 -0.351983 -0.600542 -0.669042
1.00295 -0.0767383 0.497525 0.0632867 0.677585 -0.666466 0.304461
3.57773 1.07052 0.511015 -0.742195 -0.248566 0.615987 -0.0890011
0.234004 0.550874 0.499712 0.00861709 0.816362 0.258965 -0.516155
3.27688 -0.607322 0.499 -0.617556 0.558953 0.0590339 0.550192
1.50558 -1.89448 0.50012 -0.384284 -0.111001 0.492385 0.773021
-0.27102 2.70842 0.499 -0.162484 -0.722803 0.458384 -0.490958
2.04628 3.517 0.499179 0.196613 0.291804 -0.334086 -0.874403
2.49004 0.0331902 0.498982 0.539234 0.239797 0.385887 -0.709095
-0.644751 -1.17676 0.499013 -0.304202 0.834352 -0.39501 -0.235127
-1.47965 0.330139 0.499 -0.236171 -0.395395 -0.772557 0.437083
0.862681 2.24979 0.542913 0.0974405 0.691326 -0.407015 -0.588993
-2.30755 1.13136 0.499 0.17068 -0.34553 -0.410049 0.826642
0.939132 -1.07147 0.498203 -0.418629 0.472018 0.602975 0.488232
-1.08353 1.74705 0.499 -0.126267 -0.928703 0.337287 -0.0883438
0.105215 -0.511528 0.498997 0.0498434 -0.813836 -0.578418 0.0249003
2.98886 1.97875 0.518154 0.140657 -0.0938612 -0.979755 0.107173
-1.65004 -0.722006 0.499 0.298345 0.935526 0.115043 -0.150152
1.23674 4.30175 0.499021 0.112349 -0.476441 0.867714 0.0863392
