114.8 -0.409434 1.75282 1
-0.915002 -2.48134 0.499 -0.113813 0.780381 -0.108265 -0.605252
-0.311185 2.79506 0.499 0.465829 0.310209 0.395975 0.727996
2.3605 1.49459 0.499 -0.263055 0.0550062 -0.405504 -0.873695
-1.44939 0.483466 0.499 -0.162996 0.0784377 -0.0208614 0.983283
0.976321 -0.491149 0.498999 -0.132274 -0.562017 -0.806736 -0.125765
-1.25597 4.24099 0.499 0.43654 -0.181373 0.259665 0.842087
-1.64918 -1.74846 0.499131 0.521503 -0.783339 0.263916 -0.211571
-1.91394 1.50754 0.498977 -0.0276266 -0.198827 0.889591 -0.410282
-2.7432 -2.02558 0.499 -0.403826 0.0441816 -0.245466 -0.880181
-0.177457 0.454099 0.499 0.569531 -0.40698 -0.0283491 0.713581
-2.58669 0.402529 0.498999 0.442531 0.519394 0.339263 0.647531
-0.218511 -0.623085 0.499 -0.068311 -0.845311 0.506552 0.155526
2.48282 -1.99877 0.499 0.162685 0.889124 -0.0214842 0.427237
-2.16406 -2.92674 0.499 0.671743 0.714526 -0.00409187 -0.195441
-2.90768 1.35988 0.499001 -0.135142 -0.491392 -0.536652 0.672514
-4.24961 1.26574 0.499 0.0611654 0.827443 0.547437 0.10913
-1.68373 3.17115 0.499 0.36767 0.222972 0.592087 -0.681568
-2.32866 4.17818 0.499 0.427116 0.201206 -0.719497 0.509325
1.18496 0.996018 0.499 -0.5148 0.63946 0.566161 -0.0743933
-2.38665 2.39848 0.499 -0.862693 0.0910826 -0.390067 -0.308726
-0.97798 1.87224 0.499023 0.505012 0.846851 0.0754134 -0.148725
-3.70763 2.26916 0.499 -0.754634 -0.408741 0.507496 -0.0768485
-0.2256 -1.65848 0.499 0.123704 -0.643273 -0.743602 0.13399
1.26017 -1.48751 0.499 0.0802802 -0.0835176 -0.134301 -0.984146
-1.92786 -0.768058 0.504653 0.404986 -0.79192 -0.437111 0.133353
