119 1.44924 -1.06757 1
-2.36041 -1.56787 0.500833 0.0437468 0.0257738 0.998502 -0.0203757
0.492813 2.76136 0.499 -0.536167 0.579723 0.102342 0.604957
3.40969 2.76493 0.499 -0.0637462 -0.229645 0.941785 0.237151
0.802139 1.61229 0.49897 -0.361811 -0.0704367 -0.50738 0.778907
3.28092 -0.459625 0.499 -0.0497371 -0.629578 0.754738 -0.177563
-1.05544 2.17747 0.499 -0.0683582 0.97627 0.0734127 -0.191925
-3.32934 -1.56866 0.501455 -0.286529 0.889099 0.128346 0.333062
-0.559613 0.0681719 0.499 -0.870513 -0.477871 -0.0845715 -0.0818241
-4.34559 -1.47616 0.495786 -0.0223319 -0.623197 -0.103888 0.774813
1.67459 2.12921 0.499076 -0.454653 -0.213921 -0.684042 0.528786
-1.81597 -0.405296 0.498983 0.158164 -0.615694 0.588363 -0.499734
2.28554 1.11367 0.499 0.986341 0.139358 0.0201019 0.0854839
2.32886 -3.43974 0.499 -0.512326 -0.498465 -0.536129 0.449022
-3.84507 -2.39786 0.501407 -0.695028 -0.204558 -0.591981 -0.353058
-3.9571 -0.514284 0.499016 0.00754281 -0.105116 0.918437 -0.38127
-3.0327 0.750997 0.499 0.352788 -0.781725 0.260803 0.443202
-1.61368 0.593762 0.513003 0.611876 0.543874 -0.204001 -0.536836
-2.14748 2.79906 0.499 0.918286 0.278892 0.184535 0.211937
2.68147 2.07764 0.498729 -0.244665 -0.550018 0.0809538 0.794396
-2.83524 -0.456225 0.499 0.362794 -0.792632 0.364624 -0.327359
-0.345897 1.41585 0.499 -0.617802 -0.279654 -0.691617 -0.248557
-2.17229 1.49783 0.499 -0.434385 0.70428 -0.163897 -0.537063
0.493029 -0.0151155 0.499 -0.0633563 0.466865 0.777909 -0.41579
4.22755 -1.68561 0.499 0.486762 0.173576 -0.361562 -0.776019
-0.933167 -0.888389 0.498999 0.377593 0.0927132 -0.241424 -0.889124
