19.9 -1.77357 0.307352 1
2.00571 0.786491 0.499 -0.685703 0.493145 -0.30469 -0.440209
3.53603 1.39145 0.499 -0.531895 0.442109 -0.0846281 -0.717262
1.4047 -3.51668 0.499005 -0.266404 0.204197 -0.290801 -0.895973
0.452858 4.32687 0.499 -0.34436 -0.0652302 -0.758392 -0.549547
2.99253 0.487402 0.499 -0.0743793 0.371996 -0.0804193 -0.921748
0.428265 -3.30036 0.498998 -0.73009 0.158435 -0.212657 -0.629796
1.95544 -2.68008 0.498999 0.761031 0.395656 0.228343 -0.460596
2.20606 -1.7035 0.499 0.701431 -0.469071 -0.355839 -0.40168
1.45659 -0.101841 0.499 0.343488 0.294248 -0.811387 -0.370249
3.01835 -1.03891 0.499 -0.370553 0.564808 -0.472519 -0.566046
-0.163084 1.68194 0.499 -0.34436 -0.0652302 -0.758392 -0.549547
0.380394 2.58774 0.499 -0.34436 -0.0652302 -0.758392 -0.549547
-0.497504 -2.90955 0.498999 -0.72745 0.127163 -0.438097 -0.512559
-1.21381 5.23267 0.499 -0.34436 -0.0652302 -0.758392 -0.549547
1.40482 -1.10461 0.499 0.672906 -0.191955 -0.436905 -0.565211
2.80793 2.7689 0.499 -0.34436 -0.0652302 -0.758392 -0.549547
0.450531 -0.141098 0.499 -0.558134 0.461943 -0.39717 -0.563339
-0.634099 4.3631 0.499 -0.34436 -0.0652302 -0.758392 -0.549547
-0.655062 -1.92049 0.499 -0.366163 -0.0606393 -0.762921 -0.529339
-0.126852 3.45731 0.499 -0.34436 -0.0652302 -0.758392 -0.549547
0.343163 -1.13614 0.499 0.639191 0.255111 -0.315513 -0.653303
2.01083 3.42107 0.499 -0.34436 -0.0652302 -0.758392 -0.549547
-1.75729 0.812378 0.499 -0.34436 -0.0652302 -0.758392 -0.549547
3.71202 -0.269931 0.499 -0.428813 0.280551 -0.263177 -0.817403
0.647216 -2.09293 0.499 -0.30407 -0.447013 -0.728117 -0.421386
