18.6 -1.5374 0.936171 1
2.41088 1.0389 0.498553 -0.628534 0.194181 -0.115959 -0.744173
3.97753 1.80125 0.499 -0.502436 0.170022 0.012649 -0.847638
1.70264 -3.13324 0.499 -0.292322 0.0804324 -0.0805423 -0.949522
0.520324 4.50656 0.499 -0.392553 -0.106739 -0.380471 -0.830513
3.41819 0.945509 0.499 -0.263628 0.160212 0.0105448 -0.951168
0.673938 -3.15837 0.499 -0.633538 -0.170684 0.131081 -0.743179
2.35765 -2.35458 0.499082 0.507389 0.530122 0.423481 -0.531216
2.68541 -1.40869 0.498975 0.897535 -0.290396 -0.0583966 -0.326637
1.88615 0.18847 0.498895 0.325186 0.189096 -0.633774 -0.67589
3.38464 -0.691965 0.498942 -0.383514 0.410647 -0.28012 -0.778343
-0.0956181 1.86163 0.499 -0.392553 -0.106739 -0.380471 -0.830513
0.44786 2.76743 0.499 -0.392553 -0.106739 -0.380471 -0.830513
-0.282461 -2.78706 0.499 -0.686515 -0.204821 -0.117096 -0.687774
-1.14634 5.41235 0.499 -0.392553 -0.106739 -0.380471 -0.830513
1.81275 -0.808588 0.499794 0.781258 -0.0394677 -0.12895 -0.609467
2.8754 2.94859 0.499 -0.392553 -0.106739 -0.380471 -0.830513
0.891602 0.0904392 0.498797 -0.504759 0.157241 -0.195527 -0.825992
-0.566633 4.54279 0.499 -0.392553 -0.106739 -0.380471 -0.830513
-0.566633 -1.79779 0.499 -0.392553 -0.106739 -0.380471 -0.830513
-0.0593863 3.63699 0.499 -0.392553 -0.106739 -0.380471 -0.830513
0.757579 -0.954504 0.499 0.454938 0.358139 0.0904676 -0.810298
2.07829 3.60076 0.499 -0.392553 -0.106739 -0.380471 -0.830513
-1.68982 0.992064 0.499 -0.392553 -0.106739 -0.380471 -0.830513
3.99524 0.119982 0.499 -0.451521 0.138617 -0.076177 -0.878129
0.763296 -1.96091 0.499 -0.165363 -0.538933 -0.363188 -0.741822
