115 -0.72197 1.64887 1
-1.03639 -2.2964 0.499739 -0.0495038 0.790179 -0.19098 -0.580253
-0.36214 2.95308 0.499 0.425847 0.343818 0.458303 0.700287
2.37901 1.60479 0.499 -0.22672 -0.0427625 -0.456178 -0.85946
-1.41495 0.624812 0.499 -0.275048 0.290324 -0.0147615 0.916429
1.05881 -0.434791 0.499 0.0479057 -0.519036 -0.849442 -0.0821877
-1.43391 4.35508 0.499 0.504115 -0.17908 0.282426 0.796262
-1.77521 -1.62245 0.498256 0.47218 -0.821258 0.283009 -0.149959
-1.95089 1.64914 0.498926 -0.198796 -0.205538 0.847229 -0.447702
-2.88624 -1.88297 0.499 -0.32213 -0.0196323 -0.331769 -0.88644
-0.110482 0.579203 0.499 0.682291 -0.237074 0.168765 0.670666
-2.57116 0.536392 0.499 0.454988 0.643814 0.391619 0.474472
-0.115433 -0.469869 0.499 -0.180476 -0.819153 0.47633 0.263679
2.56587 -2.02239 0.499 0.0292338 0.961601 0.0526299 0.267766
-2.29587 -2.7923 0.499 0.687502 0.689312 -0.034133 -0.225885
-2.93847 1.48847 0.499073 -0.175828 -0.327043 -0.569082 0.733671
-4.33184 1.35673 0.499 -0.0107814 0.878708 0.467495 -0.095937
-1.77976 3.32136 0.499 0.278736 0.119707 0.606541 -0.734905
-2.52304 4.33025 0.499 0.420104 0.241626 -0.648133 0.587412
1.18587 1.10235 0.499 -0.607348 0.619239 0.442822 -0.227112
-2.46673 2.52151 0.499 -0.78016 0.0909808 -0.493852 -0.373072
-1.00371 1.99075 0.499 0.532957 0.778289 0.169338 -0.285566
-3.78911 2.39767 0.499 -0.78837 -0.445228 0.403877 -0.130874
-0.289443 -1.48459 0.499 0.172316 -0.630393 -0.725576 0.215528
1.35783 -1.44577 0.499 -0.0401573 -0.378837 -0.0683923 -0.922059
-1.93213 -0.571927 0.498962 0.437723 -0.829212 -0.209351 0.27745
