50 1.79105 -0.179239 1
-1.02254 2.48021 0.499 -0.164774 0.0431896 0.856657 0.486952
0.566166 -2.70916 0.499 -0.387479 0.625652 0.564318 0.374118
1.43654 0.0490442 0.498997 0.728382 -0.437194 -0.205311 -0.485971
1.65808 -0.953444 0.499 -0.0905481 0.878786 0.0844645 -0.46087
0.931421 2.57109 0.499 -0.82105 -0.19161 -0.198329 -0.499828
-0.300201 -1.72573 0.499 0.838655 -0.341345 0.0492817 0.421559
1.1886 1.14548 0.499001 -0.626262 0.462096 -0.425509 -0.461741
1.83143 2.10139 0.499 -0.364707 0.481393 0.0605756 0.79472
-0.905461 1.3694 0.499 0.201818 -0.922777 -0.320134 0.0725658
0.852461 -4.03273 0.499 0.396518 -0.836448 0.251973 -0.2822
2.49627 2.90508 0.499 0.387102 -0.0308545 -0.778513 -0.49307
1.36667 -2.06685 0.499 -0.640686 0.088495 0.760555 -0.0569783
-0.820308 -0.536855 0.499 -0.359443 0.462188 -0.402644 0.703605
0.352341 1.7492 0.498999 0.288125 0.681084 0.239268 -0.629173
-0.313001 0.543318 0.499 0.644716 -0.573492 -0.164581 0.477872
2.5004 0.0276527 0.499 0.4527 0.346958 0.816422 -0.0902074
-2.57727 -0.302865 0.499 -0.648625 0.343883 -0.413769 -0.538354
0.715231 -1.30502 0.499 -0.364786 0.646144 -0.488063 -0.459591
-3.01854 -1.89308 0.499 -0.0504535 0.763142 0.394381 -0.509443
3.29384 0.667484 0.499 0.882318 0.0339117 0.469353 -0.00858194
-1.60829 0.195143 0.499 -0.806443 -0.067836 0.166092 0.563437
3.46972 3.24065 0.499 -0.855525 -0.46222 -0.0716403 0.222032
-1.89361 1.56951 0.499 0.778535 -0.407291 0.308537 -0.36442
1.55901 -3.32417 0.499 0.862669 -0.377986 0.330025 0.0633415
0.451477 -0.150286 0.499 -0.280382 -0.783895 0.157027 -0.531259
