117.1 -1.29734 -1.24777 1
-2.16769 -1.11391 0.499 0.481054 -0.485018 -0.568057 0.458972
-0.870854 3.98955 0.513662 0.168359 0.0310163 0.570736 -0.80309
2.53924 2.24331 0.499 -0.170353 -0.461367 -0.418115 0.763741
-0.98316 1.56944 0.499 0.645168 -0.0312004 -0.03193 -0.762735
1.88389 -0.371919 0.499 0.449988 -0.0437636 0.580696 0.677044
-2.39265 3.96861 0.498793 0.67025 -0.205678 0.712445 0.0297116
-3.09849 -0.608884 0.499 -0.951602 -0.222916 0.208881 -0.0336196
-1.97528 2.01313 0.499094 -0.526433 0.410008 -0.742643 -0.056942
-4.21149 -0.91432 0.499 0.0042566 -0.1353 -0.652526 0.745578
0.451877 1.46443 0.499 -0.319572 0.37007 -0.0958068 -0.867031
-2.47684 1.14106 0.54583 0.0119161 -0.466422 -0.0889361 -0.88
0.822071 0.457666 0.499 -0.346209 0.933026 -0.0495085 0.084568
2.25499 -2.73309 0.499 -0.0916031 0.543869 -0.771357 -0.317528
-3.65887 -1.9136 0.499 0.387514 -0.709113 -0.563817 -0.170591
-3.76108 1.00674 0.498188 -0.305364 0.242143 0.920388 0.0317124
-4.94626 1.80724 0.499 0.022828 -0.41202 -0.906408 -0.0902313
-2.33132 2.95593 0.498743 -0.131839 -0.607787 -0.208029 -0.754942
-4.05817 3.89641 0.495919 0.747808 0.238944 0.406066 0.467759
1.51594 1.68613 0.499 0.316016 0.038967 -0.941254 0.112499
-3.50951 2.06952 0.499 0.0101765 -0.538607 -0.779786 -0.318955
-1.16781 2.71203 0.499 -0.229518 -0.796037 -0.409352 -0.382202
-4.67292 3.06117 0.499984 -0.324891 0.677498 -0.65723 -0.0590801
-0.919857 -0.206954 0.499 -0.183909 -0.177867 0.709988 0.656092
2.48208 -1.53104 0.499 0.0646438 0.700409 0.252545 0.664432
-1.77067 0.430405 0.498916 -0.345487 0.515791 0.396591 -0.67625
