16.6 -0.85639 1.58322 1
2.99751 1.3219 0.499 -0.401296 0.136693 0.22938 -0.876163
4.59171 2.22769 0.499 -0.401296 0.136693 0.22938 -0.876163
2.1552 -2.82865 0.499012 -0.368746 0.18427 0.304451 -0.858709
0.714897 4.69146 0.499 -0.401296 0.136693 0.22938 -0.876163
4.02789 1.3518 0.499011 -0.398925 0.143887 0.225713 -0.877045
1.18546 -3.07529 0.498985 -0.237702 -0.388567 0.548022 -0.701559
2.94872 -2.2197 0.498999 0.173709 0.786152 0.539888 -0.245584
3.43059 -1.28292 0.499 0.970179 0.15976 0.108268 -0.146656
2.49528 0.330656 0.499 0.223127 0.315259 -0.250889 -0.887626
3.96383 -0.324413 0.499552 -0.390242 0.403524 -0.00804894 -0.827535
0.0989548 2.04653 0.499 -0.401296 0.136693 0.22938 -0.876163
0.642433 2.95233 0.499 -0.401296 0.136693 0.22938 -0.876163
0.195462 -2.93509 0.499004 -0.282526 -0.491336 0.509613 -0.64735
-0.95177 5.59726 0.499 -0.401296 0.136693 0.22938 -0.876163
2.50349 -0.818929 0.499 0.645574 0.441245 0.274877 -0.559446
3.06997 3.13349 0.499 -0.401296 0.136693 0.22938 -0.876163
1.43953 0.343634 0.499 -0.401296 0.136693 0.22938 -0.876163
-0.37206 4.72769 0.499 -0.401296 0.136693 0.22938 -0.876163
-0.37206 -1.61289 0.499 -0.401296 0.136693 0.22938 -0.876163
0.135187 3.8219 0.499 -0.401296 0.136693 0.22938 -0.876163
1.47296 -0.874625 0.499 0.117663 0.524664 0.484348 -0.690138
2.27287 3.78566 0.499 -0.401296 0.136693 0.22938 -0.876163
-1.49525 1.17697 0.499 -0.401296 0.136693 0.22938 -0.876163
4.54091 0.491538 0.498386 -0.395422 0.132764 0.222512 -0.881195
1.01491 -2.01214 0.499 0.0384059 -0.211675 0.316107 -0.92401
