34.6 -1.62376 0.776785 1
-1.32476 1.3091 0.499 0.605341 0.597901 -0.415313 0.321858
0.718944 -0.38959 0.499 0.884522 -0.0501776 -0.374927 0.273007
-0.91055 -2.65007 0.499 -0.851975 -0.238777 0.367874 -0.285995
1.33256 1.16088 0.499 0.306909 -0.380524 -0.667302 0.561886
-0.826725 0.415211 0.499 -0.477068 -0.428085 -0.323033 -0.696275
-2.00577 -2.92115 0.499 -0.0679068 -0.569189 -0.526455 -0.6279
-1.06164 -1.52422 0.499 -0.62159 0.434822 0.385293 -0.525456
-0.558852 -0.549179 0.499 -0.430046 -0.563508 0.352472 -0.610968
-2.12986 -0.0202945 0.499 0.46784 0.165208 -0.570453 -0.654535
1.11933 -1.30632 0.499 -0.121816 -0.206241 -0.922947 0.301322
-1.5601 2.38792 0.499 0.203102 -0.750106 -0.332671 -0.534248
1.56552 0.187762 0.499 0.469716 0.426224 0.0688514 -0.770039
-3.47419 -3.11112 0.499 0.574688 -0.487788 0.220954 -0.618851
-2.79972 1.98169 0.499 -0.353386 -0.408287 -0.832611 0.123206
-1.98658 -1.08784 0.499 0.625971 -0.637522 -0.0222312 -0.448588
3.71607 0.300035 0.499 -0.470782 -0.699721 -0.255854 0.472539
-3.62902 -0.192122 0.498999 -0.540698 0.712591 -0.443146 0.0590068
0.456503 0.611009 0.499 -0.42258 -0.633617 0.204251 -0.61501
-3.43994 -2.09669 0.49901 0.206703 0.2118 -0.879662 -0.372303
2.92175 1.14929 0.499 0.370884 0.448046 -0.479338 -0.657218
-3.24319 -1.11633 0.498991 0.609215 0.449998 0.419559 -0.500329
2.05351 3.55521 0.499 -0.154801 0.0366359 0.161731 -0.973929
-2.63915 0.853535 0.499 0.547756 0.237027 0.468753 -0.651193
2.67956 -2.14004 0.499 -0.864663 0.0106261 -0.500586 -0.0407318
-2.41507 -2.00616 0.499 0.951157 -0.254156 -0.175226 0.000449246
