54.8 -1.55173 -0.912206 1
0.44387 2.51306 0.499 -0.856189 -0.278416 0.432023 -0.0527385
-1.0152 -2.32331 0.499 0.509336 0.228826 0.248282 0.791563
2.28268 -0.70746 0.499039 -0.418418 0.126698 -0.584436 -0.683599
1.6579 -1.49353 0.498983 0.291825 -0.732014 -0.556431 0.263397
1.47266 2.19945 0.499 0.369492 -0.034135 -0.0959856 0.923633
-1.17518 -1.25908 0.499002 -0.0843716 -0.846711 0.275614 -0.447211
1.50438 0.486656 0.499001 0.491167 -0.530642 0.0185189 0.69053
2.57428 0.257264 0.499527 0.6131 -0.396412 0.34603 -0.589261
-0.0127059 0.88585 0.499 -0.557364 0.280306 0.432427 -0.650985
-1.37636 -3.33468 0.499 -0.261984 0.142068 -0.9269 -0.228118
2.61553 1.25944 0.49901 -0.814034 0.396149 -0.338185 0.256993
0.804274 -2.05002 0.499001 0.620162 0.643734 0.409036 -0.183565
-1.32465 -0.267776 0.498129 0.498863 -0.27592 -0.745551 0.345192
0.920939 1.30762 0.499 -0.160031 0.067317 -0.524703 0.833394
-0.30793 -0.276707 0.498975 -0.705953 0.0257781 -0.0823283 -0.702984
3.6925 -0.935368 0.499 0.813036 0.0529152 0.271988 0.51205
-2.08174 -2.42707 0.499 0.246317 0.706577 0.0998017 -0.655833
0.304659 -1.16847 0.499 0.490422 -0.401126 -0.503781 0.587187
-2.5557 -3.32256 0.499 -0.359067 0.137068 0.601872 -0.700024
3.62404 0.101548 0.499 -0.635474 -0.0714994 -0.0320367 -0.768137
-2.27966 -0.558189 0.499873 0.30701 -0.435171 0.600208 -0.596759
2.05502 3.10498 0.499 0.787833 0.611186 0.030488 0.0695783
-1.00548 0.708996 0.499001 0.833355 -0.499069 0.237564 -0.00347041
0.170567 -2.84929 0.498225 -0.359356 -0.584608 -0.510887 -0.517775
0.690522 -0.236975 0.499022 -0.491196 0.104184 0.791231 0.349036
