106.1 1.78861 0.202182 1
2.15939 -1.98462 0.499 0.170415 -0.707378 0.414445 0.546636
3.72559 1.18391 0.499 0.409938 -0.503511 -0.161603 0.743177
4.74893 0.574932 0.499 0.369077 0.796885 -0.462229 0.122888
-1.28916 -1.13945 0.499 -0.81792 0.466165 -0.146767 -0.303573
-0.0559227 1.22049 0.499 0.493636 0.0531796 0.32469 -0.805029
6.14663 0.719886 0.499 -0.457332 0.677916 0.566116 0.103873
0.853625 -2.35994 0.499 -0.72508 0.19219 -0.0329774 0.660481
-0.526831 -1.85541 0.498996 -0.22792 0.579419 0.624214 -0.471894
-0.780377 -3.70796 0.499 -0.135467 0.441243 0.30047 -0.834668
0.393967 -1.42752 0.499004 -0.223662 -0.167751 0.756438 0.5913
-2.35229 -1.45132 0.499 0.567326 0.68698 -0.118237 0.438429
0.360724 -3.25562 0.499 -0.753755 -0.359919 0.449696 0.316362
3.75157 -0.894535 0.499684 -0.440955 -0.17595 0.379913 0.793893
1.4729 -3.45167 0.499 -0.0379702 -0.667308 0.515135 -0.536558
-2.51983 -0.0640083 0.499 -0.784349 0.122062 0.157299 -0.587499
-3.02769 0.947609 0.499 -0.438046 -0.437805 -0.659673 0.425764
1.10511 2.08997 0.499 0.362595 0.118729 -0.513155 0.76883
2.97494 2.12144 0.499 0.650342 -0.16266 0.687081 -0.280209
3.18639 0.337001 0.499 -0.835756 0.233388 -0.224239 0.443576
-1.60515 0.825823 0.499 -0.0251653 0.411003 0.318758 0.853719
0.487509 -0.415493 0.499 -0.0363025 -0.179083 0.967366 0.175539
-1.77142 2.7204 0.499 0.772841 0.436095 -0.311586 -0.339783
2.76741 -0.721165 0.498392 -0.59944 0.784074 -0.118797 0.108565
1.94218 -0.148399 0.498542 -0.714803 -0.68556 -0.132172 -0.0399245
-1.64932 -2.25793 0.499 -0.568369 -0.613901 0.122903 0.533832
