34.5 -1.58134 0.859855 1
-1.28855 1.29755 0.499 0.536802 0.658842 -0.4352 0.297274
0.736819 -0.353546 0.499 0.868379 -0.0152687 -0.412419 0.274947
-0.874294 -2.66301 0.499 -0.817632 -0.324134 0.394509 -0.26604
1.33482 1.20604 0.499006 0.287031 -0.382469 -0.704627 0.524244
-0.795121 0.403106 0.499 -0.455734 -0.472253 -0.238895 -0.715691
-1.96908 -2.91608 0.499 -0.0330312 -0.574727 -0.469415 -0.669513
-1.02377 -1.54066 0.499 -0.670443 0.380973 0.429575 -0.469926
-0.530455 -0.562031 0.499 -0.352086 -0.603021 0.399649 -0.593871
-2.09908 -0.0108519 0.499 0.446122 0.20538 -0.526553 -0.693928
1.13286 -1.27543 0.499 -0.13675 -0.223204 -0.932997 0.246972
-1.527 2.3711 0.499 0.265432 -0.726207 -0.267827 -0.574837
1.56861 0.233448 0.498994 0.450989 0.473851 0.0764348 -0.752484
-3.41859 -3.09716 0.499 0.591551 -0.450502 0.280444 -0.607014
-2.75496 1.99425 0.499 -0.321412 -0.434418 -0.838801 0.0662404
-1.9523 -1.07466 0.499 0.67345 -0.588311 -0.00262944 -0.447604
3.70927 0.342464 0.499 -0.455701 -0.739726 -0.253946 0.425034
-3.58668 -0.171315 0.499006 -0.583371 0.68412 -0.436748 0.0301658
0.475601 0.641123 0.499 -0.405052 -0.623316 0.257047 -0.617525
-3.39071 -2.0785 0.498974 0.203627 0.234359 -0.849234 -0.427098
2.91359 1.1864 0.499 0.326073 0.497889 -0.466174 -0.654573
-3.2033 -1.09576 0.49902 0.576322 0.492945 0.440911 -0.480057
2.06563 3.57895 0.499 -0.151695 0.0568579 0.223824 -0.961072
-2.59933 0.867154 0.499 0.525931 0.279947 0.509479 -0.620852
2.68014 -2.10778 0.499 -0.884187 -0.0307879 -0.461268 -0.0670639
-2.3667 -1.99681 0.499 0.968323 -0.183613 -0.168782 -0.0122429
