56.9 1.18678 -1.35335 1
0.525255 2.3525 0.499 0.222323 0.79633 0.259728 0.498971
-0.600176 -2.80767 0.499 0.401943 -0.764388 -0.182156 -0.470077
2.96988 -2.43792 0.499 -0.446241 0.764447 0.456894 -0.0879645
2.1785 -3.14171 0.499 0.0501337 -0.259839 0.435879 -0.860221
1.52151 1.31945 0.499 0.0584356 -0.694818 -0.0511631 -0.71498
-1.18512 -1.89968 0.499 -0.526804 0.352073 0.232204 -0.737973
1.44781 -0.678626 0.499 0.470511 -0.397721 -0.112209 -0.779645
2.82925 -1.27879 0.499 0.195104 0.80144 -0.134158 -0.549208
-0.0540592 -0.264963 0.499 0.284037 0.633465 0.0871415 0.714459
-0.943275 -3.78342 0.498591 -0.549645 -0.124315 0.408298 0.718143
2.73289 -0.13764 0.499 -0.01841 -0.38743 0.796562 0.463733
0.935312 -3.26132 0.499 0.315507 0.153101 -0.815899 0.4597
-1.43148 -0.900572 0.499 -0.623004 -0.687195 -0.367985 -0.0649285
0.899797 0.306001 0.499 -0.138269 -0.884444 0.44325 -0.0465869
-0.403109 -1.27282 0.499 -0.475873 0.636435 0.187885 0.57723
4.46922 -3.47159 0.499 -0.217169 -0.547294 -0.327072 0.739142
-1.90515 -3.43305 0.499 0.303935 0.851273 -0.316641 0.28757
0.354227 -2.4073 0.499002 0.0646932 -0.831038 -0.541155 0.111094
-2.59103 -4.30794 0.499 -0.226528 0.946152 0.0782065 0.217638
4.01249 -2.35681 0.499 -0.096488 0.186803 0.835618 0.507481
-2.31993 -1.41083 0.499 0.0514025 0.549379 -0.221229 -0.804113
1.82316 2.71005 0.499 0.180409 -0.40918 -0.876881 0.176363
-1.23249 0.0876284 0.499 0.503313 -0.0754056 -0.291553 -0.80993
0.0542448 -3.88097 0.499614 -0.806608 0.194756 0.555367 -0.0549706
0.609729 -1.39276 0.499 0.859754 -0.215166 0.448779 -0.114557
