29.1 1.79587 0.121913 1
0.86984 -0.199889 0.499 -0.302591 0.681017 0.411266 -0.524895
2.12677 -0.486725 0.499 0.182877 0.547714 0.476222 -0.663158
1.1493 -5.08448 0.511824 0.77482 -0.480041 -0.39117 -0.12728
1.89567 2.51347 0.499 0.689863 0.448105 0.497132 -0.275954
1.43558 -1.39443 0.499 0.68817 0.140194 0.286679 -0.6516
0.212937 -4.26346 0.499 0.725531 0.0859957 -0.0359662 -0.681848
1.13907 -3.78263 0.499 0.439387 -0.451852 0.768272 0.111926
1.39027 -2.72689 0.499 0.617956 -0.172112 -0.178813 0.746012
0.0651603 -0.802282 0.499 0.71577 0.695988 0.0508635 -0.026212
2.2188 -2.13562 0.499 0.722718 0.37491 0.133811 -0.564992
0.392809 0.698795 0.499 0.978458 0.0874823 0.18415 0.0324802
2.28796 0.732589 0.499 0.0567762 -0.66578 0.671382 0.320562
-0.566824 -3.52986 0.499 0.796665 -0.129141 -0.43621 -0.397955
-0.783982 1.72235 0.500454 0.207452 0.711246 -0.66166 0.115321
0.306524 -1.9856 0.499 0.887999 0.0372324 -0.096298 0.448106
3.653 1.1408 0.499 0.612312 0.505245 -0.432849 0.427134
-1.10581 -0.33028 0.499 0.0643795 0.651928 0.237808 -0.717142
1.13271 1.41768 0.499 0.518341 -0.426492 -0.642565 0.369511
-0.939175 -2.53685 0.499 0.903858 0.380893 -0.187151 -0.054173
2.78382 1.69772 0.499 0.214776 -0.658184 0.655623 -0.30137
-0.66714 -1.51265 0.499 0.869466 0.0328763 0.475247 0.130724
3.0308 3.36826 0.499 0.780242 -0.573176 -0.0194777 0.249624
-0.738546 0.715492 0.499092 0.750551 -0.609433 -0.0220162 0.25452
3.20514 -1.8105 0.499 0.798818 -0.197843 -0.266513 -0.501716
0.392421 -3.10599 0.499 0.771911 0.158856 -0.497881 0.361983
