80.4 -0.230317 1.7852 1
1.29741 0.23387 0.501596 -0.696344 0.284013 -0.414702 0.512313
-0.649511 0.645757 0.507546 0.568164 0.0503081 0.29065 0.768233
2.23448 -2.15119 0.499 0.189521 0.391017 -0.856563 0.278364
-0.288667 -3.08 0.499 -0.979546 -0.0470005 0.0234348 0.194248
-1.52475 -2.78745 0.499 -0.133526 -0.877489 0.427635 0.171205
-2.9832 0.938052 0.499 0.159133 -0.0570268 0.156269 0.973142
2.00615 1.58149 0.499 -0.725075 0.640849 0.0260738 -0.250796
1.41006 -0.759185 0.498693 -0.123169 0.509987 -0.107698 0.844478
3.73944 0.971104 0.499 0.289954 -0.325741 0.84625 -0.306071
-0.215101 -0.258215 0.498467 -0.0697933 0.0804697 0.351875 0.929966
3.82791 -1.24895 0.499 -0.925893 0.253043 -0.251946 -0.123349
1.29119 -2.69028 0.499095 -0.240901 -0.858193 -0.37408 -0.256001
-1.15929 2.26723 0.499 0.640039 0.435294 -0.616469 -0.144346
2.88686 3.67276 0.499 0.484193 0.732918 -0.437011 -0.193417
2.87395 -0.306949 0.499 0.616015 0.475009 0.0670585 -0.624816
-0.466574 -1.96438 0.499 -0.843909 0.265548 0.402101 0.235829
-1.51868 -0.404223 0.49934 -0.596736 -0.179012 -0.0839226 -0.7777
1.04794 1.23214 0.499 0.0106722 0.379729 -0.0485241 0.923763
-2.46151 0.075767 0.499 -0.597896 0.108438 -0.442225 -0.659696
1.09906 -1.70901 0.502394 -0.181003 0.0852912 0.0734101 0.977023
-1.46367 1.24932 0.499 0.633976 -0.064574 0.141497 -0.757551
0.278743 -1.13162 0.499333 0.0692694 -0.0368464 -0.522156 -0.849233
3.30632 2.19888 0.499 -0.85699 0.448189 -0.175842 0.183775
-1.3506 -1.38959 0.49866 -0.257013 0.768079 0.0416626 0.585033
1.07866 3.34383 0.499 0.859453 -0.306227 -0.390882 -0.121557
