110.4 -1.10388 -1.42177 1
1.10274 -3.81731 0.499 0.836346 0.221845 -0.0326186 0.500246
1.44 0.823789 0.499 0.170191 -0.863156 -0.43365 0.194792
2.35918 0.374449 0.499 0.285553 0.030814 0.0470091 0.956713
-3.19296 -1.93309 0.499 -0.716777 -0.393962 0.566076 0.102871
-0.087991 -0.306841 0.499003 -0.545195 0.563746 -0.61631 0.0715198
1.53633 2.30565 0.499 0.740378 -0.553629 0.323874 -0.201098
-0.344124 -2.43598 0.499009 0.670273 0.469204 -0.567735 0.0908751
-2.15513 -1.86859 0.499 -0.101336 0.933515 0.170924 -0.29844
-2.95582 -3.52423 0.499 0.805012 -0.57332 -0.109308 0.106356
-1.16467 -1.62262 0.499 0.268364 -0.684868 0.28907 -0.612679
-4.10056 -1.46883 0.499 -0.257254 -0.43339 -0.862046 0.0535687
-1.33154 -2.68267 0.498998 0.032922 0.412713 -0.881187 -0.228241
1.00919 -1.11897 0.498995 -0.278251 -0.353752 0.601619 0.659917
-0.171596 -3.42196 0.498991 -0.294661 -0.27737 -0.868979 0.284809
-3.54355 -0.308639 0.499 -0.686407 0.00662389 0.481839 0.544641
-5.06902 -0.142314 0.499 -0.459637 -0.839556 0.140467 0.253276
-0.326602 1.54517 0.49689 -0.184544 -0.268076 0.939537 -0.106531
0.605297 1.90746 0.504823 -0.520906 0.577983 0.390974 0.491663
0.963449 -0.113412 0.499 -0.754285 0.129094 -0.0175137 -0.643492
-1.30835 1.36223 0.499279 -0.849856 -0.490522 0.186302 -0.0492443
-1.09755 -0.378005 0.498997 -0.0124633 0.126298 0.954466 -0.269979
-2.89359 2.01811 0.499 -0.428844 -0.0545507 -0.434719 -0.790023
1.37752 -2.77646 0.499 -0.374653 -0.16924 0.471132 -0.780402
0.0618404 -1.5094 0.498999 0.0145572 0.574139 0.0249751 0.818248
-3.97954 -2.84911 0.499 0.102316 -0.866821 0.345007 -0.345144
