9.3 1.43443 1.08739 1
3.65207 1.18026 0.499 0.683158 0.68914 0.231673 -0.0686218
5.24627 2.08606 0.499 0.683158 0.68914 0.231673 -0.0686218
2.85497 -2.95018 0.499 0.683158 0.68914 0.231673 -0.0686218
1.36946 4.54982 0.499 0.683158 0.68914 0.231673 -0.0686218
4.70279 1.18026 0.499 0.683158 0.68914 0.231673 -0.0686218
2.11191 -4.13252 0.499 0.958072 0.070722 0.188928 -0.203475
4.61623 -2.40236 0.498995 0.711077 0.686267 0.137683 0.066715
5.58658 -2.16074 0.499014 0.857122 0.497043 0.0709043 0.115165
3.74364 -0.599082 0.499 0.708996 0.667353 0.219342 -0.0620761
4.77526 -0.631336 0.499 0.683158 0.68914 0.231673 -0.0686218
0.753517 1.9049 0.499 0.683158 0.68914 0.231673 -0.0686218
1.297 2.81069 0.499 0.683158 0.68914 0.231673 -0.0686218
1.06118 -4.13252 0.499 0.958072 0.070722 0.188928 -0.203475
-0.297207 5.45562 0.499 0.683158 0.68914 0.231673 -0.0686218
4.22269 -1.48152 0.499 0.730555 0.6546 0.175708 -0.0831557
3.72453 2.99185 0.499 0.683158 0.68914 0.231673 -0.0686218
2.0941 0.201997 0.499 0.683158 0.68914 0.231673 -0.0686218
0.282503 4.58606 0.499 0.683158 0.68914 0.231673 -0.0686218
0.282503 -1.75452 0.499 0.683158 0.68914 0.231673 -0.0686218
0.789749 3.68026 0.499 0.683158 0.68914 0.231673 -0.0686218
2.85497 -1.13858 0.499 0.683158 0.68914 0.231673 -0.0686218
2.92743 3.64403 0.499 0.683158 0.68914 0.231673 -0.0686218
-0.840686 1.03533 0.499 0.683158 0.68914 0.231673 -0.0686218
5.21004 0.310693 0.499 0.683158 0.68914 0.231673 -0.0686218
1.80424 -2.91394 0.499 0.683158 0.68914 0.231673 -0.0686218
