50.9 1.50432 0.988443 1
-0.342724 2.62856 0.499 -0.234943 0.423641 0.0524054 0.873261
0.494156 -2.47098 0.499908 -0.510267 0.172329 -0.0168725 0.842405
1.85018 0.211164 0.498678 0.85725 0.0262142 0.273828 -0.435263
1.93303 -0.827793 0.499 -0.454349 0.876951 0.0116391 -0.156169
1.60272 2.72633 0.499 -0.287673 -0.87684 -0.0621668 -0.380173
-0.178898 -1.49477 0.498987 0.934041 0.19021 -0.230236 0.195907
1.72489 1.21428 0.499002 -0.844959 -0.138835 -0.0673864 -0.512083
2.51105 2.1895 0.499 -0.624595 0.375972 -0.589786 0.347388
-0.371558 1.41799 0.499109 0.801665 -0.471035 -0.367517 -0.0197714
0.739443 -3.91909 0.499 0.961093 -0.0712035 0.235105 -0.126319
3.08566 3.13243 0.499 0.58964 -0.0475826 0.288965 -0.752701
1.41665 -1.94123 0.499 -0.3429 -0.280426 0.658926 0.607945
-0.581659 -0.560412 0.497879 -0.640101 -0.0284075 -0.748024 0.172983
0.936509 1.96541 0.499 -0.348875 0.529794 0.547319 -0.545936
0.0827155 0.525764 0.499007 0.926646 0.0230168 -0.375146 -0.00789319
3.00192 0.28175 0.499 -0.169122 0.335535 0.794529 0.477009
-2.31551 -0.704404 0.499 -0.389527 -0.746071 0.389566 -0.374013
0.907367 -1.07278 0.498998 -0.512797 0.60503 -0.384861 -0.472081
-2.56826 -1.99706 0.499213 -0.816911 0.469283 -0.149384 0.300191
3.6802 1.12063 0.499 0.735321 0.47868 0.478271 0.0377456
-1.36101 0.133904 0.499 -0.13754 -0.640789 -0.544484 0.523459
3.99855 3.60495 0.499 -0.269043 -0.81693 -0.489087 0.145032
-1.39294 1.5628 0.499 0.305993 0.491599 0.806215 0.121309
1.29078 -3.0745 0.498092 0.874112 0.477619 0.0117828 0.0875702
0.889818 -0.0649767 0.499196 0.14819 -0.881744 0.293698 -0.338095
