38.3 0.010724 -1.79997 1
-1.74901 1.87831 0.499 -0.55339 0.241157 0.283716 -0.745056
1.01979 -1.6067 0.499 -0.135242 -0.372628 -0.0063243 -0.918051
-1.33633 -2.02888 0.499 0.444161 -0.6035 -0.387474 0.537004
2.16477 -0.367735 0.499 0.376765 -0.88134 0.248255 -0.140207
-1.0804 1.0053 0.499 0.309819 -0.498861 0.602797 0.540172
-2.31449 -3.14614 0.499 -0.175155 -0.050125 0.832844 0.522665
-1.19438 -0.953675 0.499 -0.287884 -0.594823 -0.354887 0.661334
-0.693876 0.0685174 0.499 0.52452 -0.240544 0.0230206 0.816386
-2.35282 -0.227496 0.499 -0.713601 -0.475256 0.511532 0.056932
1.57979 -2.44944 0.499 -0.148955 -0.807277 0.457696 0.341511
-1.86918 3.15243 0.499 0.410163 0.154281 0.856017 0.274223
2.36665 -1.36039 0.499 -0.146409 0.29012 -0.846023 -0.422658
-4.61978 -3.63333 0.499 -0.629344 0.384766 0.549744 0.391999
-3.53998 1.65922 0.499 0.693552 -0.196738 0.689668 -0.0681035
-2.44066 -1.35938 0.499 -0.513968 0.596621 0.601226 0.135676
4.88325 -1.12767 0.499 -0.120388 -0.310015 0.733462 0.592816
-4.2671 -0.816584 0.499 0.34565 -0.929595 -0.125449 0.0253276
0.770409 -0.505792 0.499 -0.525393 0.805251 0.263 0.079773
-4.36514 -2.65963 0.499 -0.065214 -0.532516 0.823462 -0.184621
4.1393 -0.0817547 0.499 -0.244124 -0.439324 -0.846251 -0.176797
-3.83248 -1.79917 0.499 -0.799873 0.00114832 -0.595017 -0.0784631
2.52081 2.81888 0.499 -0.741227 0.333663 -0.331579 0.47886
-3.19676 0.491781 0.499 -0.936439 0.114571 -0.249552 0.218357
3.57353 -3.19149 0.499 -0.105093 -0.0508353 0.125866 0.985154
-3.03924 -2.44633 0.499 -0.642694 0.229994 0.503806 -0.529365
