106.8 1.31225 1.23207 1
2.3793 -2.3011 0.499 0.494771 -0.49418 -0.240209 0.673266
4.04812 0.949658 0.499 0.73784 -0.138492 -0.614866 0.241561
5.31163 0.510477 0.499 -0.0628055 0.923172 -0.310299 -0.217998
-1.27313 -1.29691 0.499 -0.965101 -0.0914239 0.135444 -0.204635
0.197126 1.05463 0.499 0.355315 0.282875 0.707134 -0.541937
6.80354 0.780942 0.499 -0.843461 0.35188 0.338264 0.224348
1.07701 -2.82709 0.499 -0.729392 -0.18343 -0.150798 0.641561
-0.526888 -2.04695 0.499 -0.652261 0.348808 0.668041 0.0813
-0.816545 -3.89778 0.499 -0.617548 0.581029 0.457338 -0.268109
0.564423 -1.87617 0.499 0.0958318 -0.261236 0.164785 0.946265
-2.42921 -1.45727 0.499 0.377618 0.806534 -0.365455 0.27083
0.490054 -3.71336 0.499 -0.258841 -0.859053 0.215124 0.385682
4.21249 -0.917858 0.499 -0.52333 -0.430117 -0.129945 0.724044
1.74032 -3.65662 0.499 0.382259 -0.48373 0.785654 -0.0512942
-2.56184 0.0842006 0.498992 -0.535052 -0.222559 0.69924 -0.418629
-3.17903 0.893808 0.499024 -0.17786 -0.157497 -0.801233 -0.549169
1.43287 1.86755 0.499 0.227302 0.227727 -0.933297 -0.15947
3.22538 1.88691 0.499 0.687846 0.088613 0.321618 0.644654
3.55987 0.0718662 0.499 -0.797624 -0.422118 -0.429055 -0.0390464
-1.37569 1.03821 0.499 0.336393 0.498231 -0.191398 0.775869
0.504821 -0.841191 0.499 0.198331 -0.502557 0.650632 0.533647
-1.79963 2.75356 0.499 0.347486 0.90867 -0.0983762 -0.20951
3.1303 -1.13486 0.499 -0.991478 0.0649566 -0.107905 0.0333001
2.19333 -0.726388 0.499 0.0963341 -0.974787 0.145687 -0.138871
-1.81982 -2.28714 0.499 -0.0189064 -0.899749 0.212953 0.380453
