37.1 -1.12149 -1.40793 1
-1.78348 1.56687 0.499 -0.265589 -0.881342 0.0819487 -0.382076
0.749252 -1.33801 0.499 0.212789 -0.909626 -0.115533 -0.33757
-1.3703 -2.35718 0.499 0.580682 0.604968 -0.180219 0.514143
1.7228 0.0011966 0.499 0.174129 -0.800317 0.249762 0.516518
-1.17019 0.687085 0.499 -0.0576445 0.53708 0.183712 0.821262
-2.43234 -3.13912 0.499 -0.751439 0.362157 0.0744981 0.546472
-1.32952 -1.26261 0.499 0.575895 0.129448 -0.625818 0.509844
-0.822147 -0.258651 0.499 -0.0202985 0.787665 -0.127237 0.602481
-2.45257 -0.287129 0.499 -0.561148 -0.452149 -0.423668 0.548799
1.25802 -2.20446 0.499 -0.336044 -0.335193 0.133319 0.870026
-1.941 2.77765 0.499 -0.649866 0.513804 0.37418 0.416737
1.93476 -0.985121 0.499 0.428053 -0.0608697 -0.734315 -0.523303
-4.42017 -3.58594 0.499 -0.707213 0.314333 -0.620661 -0.125793
-3.47196 1.63697 0.499 -0.34795 0.0421363 0.834605 0.424959
-2.46812 -1.39745 0.499 -0.923304 0.064911 -0.154806 -0.345445
4.33264 -0.791462 0.499 -0.538522 -0.0119567 0.486823 0.687644
-4.22835 -0.74931 0.499 0.451901 -0.187678 0.0755528 0.868824
0.494566 -0.268474 0.499 -0.621728 0.521214 -0.386427 -0.438708
-4.23482 -2.59751 0.498997 -0.596098 -0.510628 0.066961 0.615989
3.57236 0.190668 0.499 0.305417 -0.4308 -0.848789 -0.0262563
-3.81437 -1.68993 0.499003 0.239219 -0.248251 -0.924395 -0.163217
2.19719 2.93085 0.499 -0.370316 0.402417 -0.834934 -0.0617394
-3.18797 0.482272 0.499 -0.149739 -0.0514966 -0.979058 -0.127956
3.11153 -2.97732 0.499 -0.230836 0.5372 -0.131416 0.800538
-3.07443 -2.37231 0.499 -0.711826 -0.574226 -0.192942 -0.355446
