36.7 -1.40329 -1.12729 1
-1.76765 1.50592 0.499 0.06072 -0.993336 0.0488553 -0.0849164
0.686389 -1.20558 0.499 0.389164 -0.907862 -0.0885001 -0.128477
-1.35431 -2.42375 0.499 0.331108 0.896189 -0.122116 0.268887
1.6028 0.167038 0.499 0.194696 -0.693861 0.172426 0.671505
-1.1728 0.623878 0.499 -0.200687 0.703096 -0.176045 0.659082
-2.44391 -3.0944 0.499028 -0.785725 0.312547 -0.269294 0.460903
-1.34725 -1.32272 0.499 0.68177 0.384906 -0.597857 0.172059
-0.837587 -0.324842 0.499 -0.315989 0.870906 -0.233556 0.295169
-2.4585 -0.264143 0.499 -0.290351 -0.416105 -0.680481 0.528676
1.17808 -2.07993 0.499 -0.288241 -0.200531 -0.0681719 0.93384
-1.93762 2.69558 0.499 -0.840404 0.367185 -0.0193764 0.398146
1.81812 -0.817167 0.499 0.534936 -0.114367 -0.589022 -0.594826
-4.32631 -3.52728 0.499 -0.489548 0.0412921 -0.813558 -0.311064
-3.42197 1.67242 0.499 -0.594722 0.0992282 0.550578 0.577341
-2.44996 -1.36727 0.499 -0.812146 -0.260914 -0.326417 -0.407178
4.17642 -0.636529 0.499 -0.600522 -0.00111136 0.325693 0.730272
-4.18811 -0.684021 0.499 0.395622 0.190431 0.0212982 0.898201
0.429935 -0.146503 0.499 -0.635435 0.272817 -0.482934 -0.537185
-4.16471 -2.53593 0.499 -0.496491 -0.386964 -0.304179 0.715004
3.41069 0.32434 0.499 0.46446 -0.375549 -0.796239 -0.09614
-3.77894 -1.60984 0.499019 0.545923 -0.268826 -0.746866 -0.268125
2.11663 3.01104 0.499 -0.269022 0.303239 -0.861611 -0.30545
-3.15773 0.521967 0.499 0.168323 -0.148604 -0.917484 -0.328341
2.98485 -2.86306 0.499 -0.300325 0.609577 -0.290839 0.673523
-3.0574 -2.30488 0.498952 -0.489673 -0.786146 -0.313053 -0.210221
