8.5 1.54217 0.928289 1
3.68285 1.1348 0.499 0.7726 0.610453 0.169544 -0.0411274
5.27706 2.0406 0.499 0.7726 0.610453 0.169544 -0.0411274
2.88575 -2.99563 0.499 0.7726 0.610453 0.169544 -0.0411274
1.40024 4.50437 0.499 0.7726 0.610453 0.169544 -0.0411274
4.73358 1.1348 0.499 0.7726 0.610453 0.169544 -0.0411274
2.15731 -4.29162 0.499 0.977114 0.0736287 0.132302 -0.149413
4.71812 -2.45068 0.498996 0.785349 0.607457 0.115465 0.0298467
5.70651 -2.29875 0.499013 0.869037 0.481799 0.0716347 0.0866781
3.78986 -0.673607 0.499134 0.774892 0.607962 0.168191 -0.0404522
4.80604 -0.676794 0.499 0.7726 0.610453 0.169544 -0.0411274
0.784302 1.85944 0.499 0.7726 0.610453 0.169544 -0.0411274
1.32778 2.76524 0.499 0.7726 0.610453 0.169544 -0.0411274
1.10659 -4.29162 0.499 0.977114 0.0736287 0.132302 -0.149413
-0.266423 5.41016 0.499 0.7726 0.610453 0.169544 -0.0411274
4.27295 -1.54928 0.498866 0.79723 0.586077 0.136171 -0.0489431
3.75532 2.94639 0.499 0.7726 0.610453 0.169544 -0.0411274
2.12488 0.156539 0.499 0.7726 0.610453 0.169544 -0.0411274
0.313287 4.5406 0.499 0.7726 0.610453 0.169544 -0.0411274
0.313287 -1.79998 0.499 0.7726 0.610453 0.169544 -0.0411274
0.820533 3.6348 0.499 0.7726 0.610453 0.169544 -0.0411274
2.88575 -1.18404 0.499 0.7726 0.610453 0.169544 -0.0411274
2.95821 3.59857 0.499 0.7726 0.610453 0.169544 -0.0411274
-0.809901 0.989873 0.499 0.7726 0.610453 0.169544 -0.0411274
5.24082 0.265235 0.499 0.7726 0.610453 0.169544 -0.0411274
1.83503 -2.9594 0.499 0.7726 0.610453 0.169544 -0.0411274
