85 1.67846 -0.650217 1
1.3151 -0.416637 0.499 0.69888 -0.0554096 0.560662 0.440629
0.219056 1.28389 0.499 -0.179364 0.173557 0.39582 -0.883761
2.26426 -1.27769 0.499 -0.438884 -0.114899 -0.119116 -0.883171
1.30539 -3.28042 0.499 0.420801 -0.655155 0.623166 -0.0732333
-0.787711 -2.68613 0.499 0.937137 -0.292738 -0.136963 0.131602
-0.911946 3.62098 0.499 -0.600452 -0.317536 -0.063327 0.731176
0.945034 0.538841 0.499 -0.76911 0.210386 0.418597 -0.434723
0.700022 -1.21819 0.499 -0.171115 -0.942597 0.284063 0.0392346
3.8019 -0.307139 0.499 0.614627 0.0630152 0.615935 0.48876
-0.0801625 -0.0581966 0.499 -0.489906 -0.217795 -0.677244 -0.503883
3.69181 -1.77073 0.499 0.386647 -0.410357 -0.161574 0.809942
2.53252 -2.48605 0.499 0.390084 0.772654 0.354403 0.353889
0.228679 3.51193 0.499 -0.151398 -0.505375 -0.327261 0.783948
1.73575 1.35996 0.499 -0.540802 -0.292946 0.599879 0.511723
2.78737 -0.387754 0.499 0.328784 0.405661 -0.834201 -0.177338
-1.3997 -1.58259 0.499 -0.222585 -0.105138 -0.388284 0.888053
-0.738559 0.848064 0.499 0.643117 -0.0982642 0.753985 -0.0908387
0.258219 2.3113 0.499 -0.853724 -0.481133 -0.109252 -0.166525
-2.16425 2.53648 0.499 0.195724 0.338994 -0.424265 -0.816563
0.39895 -2.21125 0.499 0.868682 0.153136 -0.45162 -0.134089
-0.969909 2.05585 0.499 -0.071359 0.652204 0.752851 0.0524662
-0.983273 -0.577555 0.499 0.140463 0.55334 0.817245 -0.0787065
1.95142 0.357087 0.499 -0.707287 -0.680734 -0.0027378 -0.190629
-1.82503 0.0754373 0.499 -0.172553 -0.55265 -0.756715 -0.30362
2.3128 2.44065 0.499 -0.183052 -0.189771 0.256419 0.929908
