1 1.79995 0.0134932 1
3.75651 0.873415 0.499 0.999954 0.00961854 3.57713e-05 -1.15251e-07
5.35071 1.77921 0.499 0.999954 0.00961854 3.57713e-05 -1.15251e-07
2.95941 -3.25702 0.499 0.999954 0.00961854 3.57713e-05 -1.15251e-07
1.4739 4.24298 0.499 0.999954 0.00961854 3.57713e-05 -1.15251e-07
4.80723 0.873415 0.499 0.999954 0.00961854 3.57713e-05 -1.15251e-07
2.271 -5.14108 0.499 0.999954 0.00961854 3.57713e-05 -1.15251e-07
4.8797 -2.71354 0.499 0.999954 0.00961854 3.57713e-05 -1.15251e-07
5.93042 -2.71354 0.499 0.999954 0.00961854 3.57713e-05 -1.15251e-07
3.8652 -0.93818 0.499 0.999954 0.00961854 3.57713e-05 -1.15251e-07
4.8797 -0.93818 0.499 0.999954 0.00961854 3.57713e-05 -1.15251e-07
0.857957 1.59805 0.499 0.999954 0.00961854 3.57713e-05 -1.15251e-07
1.40143 2.50385 0.499 0.999954 0.00961854 3.57713e-05 -1.15251e-07
1.22028 -5.14108 0.499 0.999954 0.00961854 3.57713e-05 -1.15251e-07
-0.192768 5.14878 0.499 0.999954 0.00961854 3.57713e-05 -1.15251e-07
4.37245 -1.84398 0.499 0.999954 0.00961854 3.57713e-05 -1.15251e-07
3.82897 2.68501 0.499 0.999954 0.00961854 3.57713e-05 -1.15251e-07
2.19854 -0.104846 0.499 0.999954 0.00961854 3.57713e-05 -1.15251e-07
0.386942 4.27921 0.499 0.999954 0.00961854 3.57713e-05 -1.15251e-07
0.386942 -2.06137 0.499 0.999954 0.00961854 3.57713e-05 -1.15251e-07
0.894189 3.37341 0.499 0.999954 0.00961854 3.57713e-05 -1.15251e-07
2.95941 -1.44543 0.499 0.999954 0.00961854 3.57713e-05 -1.15251e-07
3.03187 3.33718 0.499 0.999954 0.00961854 3.57713e-05 -1.15251e-07
-0.736246 0.728487 0.499 0.999954 0.00961854 3.57713e-05 -1.15251e-07
5.31448 0.00384939 0.499 0.999954 0.00961854 3.57713e-05 -1.15251e-07
1.90868 -3.22079 0.499 0.999954 0.00961854 3.57713e-05 -1.15251e-07
