78.7 1.78199 0.253978 1
-0.209496 -0.689748 0.497954 -0.747443 0.284741 0.57126 0.184157
-2.06641 -0.257668 0.499007 0.341568 -0.918073 0.0184506 -0.200334
2.04367 -4.9274 0.499005 0.346354 -0.121257 -0.930001 -0.020822
-0.938158 -4.96158 0.499001 0.23662 -0.585269 0.769309 -0.0981538
-1.72434 -3.52575 0.499 0.4238 0.133168 0.356431 -0.821959
-3.67543 -0.628102 0.49898 -0.4916 -0.860923 -0.0351967 -0.126103
0.470571 0.704917 0.499 0.797156 0.0651514 0.300622 0.519543
0.804867 -1.63183 0.499 -0.50277 0.313583 0.712954 0.374947
3.39948 0.27174 0.499 0.255958 -0.551771 0.383947 -0.694708
-1.05086 -1.23864 0.499199 -0.185803 -0.469271 0.332145 0.796832
4.99505 -1.83401 0.499 0.239296 0.729936 -0.23571 0.595292
0.304863 -4.94614 0.499198 0.445142 0.469952 -0.639982 -0.414026
-2.12408 1.85954 0.499 -0.535549 0.153567 0.508607 0.656448
2.68597 2.62716 0.499 0.6884 0.447323 -0.533556 0.203286
2.46669 -0.430103 0.499 0.531276 -0.406815 -0.739354 0.074847
-0.457246 -2.77483 0.499 -0.942229 0.23973 -0.0456301 -0.229459
-2.0372 -1.43829 0.496944 -0.471247 0.487958 0.0675396 -0.731616
-0.587125 0.41669 0.499 0.366862 -0.791761 0.488387 -0.00207188
-3.10859 -1.58489 0.498997 0.282391 0.56838 0.412971 -0.653188
-0.368969 -3.91305 0.499203 0.750046 -0.327495 0.126038 0.560618
-2.99035 0.12907 0.498991 0.788673 0.266714 -0.532405 -0.152984
-0.225443 -1.78827 0.498801 0.38665 0.31861 -0.753248 -0.426154
2.51273 1.47567 0.499 -0.129421 0.294139 0.841419 -0.434449
-1.54783 -2.39549 0.499 0.0654936 0.996137 0.0502604 0.0299217
0.313395 1.92936 0.499 0.368885 -0.327904 -0.869356 -0.0249664
