31.4 0.798137 1.61337 1
0.162167 0.354949 0.499 -0.918234 0.2846 0.247099 0.12162
1.53516 -0.328493 0.499 -0.732487 0.580647 -0.00728999 0.355329
0.553798 -3.58496 0.498998 0.780494 -0.596695 -0.0114227 -0.186158
1.77258 2.2621 0.499 -0.899158 0.432964 -0.0378162 -0.0512542
0.539692 -0.578654 0.498998 0.473123 0.390824 0.781708 -0.111104
-0.450068 -3.5551 0.498998 0.238988 0.464698 0.512466 -0.68141
0.45431 -2.571 0.499 0.319645 -0.525506 0.542411 0.572242
0.674813 -1.58296 0.499 0.918342 0.075153 -0.268064 0.281321
-0.74723 -0.357841 0.499166 -0.265855 0.94818 0.122387 -0.123681
1.84936 -1.41764 0.499 -0.343856 0.547708 0.135517 -0.750609
-0.180032 1.29806 0.499 0.398666 0.851436 0.300122 -0.161398
2.04254 0.883243 0.499 0.366041 0.449191 0.0629338 0.812577
-1.38953 -3.18662 0.498958 0.629898 0.54388 0.373708 -0.409592
-1.2283 1.95116 0.499 -0.272616 0.0168113 -0.471055 -0.838752
-0.535544 -1.33483 0.498845 0.718962 0.568694 -0.399598 0.00170068
3.80286 1.1372 0.499 -0.163211 0.375341 -0.00592053 -0.912385
-2.03328 0.0672492 0.499 -0.776401 0.410915 0.45003 -0.160695
1.14834 1.33505 0.499 0.441702 0.758809 0.21304 -0.428629
-1.62533 -2.21492 0.499046 -0.00370177 0.860104 0.0287219 -0.509296
2.96498 1.81637 0.499 -0.0739139 0.312631 0.391974 0.862064
-1.5413 -1.17698 0.499 0.243035 0.840077 0.191361 0.445629
2.7456 3.79443 0.499 0.739724 0.555223 0.344765 0.16023
-1.15827 0.942238 0.499 0.712262 0.605313 0.166023 0.31419
3.00264 -1.62829 0.499 0.100889 0.279094 0.777217 -0.554853
-0.631082 -2.34545 0.498999 0.418535 0.715718 -0.547017 0.115537
