55 -1.38117 -1.15428 1
0.410799 2.48018 0.499 -0.900188 -0.081932 0.425053 -0.0477368
-0.997386 -2.39637 0.499 0.554528 0.0544599 0.339663 0.757735
2.31168 -0.89306 0.499 -0.376316 0.194974 -0.570366 -0.703601
1.67269 -1.67461 0.499 0.259048 -0.803738 -0.493194 0.208946
1.44525 2.08851 0.499 0.310459 -0.190645 -0.0472204 0.930075
-1.20097 -1.32757 0.499069 -0.215538 -0.820314 0.22674 -0.478766
1.45927 0.36109 0.499 0.509017 -0.581812 0.0583047 0.631662
2.55976 0.0957458 0.499063 0.601844 -0.366506 0.33214 -0.627009
-0.051844 0.751868 0.499 -0.484317 0.392939 0.431133 -0.652043
-1.38344 -3.39085 0.499 -0.324297 0.264219 -0.907988 -0.0240175
2.59085 1.10408 0.499 -0.830231 0.429482 -0.23456 0.266916
0.779452 -2.18415 0.499 0.685184 0.608902 0.373234 -0.143031
-1.36658 -0.341399 0.498359 0.437533 -0.308726 -0.745128 0.39754
0.882151 1.19096 0.499 -0.226041 0.0277066 -0.431359 0.872965
-0.369162 -0.402002 0.49962 -0.751095 0.162817 -0.124354 -0.627601
3.72873 -1.20262 0.499 0.714184 0.0343734 0.343016 0.609179
-2.09072 -2.55189 0.499 0.320785 0.691284 0.0776138 -0.642806
0.257637 -1.30521 0.499 0.4861 -0.409435 -0.475668 0.60812
-2.59951 -3.43403 0.499 -0.385412 0.218569 0.52489 -0.726757
3.62833 -0.162611 0.499 -0.671167 -0.0217062 0.0283842 -0.740444
-2.32186 -0.658319 0.498982 0.268555 -0.455425 0.516951 -0.673222
1.99221 3.05678 0.499 0.842235 0.529529 0.00449093 0.101087
-1.06971 0.646602 0.499 0.817402 -0.512075 0.260766 -0.0404314
0.119731 -2.96974 0.498987 -0.465228 -0.528913 -0.527978 -0.474398
0.62976 -0.364449 0.498969 -0.438234 0.0568107 0.85403 0.274511
