1.8 1.79947 0.0437236 1
3.75637 0.882053 0.499 0.999513 0.0312068 0.000378151 -3.94205e-06
5.35057 1.78785 0.499 0.999513 0.0312068 0.000378151 -3.94205e-06
2.95927 -3.24838 0.499 0.999513 0.0312068 0.000378151 -3.94205e-06
1.47376 4.25162 0.499 0.999513 0.0312068 0.000378151 -3.94205e-06
4.8071 0.882053 0.499 0.999513 0.0312068 0.000378151 -3.94205e-06
2.27086 -5.13244 0.499 0.999513 0.0312068 0.000378151 -3.94205e-06
4.87956 -2.7049 0.499 0.999513 0.0312068 0.000378151 -3.94205e-06
5.93028 -2.7049 0.499 0.999513 0.0312068 0.000378151 -3.94205e-06
3.86507 -0.929541 0.499 0.999513 0.0312068 0.000378151 -3.94205e-06
4.87956 -0.929541 0.499 0.999513 0.0312068 0.000378151 -3.94205e-06
0.85782 1.60669 0.499 0.999513 0.0312068 0.000378151 -3.94205e-06
1.4013 2.51249 0.499 0.999513 0.0312068 0.000378151 -3.94205e-06
1.22014 -5.13244 0.499 0.999513 0.0312068 0.000378151 -3.94205e-06
-0.192905 5.15742 0.499 0.999513 0.0312068 0.000378151 -3.94205e-06
4.37231 -1.83534 0.499 0.999513 0.0312068 0.000378151 -3.94205e-06
3.82883 2.69365 0.499 0.999513 0.0312068 0.000378151 -3.94205e-06
2.1984 -0.0962074 0.499 0.999513 0.0312068 0.000378151 -3.94205e-06
0.386805 4.28785 0.499 0.999513 0.0312068 0.000378151 -3.94205e-06
0.386805 -2.05273 0.499 0.999513 0.0312068 0.000378151 -3.94205e-06
0.894052 3.38205 0.499 0.999513 0.0312068 0.000378151 -3.94205e-06
2.95927 -1.43679 0.499 0.999513 0.0312068 0.000378151 -3.94205e-06
3.03173 3.34582 0.499 0.999513 0.0312068 0.000378151 -3.94205e-06
-0.736383 0.737126 0.499 0.999513 0.0312068 0.000378151 -3.94205e-06
5.31434 0.0124882 0.499 0.999513 0.0312068 0.000378151 -3.94205e-06
1.90854 -3.21215 0.499 0.999513 0.0312068 0.000378151 -3.94205e-06
