13.3 0.435154 1.74661 1
3.36654 1.3686 0.499 0.013664 0.709823 0.554678 -0.433933
4.96074 2.2744 0.499 0.013664 0.709823 0.554678 -0.433933
2.56944 -2.76183 0.499 0.013664 0.709823 0.554678 -0.433933
1.08393 4.73817 0.499 0.013664 0.709823 0.554678 -0.433933
4.41726 1.3686 0.499 0.013664 0.709823 0.554678 -0.433933
1.70973 -3.41724 0.499 0.592711 -0.0668012 0.631056 -0.495983
3.92981 -2.20202 0.499 0.225478 0.873517 0.430309 0.0310093
4.60874 -1.46421 0.499 0.876457 0.468811 0.0785439 0.0766125
3.30059 -0.173147 0.499 0.269537 0.743207 0.43555 -0.430452
4.50204 -0.41995 0.499 0.0252581 0.700755 0.548231 -0.455793
0.467988 2.09324 0.499 0.013664 0.709823 0.554678 -0.433933
1.01147 2.99904 0.499 0.013664 0.709823 0.554678 -0.433933
0.700764 -3.37245 0.499 0.579936 -0.124241 0.652931 -0.471084
-0.582737 5.64397 0.499 0.013664 0.709823 0.554678 -0.433933
3.65327 -1.11082 0.499 0.380182 0.746832 0.406077 -0.364425
3.439 3.1802 0.499 0.013664 0.709823 0.554678 -0.433933
1.80857 0.390344 0.499 0.013664 0.709823 0.554678 -0.433933
-0.00302658 4.7744 0.499 0.013664 0.709823 0.554678 -0.433933
-0.00302658 -1.56618 0.499 0.013664 0.709823 0.554678 -0.433933
0.50422 3.8686 0.499 0.013664 0.709823 0.554678 -0.433933
2.56944 -0.950236 0.499 0.013664 0.709823 0.554678 -0.433933
2.6419 3.83237 0.499 0.013664 0.709823 0.554678 -0.433933
-1.12621 1.22368 0.499 0.013664 0.709823 0.554678 -0.433933
4.92451 0.49904 0.499 0.013664 0.709823 0.554678 -0.433933
1.46609 -2.42915 0.499 0.292075 0.58662 0.587649 -0.474593
