110.2 -1.34447 -1.19683 1
1.20356 -3.69281 0.499 0.828334 0.390362 -0.00179668 0.401842
1.59725 0.818997 0.498995 0.413123 -0.817695 -0.327941 0.230563
2.53393 0.442188 0.499001 0.116847 0.213307 -0.0563298 0.968336
-3.0844 -1.85642 0.499 -0.703432 -0.494897 0.471634 0.194477
-0.0198253 -0.219692 0.498717 -0.586111 0.513405 -0.625066 0.0467112
1.74177 2.30303 0.499 0.779778 -0.446582 0.437661 0.0310321
-0.262115 -2.36122 0.498993 0.679765 0.476417 -0.55316 -0.070421
-2.06022 -1.85657 0.499 -0.305057 0.884226 0.0929216 -0.341248
-2.88246 -3.45948 0.499 0.914316 -0.36429 -0.0573903 0.167406
-1.07398 -1.61593 0.499 0.426996 -0.717291 0.337903 -0.434729
-4.00838 -1.44974 0.499 -0.138772 -0.431594 -0.886833 -0.0894176
-1.2246 -2.66253 0.499021 0.0561516 0.502479 -0.730105 -0.459684
1.13687 -1.0431 0.49914 -0.331451 -0.371401 0.514944 0.697879
-0.0389579 -3.33644 0.499 -0.27392 -0.173793 -0.930451 0.170369
-3.51641 -0.229399 0.499 -0.675373 -0.0436941 0.410119 0.611363
-5.00114 -0.0280706 0.499 -0.34744 -0.823579 0.26226 0.363625
-0.192523 1.57435 0.499 -0.22818 -0.268152 0.93538 -0.0330483
0.798243 1.88579 0.499 -0.609877 0.567114 0.213567 0.510707
1.04936 -0.0444637 0.499014 -0.743979 -0.0767378 -0.10217 -0.655872
-1.22708 1.38838 0.499 -0.749061 -0.626528 0.188008 -0.104991
-1.00879 -0.357312 0.499283 -0.0830193 0.0674366 0.991353 -0.0760239
-2.86471 2.11563 0.499 -0.474964 -0.126254 -0.358671 -0.793615
1.50762 -2.66491 0.499 -0.33215 -0.372584 0.470486 -0.727668
0.233427 -1.4892 0.499044 -0.00705688 0.636513 -0.00937885 0.771177
-3.88044 -2.78148 0.499 0.202851 -0.865619 0.418201 -0.18618
