119.6 1.79347 -0.153144 1
-1.20653 -1.77112 0.498154 0.0914121 0.923794 0.351391 -0.121548
0.927175 2.5918 0.5028 -0.358762 -0.0273918 -0.400064 0.842905
3.79134 3.13207 0.499001 0.156332 -0.27422 0.947514 0.050811
1.39789 1.70631 0.498565 -0.774959 0.255879 -0.392108 0.424518
3.76874 -0.328524 0.499 0.109062 -0.764412 0.607075 -0.187722
-0.467763 1.90354 0.499 -0.750998 0.62904 -0.200651 0.00706057
-2.35127 -1.28385 0.499036 -0.421808 0.8399 0.338419 -0.0460233
-0.0857056 -0.258052 0.499 -0.404961 -0.87795 0.233308 -0.103812
-3.59194 -0.900112 0.499 0.321706 -0.462773 -0.0403156 0.825059
2.15418 2.55389 0.499 -0.282055 -0.469681 -0.580817 0.602077
-1.16824 -0.708125 0.498994 0.253432 -0.393232 0.829677 -0.304594
2.79154 1.4172 0.499 0.982609 0.00872463 -0.0658213 0.173412
2.40713 -3.50367 0.499 -0.421909 -0.863287 -0.163292 0.223749
-3.0961 -1.97772 0.542471 -0.787412 -0.528465 -0.311901 0.0585184
-3.1358 0.0488869 0.498999 0.101705 -0.292124 0.910092 -0.275776
-2.30081 0.717118 0.498962 0.586024 -0.494309 0.557129 0.319126
-1.2311 0.310583 0.499009 0.644444 0.734152 -0.0967587 -0.190655
-1.59364 2.87098 0.499 0.76405 0.519074 0.148465 0.353196
3.14596 2.36155 0.498999 -0.368639 -0.576589 0.105086 0.721532
-2.16146 -0.281913 0.499169 0.522647 -0.660669 0.438512 -0.313151
0.0992429 0.9667 0.499 -0.458466 -0.43663 -0.6099 -0.476639
-1.3835 1.31672 0.499002 -0.532243 0.359854 0.328212 -0.692459
0.99909 0.196228 0.499 -0.0240684 0.553873 0.736356 -0.387847
4.83599 -1.57636 0.499 0.103568 -0.0766503 -0.332698 -0.93419
-0.320624 -1.3317 0.499989 0.351492 0.318511 -0.182037 -0.861317
