109.3 -1.7915 0.174701 1
1.7775 -3.14375 0.499 0.51901 0.849796 -0.0919816 0.00376189
2.45941 0.847112 0.499 0.971931 -0.18406 0.136232 -0.0539635
3.46216 0.718786 0.499 -0.600376 0.570088 -0.356952 0.432589
-2.49578 -1.5438 0.497577 -0.40988 -0.817146 0.139692 0.38047
0.366337 0.252459 0.499 -0.876511 0.189763 -0.396263 0.19671
2.7847 2.25339 0.49933 0.476393 0.145332 0.402641 0.76799
0.334659 -2.09299 0.49844 0.419304 0.468751 -0.576853 -0.521245
-1.54656 -1.85063 0.49954 -0.891653 0.389748 -0.16423 -0.161492
-2.43098 -3.15468 0.499 0.73212 0.621664 -0.0838624 0.26552
-0.563095 -1.62778 0.499 0.82644 -0.437942 0.180944 0.304078
-3.48309 -1.39961 0.499883 0.137092 -0.204882 -0.692293 -0.678203
-0.805874 -2.64513 0.499 -0.0878634 0.619362 0.439097 -0.644875
1.92257 -0.809936 0.499 -0.40414 -0.474672 0.0468888 0.780486
0.676333 -3.03479 0.502055 -0.335998 0.324512 -0.814037 -0.345168
-3.28324 0.0798356 0.499 -0.459583 -0.366304 0.297845 0.752259
-4.58174 0.443965 0.499 0.283082 -0.493448 0.7234 0.391237
0.937431 1.52443 0.499034 -0.253633 -0.535126 0.803974 -0.0541885
1.8957 1.78779 0.498619 -0.680851 0.356432 -0.426197 0.477237
1.57347 0.191043 0.499 -0.385715 -0.738255 -0.206584 -0.513348
-1.29916 1.51634 0.499 0.0856692 -0.699479 0.0329441 -0.708734
-0.610596 -0.389166 0.499 -0.0473519 -0.0641813 0.714323 0.695256
-2.62193 2.51052 0.499 -0.687853 -0.139699 0.0871192 -0.706931
2.20844 -2.19653 0.499 0.0446323 -0.868815 0.297552 -0.393232
1.13086 -1.46925 0.499 0.0901472 0.784145 0.0547019 0.611554
-3.31594 -2.5001 0.499 0.62818 -0.543375 0.477431 0.286693
