71.4 1.73789 -0.468768 1
1.69016 0.223341 0.498579 0.152786 -0.0990979 -0.983068 -0.0203113
-2.20066 0.0736405 0.498995 -0.599643 0.0701331 0.016898 0.79701
2.10297 -3.00652 0.499 0.686932 0.667646 0.281039 -0.058238
-0.37327 -1.80507 0.499 0.393202 0.445276 -0.206599 -0.777456
0.699146 -0.774304 0.499 0.0754702 0.910072 0.336928 0.229245
-3.13354 -1.72861 0.49872 -0.59131 -0.799468 -0.0516324 0.0923984
0.556351 0.343991 0.499 -0.468027 0.295923 0.12824 0.82276
3.43342 -0.54424 0.499002 0.296593 -0.280684 -0.35901 -0.839262
1.24761 1.11765 0.497886 0.39895 0.5738 0.554191 0.452178
-2.1413 -0.929046 0.499005 -0.905591 -0.0213486 0.113827 0.408036
2.26958 2.00315 0.499 -0.89315 0.182255 0.11341 0.395227
0.976934 -1.82789 0.499 -0.00324254 -0.829481 -0.155067 -0.536567
-3.24517 0.054515 0.499 -0.0366528 -0.434692 -0.336421 -0.834578
0.374276 1.59551 0.500719 -0.147227 -0.448366 -0.41892 -0.775757
-0.654241 1.62656 0.499 0.629563 0.032775 -0.431571 -0.645231
3.36067 -3.21449 0.499 0.0576978 0.305565 -0.933989 0.175969
-1.51772 -2.10455 0.499 -0.134778 -0.768602 -0.386128 -0.491925
-0.648923 0.066079 0.499 0.0966026 0.618302 0.763438 0.159791
-1.41629 -3.32026 0.499 0.887777 -0.335527 0.143559 -0.280471
2.06296 -1.77713 0.499 -0.0978707 0.975196 0.0821053 -0.180758
-3.86863 -1.05311 0.499297 0.946554 0.0118115 -0.00517517 0.322287
2.43696 -0.460269 0.498998 -0.591457 0.047244 0.771308 0.230283
-1.94255 1.68967 0.499 0.656097 -0.714041 0.115546 -0.215247
-0.937256 -0.947652 0.499 0.551308 0.431315 0.515575 0.494176
-1.35209 0.801055 0.499 -0.558954 -0.157673 -0.290417 -0.760505
