103.9 -0.587142 -1.70155 1
1.31644 -0.307931 0.499016 -0.26233 0.182187 0.816438 0.481061
2.36529 2.58451 0.499 -0.812401 0.411581 0.301857 0.281936
2.68092 1.42702 0.499 0.625798 0.619705 -0.417671 -0.22337
-1.07902 0.298431 0.498966 0.0776524 0.335961 -0.648556 -0.678584
-0.960559 2.43557 0.502805 0.573433 -0.0734906 0.389329 -0.717075
3.70956 1.141 0.499 -0.491214 0.710758 0.477736 -0.159057
0.176545 0.00454062 0.500355 -0.393197 0.763902 -0.50112 -0.103583
-0.624523 -0.592014 0.497817 0.298684 0.369202 0.173863 -0.862699
-0.820638 -2.47978 0.499048 0.865529 -0.472511 0.164627 0.0221411
-0.0755163 0.983603 0.496734 -0.572044 0.157264 0.186646 -0.783069
-2.35565 -1.43635 0.498998 -0.561089 0.701792 -0.0149666 0.438684
-0.343284 -1.54924 0.499067 -0.497018 0.682153 -0.52645 0.102429
2.36509 -0.432117 0.499 -0.491958 0.51279 -0.165171 0.683917
0.448344 -2.1597 0.499013 -0.463279 -0.750661 -0.176964 -0.436537
-2.59265 -0.431141 0.499 0.188028 -0.487365 -0.591685 -0.614028
-2.93561 2.76454 0.499 0.453684 -0.274065 0.614637 0.584192
-0.405751 3.28699 0.499013 -0.552791 0.118507 0.769744 -0.296433
1.79027 3.46512 0.499 -0.799183 -0.280793 -0.363829 0.387414
1.65741 1.77248 0.499 0.38966 0.863413 -0.315171 0.0578799
-2.09287 0.628643 0.499034 -0.282872 -0.761548 -0.129889 -0.568469
0.375525 1.8702 0.502007 -0.728648 0.605139 0.0877214 0.308518
-1.8208 3.24018 0.498996 0.547176 -0.374887 0.451545 -0.596796
1.32575 0.779435 0.499001 0.623831 0.228023 0.640067 -0.386206
0.572238 3.04245 0.49883 -0.126846 0.946052 -0.0843636 -0.28597
-1.35644 -1.63673 0.498953 -0.427139 0.243897 -0.852543 -0.17674
