116.4 -1.78605 -0.223677 1
-1.8489 -1.41451 0.499 0.698528 0.197041 -0.675892 -0.128074
-0.768495 3.79698 0.499 0.181356 0.259304 0.929353 -0.190194
2.43156 2.12602 0.499 0.0260031 -0.592027 -0.798353 0.107053
-1.19199 1.34805 0.499 0.0798249 0.742369 0.223041 -0.626713
1.55925 -0.293514 0.499 0.760011 -0.0185922 -0.0911511 0.643217
-2.6229 5.01972 0.50041 0.596208 -0.384879 0.672895 0.208844
-2.72941 -0.856037 0.499 -0.510078 -0.805875 0.227899 0.19608
-2.20624 2.38399 0.499 -0.783644 0.263692 -0.436053 -0.355284
-3.84762 -1.15146 0.499 0.173182 -0.205977 -0.963074 -0.00833058
0.294149 1.27338 0.498928 -0.0100685 0.455993 0.635922 -0.622553
-2.49191 1.29624 0.499 0.273195 0.0955686 0.131224 -0.948162
0.470835 0.260698 0.499 -0.838014 0.297943 -0.027263 0.45631
2.4216 -2.41149 0.499 -0.233792 0.745339 -0.347052 -0.519005
-3.26448 -2.11168 0.499 0.863484 -0.144752 -0.320077 -0.36193
-3.21607 2.12325 0.499517 -0.0736991 0.824336 0.247058 0.503984
-4.82878 1.73437 0.499 0.0649538 0.0885561 -0.657257 -0.745622
-2.51789 3.96479 0.498999 -0.291422 -0.54853 0.00572897 -0.783681
-3.84368 5.01879 0.514948 0.322544 0.0501981 0.48135 0.813479
1.26417 1.58377 0.498991 -0.0745114 0.184274 -0.798402 -0.568371
-3.03197 3.10515 0.498485 0.237606 0.310662 -0.918921 -0.0511555
-1.18733 2.55711 0.499 0.317436 -0.557379 0.109355 -0.759345
-4.39198 3.03353 0.499 -0.73039 0.117386 -0.573733 -0.351542
-0.767237 -0.534163 0.499 0.0759746 -0.361464 0.029047 0.928831
2.03405 -1.4165 0.499 -0.450859 -0.175937 0.128625 0.86558
-1.94024 0.436308 0.499 -0.429971 0.226993 0.870526 0.0760468
