62.8 -0.512567 -1.72548 1
-0.223884 3.46123 0.498995 -0.118601 -0.555409 0.674012 -0.472401
-1.84628 0.897732 0.499085 -0.409098 0.518109 0.364617 0.656701
0.655024 -0.280059 0.498996 0.381689 -0.020532 -0.451642 0.806171
0.701844 -2.33338 0.499 -0.0163392 -0.642363 0.251247 -0.723863
0.279952 2.08668 0.498946 -0.356076 0.913011 -0.172103 0.10001
-2.77294 0.0881573 0.499 -0.0151183 0.296757 -0.888489 0.349707
0.16332 0.596392 0.498999 0.595317 0.785063 0.0335696 0.16777
1.66179 0.821371 0.499 0.828524 -0.0853894 -0.329138 -0.444888
-1.34225 3.46126 0.498998 0.677225 -0.41619 0.115939 0.595575
-1.70713 -0.225305 0.499 0.566643 0.608637 -0.0242265 -0.554879
1.93484 2.15658 0.499 0.490583 -0.625613 -0.222905 -0.564137
0.1229 -1.43245 0.499 0.0910849 -0.0188578 -0.814268 0.572989
-3.84062 0.559757 0.499 -0.768503 0.382606 0.0178673 -0.512539
-0.472166 1.37593 0.499004 -0.148979 0.247827 -0.893636 -0.343224
-1.51922 2.46846 0.499003 0.492013 -0.27181 -0.660517 -0.497755
1.14999 -1.14887 0.499007 -0.689657 -0.237541 0.566808 0.382984
-2.5628 -2.46113 0.499 -0.0048737 0.235645 -0.655083 0.717853
-0.352465 -0.35682 0.498999 -0.174326 0.807737 0.469934 0.310376
-3.47053 -3.08499 0.499 -0.640044 -0.75272 0.150425 -0.0335952
2.21074 -0.0618866 0.499 -0.128383 -0.021431 -0.267986 0.95459
-3.69287 -2.08697 0.499 -0.326978 -0.0692558 -0.409013 0.849116
0.695825 3.01249 0.499003 -0.702609 -0.564655 0.402158 -0.160543
-2.57313 1.6204 0.499001 0.320883 0.0385932 -0.335601 0.884826
-0.812309 -1.7879 0.499 -0.72815 0.00792525 0.356858 0.585138
-0.919058 0.472039 0.499002 0.851368 0.035343 -0.50984 -0.118264
