1.7 1.79958 0.0390005 1
3.7564 0.880704 0.499 0.999612 0.0278347 0.000300754 -2.79678e-06
5.3506 1.7865 0.499 0.999612 0.0278347 0.000300754 -2.79678e-06
2.9593 -3.24973 0.499 0.999612 0.0278347 0.000300754 -2.79678e-06
1.47379 4.25027 0.499 0.999612 0.0278347 0.000300754 -2.79678e-06
4.80713 0.880704 0.499 0.999612 0.0278347 0.000300754 -2.79678e-06
2.27089 -5.13379 0.499 0.999612 0.0278347 0.000300754 -2.79678e-06
4.87959 -2.70625 0.499 0.999612 0.0278347 0.000300754 -2.79678e-06
5.93031 -2.70625 0.499 0.999612 0.0278347 0.000300754 -2.79678e-06
3.8651 -0.93089 0.499 0.999612 0.0278347 0.000300754 -2.79678e-06
4.87959 -0.93089 0.499 0.999612 0.0278347 0.000300754 -2.79678e-06
0.857851 1.60534 0.499 0.999612 0.0278347 0.000300754 -2.79678e-06
1.40133 2.51114 0.499 0.999612 0.0278347 0.000300754 -2.79678e-06
1.22017 -5.13379 0.499 0.999612 0.0278347 0.000300754 -2.79678e-06
-0.192874 5.15607 0.499 0.999612 0.0278347 0.000300754 -2.79678e-06
4.37234 -1.83669 0.499 0.999612 0.0278347 0.000300754 -2.79678e-06
3.82887 2.6923 0.499 0.999612 0.0278347 0.000300754 -2.79678e-06
2.19843 -0.0975571 0.499 0.999612 0.0278347 0.000300754 -2.79678e-06
0.386836 4.2865 0.499 0.999612 0.0278347 0.000300754 -2.79678e-06
0.386836 -2.05408 0.499 0.999612 0.0278347 0.000300754 -2.79678e-06
0.894083 3.3807 0.499 0.999612 0.0278347 0.000300754 -2.79678e-06
2.9593 -1.43814 0.499 0.999612 0.0278347 0.000300754 -2.79678e-06
3.03176 3.34447 0.499 0.999612 0.0278347 0.000300754 -2.79678e-06
-0.736352 0.735776 0.499 0.999612 0.0278347 0.000300754 -2.79678e-06
5.31437 0.0111386 0.499 0.999612 0.0278347 0.000300754 -2.79678e-06
1.90858 -3.2135 0.499 0.999612 0.0278347 0.000300754 -2.79678e-06
