42.9 0.590513 1.70038 1
-2.69197 4.50194 0.499 0.15439 0.615434 -0.586865 0.502986
0.981766 -1.20692 0.499 -0.196028 0.175537 -0.812694 0.519894
-0.857468 0.265609 0.499 -0.363054 -0.556025 0.664584 0.342574
2.78389 -0.352226 0.499 -0.949551 -0.00156106 -0.303364 -0.0795056
-1.44023 3.78847 0.499 0.803322 0.141589 0.57766 -0.0305675
-1.82896 -1.62098 0.499 0.273164 0.521338 0.598867 -0.543089
-1.36047 1.92264 0.499012 0.135745 -0.861925 0.445346 0.200813
-0.926153 2.92155 0.499 0.11765 -0.491226 0.495794 -0.70643
-2.5775 2.065 0.499 0.0593435 0.622683 0.777158 -0.0690567
1.73813 -1.95879 0.499 -0.464973 0.697655 0.431839 -0.332556
-0.882876 5.49648 0.499 -0.422669 -0.0419455 0.636687 -0.6436
2.94714 -1.36917 0.499 0.302732 -0.145317 -0.166489 0.927102
-2.66884 -0.73996 0.499 -0.392595 0.812235 -0.431379 -0.00741196
-1.93403 2.90375 0.499 -0.80213 -0.587136 -0.00799429 -0.108607
-1.90827 1.08478 0.498988 0.378861 0.917263 0.0883098 -0.0854118
5.30112 -0.578401 0.496637 0.112373 0.834228 0.0497897 -0.537547
-3.94219 1.53292 0.499 -0.319391 -0.673042 0.353475 -0.565738
0.752714 0.014236 0.499 0.744362 0.353265 -0.566113 0.0254176
-3.64921 0.280809 0.499 -0.00829676 -0.0939364 0.936038 -0.339027
5.17964 0.415937 0.498819 -0.15606 0.15599 0.462244 0.858861
-2.92816 1.05867 0.499 -0.531758 -0.142371 -0.815333 -0.179434
2.68626 3.81939 0.499 0.840117 0.147313 0.104703 0.511409
-3.6659 2.56336 0.499 -0.0478914 0.144817 0.528197 0.83531
4.17599 -2.53084 0.522121 0.522861 0.300075 0.616417 -0.506558
-2.10399 0.0981838 0.499 -0.880549 0.267661 0.0047991 0.391112
