17.3 -1.12315 1.40661 1
2.9047 1.2689 0.499694 -0.419825 0.0310324 0.04459 -0.905978
4.47765 2.15778 0.497888 -0.421619 0.0427787 0.0807019 -0.902161
1.98888 -2.9209 0.499 -0.355642 0.119424 0.198666 -0.905422
0.638678 4.64099 0.499 -0.418446 0.0181822 0.0378235 -0.907272
3.89761 1.35165 0.498605 -0.40876 0.0936711 0.0151779 -0.907695
0.998438 -3.09013 0.499 -0.391205 -0.356534 0.435602 -0.728075
2.73691 -2.24659 0.499 0.267467 0.717767 0.532781 -0.359743
3.18039 -1.28872 0.499 0.974441 -0.00541833 0.0908156 -0.205398
2.33786 0.392967 0.499007 0.232214 0.143992 -0.459759 -0.844965
3.79204 -0.387484 0.499 -0.375425 0.363611 -0.155326 -0.838282
0.0227364 1.99606 0.499 -0.418446 0.0181822 0.0378235 -0.907272
0.566215 2.90186 0.499 -0.418446 0.0181822 0.0378235 -0.907272
0.0201159 -2.86904 0.499 -0.45145 -0.453981 0.322724 -0.697096
-1.02799 5.54679 0.499 -0.418446 0.0181822 0.0378235 -0.907272
2.25368 -0.796773 0.499 0.719084 0.293644 0.172862 -0.605648
2.99375 3.08302 0.499 -0.418446 0.0181822 0.0378235 -0.907272
1.34098 0.296602 0.498993 -0.402544 0.0374775 0.0464079 -0.913455
-0.448278 4.67722 0.499 -0.418446 0.0181822 0.0378235 -0.907272
-0.448278 -1.66336 0.499 -0.418446 0.0181822 0.0378235 -0.907272
0.0589683 3.77142 0.499 -0.418446 0.0181822 0.0378235 -0.907272
1.21301 -0.894164 0.499 0.21962 0.477193 0.389701 -0.756431
2.19665 3.73519 0.499 -0.418446 0.0181822 0.0378235 -0.907272
-1.57147 1.1265 0.499 -0.418446 0.0181822 0.0378235 -0.907272
4.34269 0.458821 0.499535 -0.445695 0.142895 0.0579025 -0.881808
0.921262 -1.96425 0.499 -0.0330664 -0.38023 0.0980104 -0.91909
