5.3 1.76021 0.376381 1
3.74515 0.977106 0.499 0.963685 0.265549 0.0280674 -0.00255058
5.33936 1.8829 0.499 0.963685 0.265549 0.0280674 -0.00255058
2.94805 -3.15333 0.499 0.963685 0.265549 0.0280674 -0.00255058
1.46255 4.34667 0.499 0.963685 0.265549 0.0280674 -0.00255058
4.79588 0.977106 0.499 0.963685 0.265549 0.0280674 -0.00255058
2.25388 -4.84357 0.499002 0.996725 0.0749998 0.0210806 -0.0216919
4.86834 -2.60985 0.499 0.963685 0.265549 0.0280674 -0.00255058
5.91907 -2.60985 0.499 0.963685 0.265549 0.0280674 -0.00255058
3.85385 -0.834489 0.499 0.963685 0.265549 0.0280674 -0.00255058
4.86834 -0.834489 0.499 0.963685 0.265549 0.0280674 -0.00255058
0.846603 1.70174 0.499 0.963685 0.265549 0.0280674 -0.00255058
1.39008 2.60754 0.499 0.963685 0.265549 0.0280674 -0.00255058
1.20316 -4.84357 0.499002 0.996725 0.0749998 0.0210806 -0.0216919
-0.204121 5.25247 0.499 0.963685 0.265549 0.0280674 -0.00255058
4.3611 -1.74029 0.499 0.963685 0.265549 0.0280674 -0.00255058
3.81762 2.7887 0.499 0.963685 0.265549 0.0280674 -0.00255058
2.18718 -0.0011553 0.499 0.963685 0.265549 0.0280674 -0.00255058
0.375589 4.3829 0.499 0.963685 0.265549 0.0280674 -0.00255058
0.375589 -1.95768 0.499 0.963685 0.265549 0.0280674 -0.00255058
0.882835 3.47711 0.499 0.963685 0.265549 0.0280674 -0.00255058
2.94805 -1.34174 0.499 0.963685 0.265549 0.0280674 -0.00255058
3.02052 3.44087 0.499 0.963685 0.265549 0.0280674 -0.00255058
-0.747599 0.832178 0.499 0.963685 0.265549 0.0280674 -0.00255058
5.30313 0.10754 0.499 0.963685 0.265549 0.0280674 -0.00255058
1.89733 -3.1171 0.499 0.963685 0.265549 0.0280674 -0.00255058
