58.7 1.36539 1.17291 1
0.696201 2.90781 0.498505 0.431433 0.117828 -0.809923 0.379482
-0.0323063 -2.19467 0.497529 0.347092 -0.140529 -0.361908 -0.853699
3.09444 -2.95238 0.499016 -0.343754 -0.621258 -0.528524 0.465332
2.5516 -3.8404 0.499 -0.333479 0.577696 0.100825 0.738169
1.44108 1.28439 0.499 0.0972027 0.812943 0.571931 -0.0507037
-1.16148 -1.55178 0.499 -0.23306 0.660656 0.679432 -0.218146
1.51046 -0.933885 0.504041 -0.547899 0.70762 0.424757 -0.136606
3.04505 -1.91367 0.499 -0.834227 -0.334368 -0.0658782 0.433501
0.00651445 -0.20944 0.498999 -0.305212 -0.408965 -0.777891 0.366714
0.00294335 -3.29914 0.501557 0.515492 0.171909 0.0465022 0.838184
2.77843 -0.626328 0.499 0.69455 0.2819 -0.660578 -0.0420621
1.42948 -3.44017 0.497915 -0.619203 -0.201029 -0.500421 -0.570748
-1.56457 -0.553187 0.499 0.105586 -0.363464 0.530271 -0.758656
0.933158 0.222627 0.497796 0.820077 0.444176 0.204252 -0.297426
-0.202448 -1.20109 0.499005 -0.0544575 0.0691619 0.101582 0.990925
4.33139 -4.03627 0.525135 0.284054 0.310114 -0.491735 -0.762456
-0.925649 -2.63553 0.500046 -0.637878 0.767631 -0.0619343 0.0042595
1.01879 -2.52603 0.498567 0.308137 -0.684952 -0.0503284 -0.6583
-1.72915 -3.26948 0.499 0.211756 0.59095 -0.762822 0.155049
4.10154 -3.04069 0.650453 0.211657 -0.35754 -0.909457 -0.0159481
-2.28302 -1.44133 0.499 -0.799601 0.445236 0.260647 0.307355
1.69087 3.02842 0.499495 -0.417062 -0.284753 0.0904731 -0.858364
-1.23413 0.432897 0.49899 -0.508709 0.780509 0.0545124 -0.359235
0.62992 -4.05606 0.506695 -0.36119 -0.139073 0.42509 0.818229
0.738152 -1.56436 0.498911 0.320659 0.755613 -0.562228 0.100632
