49.2 1.38257 -1.15261 1
-1.76286 2.44038 0.498052 -0.243693 -0.218975 0.943155 -0.0558734
0.474727 -2.85116 0.499 -0.275896 0.678725 0.525791 -0.432155
0.947297 0.0551602 0.499932 0.441544 -0.760063 -0.360755 -0.311769
1.34067 -0.997951 0.498994 0.0490813 0.53526 0.18477 -0.822768
0.19481 2.5496 0.499 -0.836121 0.27213 -0.387725 -0.276616
-0.50867 -1.91049 0.499 0.485803 -0.474442 0.439853 0.587733
0.634338 1.14683 0.499 -0.0809046 0.686838 -0.626485 -0.359478
1.10975 2.12783 0.499 -0.0863148 0.479442 0.343825 0.802788
-1.50694 1.45071 0.49965 -0.111827 -0.939611 -0.0976477 0.308368
0.807032 -4.05813 0.498998 -0.389407 -0.880438 0.248292 0.107437
1.84942 2.80451 0.499 0.000785887 -0.0457744 -0.994599 0.0931539
1.22487 -2.18159 0.499163 -0.725137 0.267657 0.221995 -0.594353
-1.18354 -0.320256 0.499015 0.114496 0.776885 0.00110315 0.619144
-0.3766 1.72492 0.499 0.659747 0.49697 0.029646 -0.562918
-0.839114 0.706637 0.499114 0.104831 -0.559534 0.16811 0.80478
1.93446 -0.0933191 0.497675 0.515004 0.323414 0.612207 -0.505347
-2.96117 0.117585 0.499011 0.215469 0.667998 -0.70904 0.0679184
0.480914 -1.51158 0.498842 -0.208022 0.587156 -0.657633 -0.423666
-3.22302 -1.27485 0.499 0.501222 0.0557485 -0.159477 -0.848667
2.82072 0.366596 0.499861 0.724485 -0.157425 0.669469 0.0463674
-1.97616 0.317143 0.498982 -0.663322 0.642342 0.371323 0.0975721
2.92146 2.97088 0.499 -0.929924 0.101292 -0.0231003 0.35277
-2.49142 1.62581 0.498997 0.249827 -0.873165 -0.28044 -0.310682
1.64169 -3.50736 0.499002 0.0973618 -0.74793 0.639881 0.147217
-0.0508315 0.0920558 0.498205 -0.683696 -0.520881 0.0130839 -0.510952
