95.6 -1.79385 0.148697 1
0.0502081 -0.364662 0.499063 -0.161863 0.107677 -0.899273 -0.391808
0.795696 1.55641 0.499 0.49829 -0.842739 -0.0673718 0.192247
0.650539 0.464225 0.499002 0.152587 -0.511494 -0.667976 0.518555
-1.84928 -1.95977 0.499 0.644237 -0.0669424 -0.537884 -0.539591
-3.98482 -1.8969 0.499 0.197985 -0.531128 0.220759 0.793707
1.64869 0.652335 0.498998 0.375905 0.326272 -0.843308 -0.202665
-1.26331 -0.217724 0.499 -0.331685 -0.757773 -0.561095 0.030618
-2.70953 -1.36191 0.499 0.656934 -0.736578 0.0431939 -0.154999
1.23888 -3.1061 0.499 0.0923494 -0.73922 0.446451 0.495689
-2.29618 -0.318818 0.499 0.629925 0.165747 -0.676409 -0.343793
0.109524 -3.34428 0.499 -0.0875963 0.216498 0.310919 -0.921295
-0.23889 -1.32734 0.498904 0.105882 0.240508 -0.866412 0.424588
2.22984 -0.345807 0.499 0.816903 0.405704 0.0949787 0.398814
1.0919 -0.559756 0.499 -0.853118 -0.497668 0.156429 -0.0068496
0.588994 -2.15803 0.499 0.610944 0.357397 0.0125592 0.706298
-3.34205 -0.468402 0.499 0.152823 -0.0496005 -0.918082 0.362367
-1.91646 0.669277 0.499 -0.770857 -0.086608 -0.193406 0.600726
0.25659 2.48359 0.499 0.0118836 0.772211 -0.296719 -0.5617
-0.985305 1.85202 0.499 0.862621 0.0452857 -0.183952 -0.469038
-3.64191 -2.99712 0.499 -0.05356 0.613773 -0.222359 0.755626
-1.41696 3.09474 0.499 0.785189 0.423149 -0.172741 0.417833
-5.24968 0.223946 0.499 -0.6608 -0.150954 0.681786 -0.275181
-0.479021 0.489442 0.499 0.0450619 0.0162704 -0.994445 0.0937208
-2.67948 1.58792 0.499 0.164999 0.514689 0.696483 0.471998
1.88076 -2.07392 0.499 0.0251827 0.460187 -0.338418 -0.820406
