9.2 1.44938 1.06738 1
3.65634 1.17454 0.499 0.695371 0.68 0.223362 -0.064563
5.25054 2.08034 0.499 0.695371 0.68 0.223362 -0.064563
2.85924 -2.95589 0.499 0.695371 0.68 0.223362 -0.064563
1.37373 4.54411 0.499 0.695371 0.68 0.223362 -0.064563
4.70706 1.17454 0.499 0.695371 0.68 0.223362 -0.064563
2.11805 -4.15252 0.499 0.96101 0.071275 0.180942 -0.196568
4.62967 -2.40852 0.498995 0.721041 0.676932 0.134099 0.062289
5.60284 -2.17849 0.499015 0.858446 0.49544 0.0709864 0.112121
3.74984 -0.608428 0.499 0.717947 0.660328 0.212294 -0.0587404
4.77953 -0.637052 0.499 0.695371 0.68 0.223362 -0.064563
0.757789 1.89918 0.499 0.695371 0.68 0.223362 -0.064563
1.30127 2.80498 0.499 0.695371 0.68 0.223362 -0.064563
1.06732 -4.15252 0.499 0.96101 0.071275 0.180942 -0.196568
-0.292936 5.4499 0.499 0.695371 0.68 0.223362 -0.064563
4.2294 -1.49003 0.499 0.739626 0.646457 0.17006 -0.0782696
3.7288 2.98614 0.499 0.695371 0.68 0.223362 -0.064563
2.09837 0.196281 0.499 0.695371 0.68 0.223362 -0.064563
0.286774 4.58034 0.499 0.695371 0.68 0.223362 -0.064563
0.286774 -1.76024 0.499 0.695371 0.68 0.223362 -0.064563
0.794021 3.67454 0.499 0.695371 0.68 0.223362 -0.064563
2.85924 -1.1443 0.499 0.695371 0.68 0.223362 -0.064563
2.9317 3.63831 0.499 0.695371 0.68 0.223362 -0.064563
-0.836414 1.02961 0.499 0.695371 0.68 0.223362 -0.064563
5.21431 0.304977 0.499 0.695371 0.68 0.223362 -0.064563
1.80851 -2.91966 0.499 0.695371 0.68 0.223362 -0.064563
