108.2 -0.808405 1.60825 1
2.74294 -2.71605 0.500834 0.334143 0.908613 -0.249937 -0.0173694
3.77702 0.784597 0.49927 0.635588 0.489197 0.0705666 -0.593072
4.78215 0.860857 0.502608 -0.743441 0.533459 -0.0744678 -0.396449
-1.69249 -1.45213 0.499034 -0.362898 -0.906827 0.0119947 0.214069
0.374236 0.750407 0.499 -0.723606 0.153192 0.63674 0.217919
4.93177 2.09348 0.499007 -0.656886 0.119009 0.202699 0.716415
1.21216 -2.04402 0.499 -0.307481 0.430811 -0.350699 -0.772572
-0.900045 -2.0957 0.500118 -0.898435 -0.221281 -0.188113 0.329337
-1.63078 -2.93302 0.499 -0.224534 0.861616 -0.253032 0.378388
0.083714 -1.8033 0.499 0.600528 -0.180178 -0.267445 0.731694
-2.88515 -1.42183 0.499 0.0328314 0.564074 -0.445431 -0.694502
-0.226004 -2.82987 0.497907 0.117545 -0.0228599 0.938655 0.323399
3.65551 -0.799202 0.499001 -0.225657 -0.410352 -0.703022 0.535211
1.61553 -3.17857 0.499 -0.087957 0.750022 0.270228 -0.597249
-2.87799 0.231627 0.499 -0.207444 -0.627509 0.613395 0.432373
-3.91554 0.810096 0.499 0.704272 0.0754611 0.525689 -0.471123
1.74955 1.33921 0.499 -0.0894685 -0.385585 0.552577 -0.73347
3.13126 1.54821 0.545928 -0.611989 0.497694 -0.471609 0.39415
2.92351 0.262806 0.498669 0.28108 -0.836826 -0.256475 -0.393621
-1.2512 1.4555 0.499 0.656728 0.285435 -0.467918 -0.517965
0.0116226 -0.643666 0.499001 0.2485 -0.373529 0.24345 0.859916
-2.18776 2.77466 0.499 -0.641173 0.48817 0.42404 -0.413252
3.23965 -1.84577 0.534192 0.102177 -0.954396 -0.26769 -0.0838432
2.24727 -1.80756 0.502427 0.680354 0.444587 0.412505 0.411462
-2.49185 -2.3427 0.499 0.825269 -0.359788 0.273932 0.338298
