8.7 1.51771 0.967762 1
3.67586 1.14608 0.499 0.752004 0.63118 0.184103 -0.0469922
5.27007 2.05188 0.499 0.752004 0.63118 0.184103 -0.0469922
2.87876 -2.98436 0.499 0.752004 0.63118 0.184103 -0.0469922
1.39325 4.51564 0.499 0.752004 0.63118 0.184103 -0.0469922
4.72659 1.14608 0.499 0.752004 0.63118 0.184103 -0.0469922
2.14678 -4.25215 0.499 0.973247 0.0731742 0.144967 -0.162544
4.69387 -2.43885 0.498994 0.76797 0.627985 0.119648 0.0392546
5.67865 -2.26516 0.499017 0.865814 0.486116 0.0714314 0.0946324
3.779 -0.655043 0.499001 0.759608 0.623407 0.17986 -0.0448363
4.79905 -0.665515 0.499 0.752004 0.63118 0.184103 -0.0469922
0.777313 1.87072 0.499 0.752004 0.63118 0.184103 -0.0469922
1.32079 2.77651 0.499 0.752004 0.63118 0.184103 -0.0469922
1.09605 -4.25215 0.499 0.973247 0.0731742 0.144967 -0.162544
-0.273412 5.42144 0.499 0.752004 0.63118 0.184103 -0.0469922
4.26111 -1.53246 0.498999 0.781852 0.603776 0.144809 -0.0564926
3.74833 2.95767 0.499 0.752004 0.63118 0.184103 -0.0469922
2.11789 0.167818 0.499 0.752004 0.63118 0.184103 -0.0469922
0.306298 4.55188 0.499 0.752004 0.63118 0.184103 -0.0469922
0.306298 -1.7887 0.499 0.752004 0.63118 0.184103 -0.0469922
0.813544 3.64608 0.499 0.752004 0.63118 0.184103 -0.0469922
2.87876 -1.17276 0.499 0.752004 0.63118 0.184103 -0.0469922
2.95123 3.60985 0.499 0.752004 0.63118 0.184103 -0.0469922
-0.81689 1.00115 0.499 0.752004 0.63118 0.184103 -0.0469922
5.23383 0.276514 0.499 0.752004 0.63118 0.184103 -0.0469922
1.82804 -2.94812 0.499 0.752004 0.63118 0.184103 -0.0469922
