68.3 -1.79871 -0.0682498 1
0.562905 3.7634 0.499026 0.942647 -0.139232 -0.301958 0.0292039
-1.97286 3.15205 0.498999 0.472435 0.681794 0.530768 0.17392
1.40412 1.2619 0.499199 0.15454 -0.828101 0.508276 -0.178948
-0.0607693 -0.519408 0.499 0.528511 -0.209162 0.125411 0.813142
0.907127 2.27537 0.499412 0.590661 -0.204354 0.77965 -0.0388053
-1.38774 0.629322 0.503727 0.301738 -0.285153 -0.845531 0.335737
-0.166768 3.07729 0.498974 -0.182908 -0.284197 0.600983 -0.72429
2.54531 2.87172 0.497317 0.442865 0.294874 -0.478088 0.698822
0.118103 4.67198 0.499 0.936244 -0.137308 0.184143 0.265866
-0.96626 1.5696 0.524266 0.533201 -0.207799 0.487142 -0.659704
1.84194 4.05884 0.498494 0.495739 0.296489 0.106594 -0.809305
0.597559 0.680281 0.515264 -0.0667195 0.249089 -0.495323 0.829553
-2.807 2.60033 0.499001 -0.136659 -0.313621 0.796689 0.49825
-2.0343 4.1578 0.499 -0.497587 0.795348 -0.345925 -0.0128042
-3.03725 4.04661 0.498993 -0.00206025 -0.962905 -0.268494 0.0268629
1.75941 0.33012 0.498817 0.276447 -0.392735 -0.690191 -0.54127
-1.06555 -0.518993 0.499 0.277148 0.075584 -0.904415 0.315451
-0.0301027 1.92452 0.497028 -0.323 -0.589521 0.0604038 -0.737894
-1.60219 -1.40606 0.499 0.905751 -0.345189 -0.244997 -0.0208615
1.89392 2.12605 0.507383 0.224161 -0.613077 0.59045 -0.474613
-2.77892 1.57404 0.499 0.0697441 0.791555 0.508845 -0.33114
1.40999 3.14978 0.499485 -0.356191 0.56274 -0.0529631 -0.744075
-3.85458 3.47046 0.499007 -0.57714 0.382796 -0.398987 -0.600987
-0.395541 0.689134 0.497617 -0.259479 -0.917402 0.073762 0.292581
-1.09122 2.62308 0.499 -0.158924 -0.552771 -0.362938 -0.733119
