38.5 0.21755 -1.78681 1
-1.73809 1.95266 0.499 -0.502357 0.426093 0.329895 -0.676204
1.07006 -1.62904 0.499 -0.157233 -0.229547 0.0619313 -0.958515
-1.32549 -1.95173 0.499 0.340092 -0.736933 -0.409612 0.416516
2.24361 -0.406786 0.499 0.447066 -0.82887 0.227326 -0.247848
-1.06026 1.08077 0.499 0.35655 -0.639091 0.540471 0.415121
-2.28967 -3.12488 0.499 -0.0325322 -0.159675 0.853752 0.494524
-1.16668 -0.879749 0.499 -0.411611 -0.667931 -0.283983 0.551179
-0.667323 0.145484 0.499 0.548247 -0.413875 -0.00627658 0.7267
-2.33102 -0.195119 0.499 -0.616451 -0.466206 0.63298 -0.0444722
1.63859 -2.46783 0.499 -0.0569345 -0.856601 0.457481 0.231741
-1.85203 3.23733 0.499 0.565491 0.0438896 0.784987 0.249177
2.44381 -1.4005 0.499 -0.264685 0.344373 -0.792749 -0.427666
-4.64787 -3.6188 0.499 -0.498021 0.262425 0.696011 0.445732
-3.54615 1.68537 0.499 0.821479 -0.190578 0.525392 -0.113208
-2.43091 -1.3306 0.499 -0.37479 0.575789 0.682779 0.248622
4.98019 -1.16126 0.499 -0.0201338 -0.372876 0.716091 0.589722
-4.26839 -0.805358 0.499 0.314541 -0.91651 -0.174744 -0.174751
0.821558 -0.522907 0.499 -0.505431 0.753665 0.376282 0.186924
-4.38169 -2.64755 0.499 0.113881 -0.453676 0.833164 -0.295037
4.23896 -0.10472 0.499 -0.317757 -0.428832 -0.807078 -0.252503
-3.83032 -1.79494 0.499 -0.902344 0.0222241 -0.419057 -0.0983498
2.57992 2.82265 0.499 -0.784866 0.252409 -0.223446 0.519949
-3.19304 0.515804 0.499 -0.969519 0.0820658 -0.0512556 0.225103
3.6557 -3.20475 0.499 -0.0837038 -0.175265 0.112109 0.974529
-3.0282 -2.43623 0.499 -0.533259 0.326817 0.620785 -0.472708
