42 1.41814 1.10854 1
-2.23851 4.01527 0.499 -0.111285 0.48721 -0.414943 0.760305
1.25818 -1.25849 0.499 -0.556009 0.133362 -0.191455 0.797755
-0.833068 -0.11836 0.499 0.0497641 -0.647011 0.684511 -0.332181
2.93173 -0.328613 0.499 -0.736713 0.59149 0.325616 -0.0369866
-1.20769 3.20191 0.499001 0.912114 0.276696 -0.0511119 -0.298118
-1.79385 -1.91081 0.499 0.777658 0.605632 0.101152 -0.135009
-1.19232 1.32337 0.498148 0.360872 -0.756595 0.401256 -0.369227
-0.850556 2.26543 0.498298 0.336093 -0.291805 0.360152 -0.819867
-2.37308 1.5058 0.497697 0.520678 0.486901 0.639499 0.287858
1.97612 -2.02814 0.499 0.23588 0.878656 0.408119 -0.0759193
-0.943149 5.10613 0.499 0.405381 0.341488 0.569233 -0.628511
3.10254 -1.34081 0.499 -0.000333933 -0.790256 0.219113 0.572263
-2.69507 -1.30613 0.499 -0.530032 0.646672 0.216986 0.503784
-1.8469 2.35616 0.507662 -0.846361 -0.154004 0.261908 -0.437447
-1.80566 0.532563 0.499546 0.471516 0.703661 -0.0299281 0.530697
5.98519 -0.987633 0.499 0.315009 0.837786 -0.185991 -0.405328
-3.78645 1.03491 0.499 -0.0738816 -0.153079 0.408272 -0.896896
1.02515 -0.060862 0.499 0.407119 -0.195687 -0.816511 0.359541
-3.53277 -0.23166 0.499 0.658931 -0.0623466 0.651593 -0.370607
5.2916 0.254937 0.499 0.127776 -0.420947 0.80925 0.389348
-2.81081 0.607395 0.499701 -0.963223 -0.00561041 -0.262315 -0.0579745
2.92286 3.65028 0.499 0.716385 -0.494401 -0.170393 0.461873
-3.42002 2.01361 0.499 0.314992 -0.304374 0.491146 0.752936
4.40225 -2.67521 0.499 0.875265 0.235417 -0.0454095 -0.420032
-2.13529 -0.428345 0.499 -0.454426 0.023801 0.629246 0.630063
