47 -1.17526 -1.36337 1
-4.07012 3.85137 0.523121 -0.102621 -0.60388 0.425544 -0.666115
0.035616 -2.52805 0.499 0.133717 -0.886753 0.133767 -0.421776
-0.425211 0.347665 0.499 0.759593 -0.502611 -0.409868 0.0490794
1.08979 -0.862123 0.499 -0.22867 -0.799096 0.505651 0.231241
-1.81609 3.83109 0.498996 -0.258885 0.680222 -0.681335 -0.0778413
-1.41807 -1.94851 0.499 -0.24684 0.3258 0.00388357 0.912638
-1.24467 2.2079 0.498986 0.852423 0.449982 -0.220203 -0.149673
-1.00434 3.19874 0.515086 0.356647 0.717057 0.269321 0.534882
-3.30322 2.54355 0.499077 -0.172892 -0.342372 0.132765 0.913927
0.572167 -3.40273 0.499 -0.140795 0.261393 -0.781359 0.548934
-0.244332 3.85236 0.498975 0.230525 0.633026 -0.270369 0.687776
0.852366 -1.87165 0.507822 0.474553 -0.65511 -0.373609 -0.453924
-2.14245 -0.0653828 0.499587 -0.656192 0.258043 0.662459 -0.252929
-2.30686 2.88276 0.499 0.860058 0.0882918 0.502332 0.0129209
-1.97733 1.50839 0.555204 -0.66245 0.0845207 0.127336 0.733349
1.84074 -0.127151 0.499 -0.735418 -0.576751 0.331972 0.12772
-4.09488 1.92365 0.538368 0.83941 0.0905483 0.496321 0.202133
0.0448053 -1.2691 0.499172 -0.0630843 -0.499149 -0.357943 -0.786605
-3.83687 0.815738 0.497777 0.521823 -0.418672 0.0199543 0.742978
2.75071 0.378785 0.498997 -0.837998 -0.206349 -0.427439 0.269214
-2.98725 1.38968 0.498981 -0.265188 -0.298955 0.573976 -0.71474
2.18156 2.94331 0.499 0.017961 0.295909 -0.647205 -0.702311
-4.36751 2.88525 0.499229 0.0682446 -0.259833 -0.94512 0.18595
1.58505 -3.32317 0.499 -0.403555 0.251798 -0.864798 0.160827
-1.44781 0.655462 0.502458 -0.395462 -0.897648 0.188558 0.0477843
