82.4 -1.66491 -0.68417 1
1.44463 0.644372 0.498984 0.542404 0.801781 0.208904 -0.138941
-0.0390339 1.59931 0.498885 -0.253418 0.206096 0.56248 -0.759553
1.9442 -1.009 0.497919 0.890407 -0.0197443 -0.0109075 0.454606
0.0714325 -2.5439 0.499 0.982752 -0.00516031 0.0568376 0.175899
-1.70685 -2.67448 0.499 -0.17051 0.970799 -0.0602216 0.157639
-2.51969 2.27275 0.499 0.250471 0.189673 -0.0222242 -0.949102
1.37908 1.65529 0.499 0.210325 -0.229509 -0.714512 -0.626547
0.889843 -0.228394 0.499019 0.0538042 0.526503 -0.778082 0.33836
3.40395 0.626761 0.499087 -0.789747 -0.0760677 0.607999 -0.0291596
0.198071 0.620811 0.498788 0.0442041 0.568722 -0.0237516 -0.820998
3.31601 -0.537388 0.499004 -0.312802 0.709034 0.13323 0.617799
1.58269 -1.94204 0.501149 -0.424604 0.282456 0.567944 0.646041
-0.301005 2.95756 0.499 -0.525693 -0.761964 0.282711 -0.251263
1.7875 3.11917 0.499 -0.253765 0.21247 -0.574168 -0.74886
2.46582 0.0120664 0.498996 0.634127 0.167341 0.405569 -0.636705
-0.887761 -1.2082 0.522742 -0.138873 0.904758 -0.368798 -0.161603
-1.43758 0.427306 0.499 -0.134997 -0.164413 -0.562081 0.799255
0.636385 2.35459 0.499006 0.141858 0.559904 -0.704383 -0.412588
-2.23794 1.30816 0.499 0.284194 -0.220193 0.173716 0.916827
0.739129 -1.29632 0.499 -0.494147 0.297475 0.776282 0.254389
-1.03546 1.77001 0.50589 -0.496455 -0.837619 0.225426 0.033298
-0.130426 -0.499312 0.498984 -0.222814 -0.820635 -0.520678 0.0762023
2.64822 1.68067 0.498982 0.165114 -0.126724 -0.972076 0.108379
-1.70722 -0.642942 0.498344 0.608098 0.728027 0.0983918 -0.300853
1.12142 4.48594 0.499 -0.264497 -0.32517 0.890103 -0.178949
