113.3 1.63914 0.743779 1
0.135087 -4.48982 0.501375 -0.315398 0.0867257 0.0631795 -0.942874
-0.0734459 1.57366 0.497186 0.579058 0.300996 0.598984 0.464018
1.93341 0.574671 0.499 -0.205918 0.213714 -0.368725 -0.880889
-1.95324 -0.789388 0.498995 0.488956 -0.691015 0.410821 0.338594
0.0906056 -0.812621 0.498996 -0.941688 -0.0393042 -0.212124 0.25823
-0.174122 3.24661 0.499005 -0.388537 0.301619 0.397375 0.774699
-0.93704 -2.88148 0.499 -0.366042 -0.749889 0.0749562 -0.545949
-1.96134 0.291141 0.497721 0.761798 -0.195744 0.612934 -0.0752281
-2.112 -2.95544 0.499 -0.598956 0.353464 -0.102819 -0.711156
-0.92981 -0.657277 0.499008 -0.751566 -0.275241 -0.584617 0.132715
-2.96891 -0.83398 0.499057 -0.0896807 -0.381792 0.247222 0.886044
-1.27904 -1.88131 0.498985 0.15546 -0.745679 0.60503 -0.231807
1.57154 -1.91226 0.499 0.875979 -0.182414 -0.006775 0.446476
-1.3702 -4.08308 0.499 0.680784 0.142607 0.681916 -0.226245
-2.95911 0.239578 0.49923 0.0476305 -0.909801 0.273498 0.308534
-3.95726 0.188865 0.49914 0.252629 -0.443582 0.667599 0.541964
-1.09251 1.85772 0.498996 0.799301 0.382319 0.193314 -0.421403
-1.11065 2.89604 0.498995 0.8362 -0.132759 -0.519577 0.114821
0.937016 0.0373022 0.499 0.335652 0.442975 0.744093 0.370724
-2.08824 1.28587 0.501572 -0.881889 0.384454 0.0145798 0.272497
-1.05195 0.791563 0.499 0.381718 0.762372 -0.384501 0.353892
-3.20848 1.43698 0.499 -0.679193 0.415887 0.598464 -0.087041
0.059049 -3.49804 0.502625 -0.019403 -0.616623 -0.633501 0.466986
0.356143 -1.92569 0.499 0.7108 0.429523 -0.265555 0.489647
-2.47949 -1.80832 0.499 -0.481529 0.0669727 -0.793844 -0.365316
