110.6 -0.826333 -1.59912 1
1.01149 -3.939 0.499 0.807252 0.0381481 -0.0854664 0.582739
1.29271 0.828347 0.499 -0.0968081 -0.846232 -0.509343 0.122837
2.19432 0.308131 0.499 0.433464 -0.176018 0.136381 0.873228
-3.2916 -2.00869 0.499 -0.693797 -0.285786 0.661039 9.93819e-05
-0.146496 -0.394787 0.499 -0.515474 0.610468 -0.590942 0.111368
1.37143 2.32031 0.49894 0.634484 -0.627642 0.182548 -0.412519
-0.41625 -2.51109 0.499 0.627799 0.445363 -0.582346 0.26152
-2.24007 -1.88087 0.499 0.112544 0.9392 0.241733 -0.216338
-3.02002 -3.58502 0.499 0.648338 -0.740882 -0.17363 0.0245723
-1.24541 -1.62909 0.499 0.100341 -0.594023 0.215853 -0.768424
-4.18276 -1.48756 0.499 -0.387274 -0.420981 -0.799545 0.18309
-1.42881 -2.70033 0.499 -0.0165809 0.292972 -0.955589 0.0272557
0.891443 -1.19607 0.499 -0.207339 -0.346591 0.688704 0.60214
-0.294212 -3.50811 0.499 -0.327828 -0.380065 -0.775177 0.38364
-3.56072 -0.387865 0.499 -0.676539 0.0432783 0.564369 0.471072
-5.12693 -0.256533 0.499 -0.549504 -0.827623 0.0244361 0.111751
-0.44893 1.49005 0.499347 -0.141539 -0.274638 0.928213 -0.207274
0.446066 1.94114 0.497903 -0.416472 0.618011 0.531172 0.403076
0.887386 -0.18326 0.499 -0.723327 0.344794 0.0848581 -0.592211
-1.43641 1.33424 0.498713 -0.916998 -0.346068 0.196503 -0.0271593
-1.17616 -0.39738 0.499 0.0817575 0.185886 0.872529 -0.444359
-2.9125 1.92068 0.499 -0.387797 0.0374731 -0.494049 -0.777255
1.25729 -2.88662 0.499 -0.386584 0.0600308 0.460289 -0.796921
-0.100282 -1.53279 0.499 0.0412321 0.486507 0.0651977 0.870265
-4.06885 -2.91482 0.499 0.00995133 -0.821919 0.25627 -0.508601
