89.8 -1.13776 -1.39482 1
0.347696 -1.61672 0.499 0.492831 0.519693 -0.18321 -0.673402
0.197822 1.0582 0.499 0.308109 0.660086 -0.443462 0.522204
1.28908 -0.979514 0.499 -0.0173793 0.792379 0.53365 -0.295044
0.84908 -3.65949 0.499 0.364566 -0.116846 -0.876844 0.290832
-1.53212 -2.33071 0.499 -0.459816 0.152562 -0.186509 -0.854698
0.665173 3.55483 0.499 0.0319451 0.0661748 0.772329 -0.630958
-0.220415 -0.78114 0.499 0.808738 0.330763 -0.485742 0.0243689
-0.912913 -1.52216 0.499 -0.203749 0.831906 0.00238596 -0.516153
3.21933 -1.11886 0.499 0.00186508 -0.388258 -0.533906 -0.75113
-1.19315 -0.520738 0.499 -0.126462 0.141016 0.837009 0.51336
1.57234 -2.33237 0.499 -0.765741 0.249088 -0.57608 -0.140452
0.544271 -2.62651 0.499 0.880102 -0.325488 0.044999 -0.342714
1.49598 2.62571 0.499 -0.354002 -0.270603 -0.2378 -0.86308
1.20333 0.811378 0.499 0.835176 0.308599 0.0360255 -0.453818
2.1429 -0.113333 0.499006 -0.334524 -0.438699 -0.820489 -0.149781
-3.34726 -1.42769 0.499 0.160976 -0.98246 -0.00686725 -0.0938712
-1.49213 1.67442 0.499 -0.277907 0.181208 -0.0294258 -0.942903
-1.0595 2.60169 0.499 -0.170237 -0.427751 0.830348 0.31396
-3.59214 3.48788 0.499001 0.683392 -0.299584 -0.48753 0.453365
-0.458768 -2.91486 0.499 -0.347526 0.09028 -0.650919 -0.668864
-2.00307 3.62677 0.499 0.83145 0.472086 0.0095353 -0.292807
-3.23368 -0.246853 0.499 0.913312 0.204 -0.282391 0.210949
0.57374 -0.152229 0.499 0.476216 0.472263 0.72453 -0.158878
-3.26569 2.52218 0.499 -0.657586 0.270464 0.4607 0.531212
3.14805 0.195899 0.498994 -0.408733 -0.150023 0.743801 0.507139
