63.3 0.303361 -1.77425 1
-0.0404392 3.08562 0.499 -0.223344 -0.16231 0.884334 -0.376466
-1.91207 1.0516 0.499006 -0.018344 0.582322 0.623067 0.521874
0.591715 -0.178624 0.498992 0.387997 -0.0420303 -0.426989 0.815704
0.614491 -2.26308 0.499 -0.33554 -0.174836 -0.0190857 -0.925463
0.472091 1.89316 0.499 -0.284989 0.687794 -0.438738 0.50322
-2.82555 0.2053 0.498124 -0.138698 0.246305 -0.52976 0.799657
0.0646793 0.694493 0.499 0.707861 0.640457 0.0531373 0.293128
1.68294 1.08779 0.499 0.492852 -0.471105 -0.711528 -0.169955
-1.1893 3.35276 0.498997 0.880324 -0.472231 0.0425141 -0.0148526
-1.86721 -0.0818015 0.499793 0.813522 0.348838 -0.461501 -0.0592525
1.96753 2.40512 0.499 0.239149 -0.51237 -0.736762 -0.370765
0.0731745 -1.34307 0.4983 -0.330004 -0.145655 -0.498051 0.78856
-3.97329 0.599681 0.499 -0.489134 0.803684 0.0507823 -0.335053
-0.659888 1.42839 0.49902 -0.413151 0.350392 -0.831361 -0.123979
-1.69168 2.34611 0.498965 0.314049 -0.13068 -0.89977 -0.273331
1.036 -1.07492 0.499737 -0.501603 0.0739944 0.856921 0.0927631
-2.6061 -2.52894 0.499 -0.118347 0.0423355 -0.340169 0.931926
-0.410821 -0.241579 0.498999 0.386084 0.757917 0.460924 0.25308
-3.49859 -3.22822 0.499 -0.78336 -0.519689 0.31306 -0.135145
2.14984 0.101847 0.499 -0.32019 -0.27685 0.274536 0.863402
-3.71841 -2.2351 0.499 -0.450513 -0.227277 -0.184956 0.843312
1.03563 2.79966 0.499 -0.523752 -0.606751 0.352445 -0.483031
-2.63943 1.74487 0.499 0.322633 -0.255038 -0.0669845 0.909053
-0.882145 -1.63637 0.498972 -0.13834 0.397118 0.681872 0.598506
-1.06541 0.515155 0.499303 0.70417 -0.0791153 -0.705204 -0.0239147
