111.8 1.04949 -1.46238 1
0.618625 -4.53631 0.499 -0.0305586 -0.777757 -0.584062 0.230286
0.583657 0.953734 0.499 -0.786346 0.311078 0.174262 -0.504502
1.44247 0.0390266 0.505737 0.429088 -0.652062 -0.00664284 -0.625024
-3.46977 -2.26788 0.512674 0.0944799 0.255351 0.911804 -0.307382
-0.375062 -0.790413 0.499102 -0.597826 0.5366 -0.247478 0.541682
0.624011 2.53334 0.499 -0.524775 0.199169 -0.445762 -0.697309
-0.672293 -2.86934 0.499 -0.309294 -0.122012 -0.487314 0.80745
-2.59944 -1.85121 0.502955 0.781888 0.0573647 0.151573 0.601985
-3.25883 -3.80611 0.499 -0.50652 -0.504862 -0.272886 -0.643494
-1.66665 -1.53399 0.499543 -0.596274 0.434545 -0.224004 -0.636749
-4.35457 -1.72065 0.499247 -0.781565 -0.425833 -0.0218169 0.455353
-1.84963 -2.6828 0.499 -0.363318 -0.653665 0.047969 0.662133
0.37538 -1.5915 0.499 0.620941 -0.30456 0.722265 -0.00276049
-0.841017 -3.94857 0.499 -0.361723 -0.843016 0.261306 0.300334
-3.48691 -0.766911 0.499 -0.120338 -0.044448 0.984893 0.116315
-4.50289 -0.710714 0.498939 -0.645384 -0.708599 0.203544 -0.19984
-0.969304 1.20673 0.498672 0.465777 -0.0861946 0.611033 -0.634241
-0.318666 2.19368 0.499 0.609701 0.194061 0.768445 0.00983846
0.581586 -0.48142 0.499039 0.122463 0.70131 0.581297 0.394031
-1.97386 1.19017 0.497699 -0.825567 0.422072 0.369616 0.0606538
-1.47517 -0.405561 0.499 0.55671 0.559787 -0.211761 -0.576082
-2.93903 1.46199 0.499027 -0.314652 0.679012 -0.355683 -0.559845
0.700602 -3.43008 0.499 -0.0180219 0.963124 0.134815 0.232147
-0.661105 -1.75061 0.499 0.203132 -0.24172 0.153057 0.93642
-4.0928 -3.02396 0.516446 -0.23516 0.202778 -0.241014 -0.919507
