8.8 1.50488 0.987598 1
3.6722 1.15175 0.499 0.741267 0.641314 0.191634 -0.0501625
5.2664 2.05754 0.499 0.741267 0.641314 0.191634 -0.0501625
2.8751 -2.97869 0.499 0.741267 0.641314 0.191634 -0.0501625
1.38959 4.52131 0.499 0.741267 0.641314 0.191634 -0.0501625
4.72292 1.15175 0.499 0.741267 0.641314 0.191634 -0.0501625
2.1413 -4.23231 0.499 0.971106 0.0728913 0.151656 -0.169237
4.68144 -2.43287 0.49899 0.758974 0.638064 0.122087 0.0439062
5.66421 -2.24814 0.499023 0.864249 0.488154 0.0713573 0.0984253
3.7734 -0.645745 0.499 0.751684 0.630994 0.185967 -0.0472662
4.79539 -0.659848 0.499 0.741267 0.641314 0.191634 -0.0501625
0.773646 1.87638 0.499 0.741267 0.641314 0.191634 -0.0501625
1.31712 2.78218 0.499 0.741267 0.641314 0.191634 -0.0501625
1.09057 -4.23231 0.499 0.971106 0.0728913 0.151656 -0.169237
-0.277079 5.42711 0.499 0.741267 0.641314 0.191634 -0.0501625
4.255 -1.524 0.499 0.773824 0.612533 0.149457 -0.0605116
3.74466 2.96334 0.499 0.741267 0.641314 0.191634 -0.0501625
2.11423 0.173485 0.499 0.741267 0.641314 0.191634 -0.0501625
0.302632 4.55754 0.499 0.741267 0.641314 0.191634 -0.0501625
0.302632 -1.78304 0.499 0.741267 0.641314 0.191634 -0.0501625
0.809878 3.65175 0.499 0.741267 0.641314 0.191634 -0.0501625
2.8751 -1.16709 0.499 0.741267 0.641314 0.191634 -0.0501625
2.94756 3.61551 0.499 0.741267 0.641314 0.191634 -0.0501625
-0.820557 1.00682 0.499 0.741267 0.641314 0.191634 -0.0501625
5.23017 0.282181 0.499 0.741267 0.641314 0.191634 -0.0501625
1.82437 -2.94246 0.499 0.741267 0.641314 0.191634 -0.0501625
