47.9 -0.127447 -1.79548 1
-3.24458 2.99025 0.499969 -0.313201 -0.405386 0.633741 -0.579603
0.18232 -2.79153 0.499 -0.222177 -0.348056 0.0959134 -0.905702
0.18256 0.396948 0.499 0.203144 -0.839382 -0.501824 -0.0483934
0.969175 -0.999819 0.498996 -0.107307 -0.43102 0.596194 -0.668775
-1.1626 3.01583 0.499 -0.571691 0.520564 -0.634103 -0.00981713
-0.919426 -1.95616 0.499 0.0146631 -0.103183 0.468492 0.877299
-0.330226 1.35317 0.50208 0.541703 0.700007 -0.327781 -0.330316
-0.1803 2.38935 0.499 0.062034 0.594436 0.332257 0.729659
-2.84119 2.07709 0.49816 -0.292115 -0.633039 0.458195 0.551351
0.619948 -3.79632 0.499 -0.537076 -0.0413351 -0.310795 0.783101
0.490634 3.1349 0.499 0.0827277 0.400308 -0.58751 0.698385
0.94994 -2.12842 0.499 -0.18914 -0.408421 -0.593862 -0.666893
-1.70256 -0.00178507 0.498332 -0.0784463 0.859578 0.496063 -0.0943025
-1.84331 2.12311 0.51717 0.937029 0.321441 0.0163534 -0.135594
-1.69105 1.12347 0.498965 -0.409085 0.0308215 0.306176 0.859043
1.3923 -0.0870971 0.499003 -0.132144 0.196702 0.627816 -0.741413
-3.7453 1.11724 0.499001 0.917115 0.123664 0.161766 0.342694
0.0975639 -1.49507 0.499 -0.299035 0.122623 -0.558097 -0.764244
-3.65236 0.0488858 0.498999 0.466067 -0.86889 -0.133111 0.100466
2.50784 0.239446 0.499 -0.44416 -0.160311 0.728921 0.495678
-2.73488 1.06445 0.497936 -0.263352 0.427249 0.3021 -0.810457
2.47922 2.81525 0.499 -0.376634 0.623069 -0.677405 -0.105143
-3.8491 2.19082 0.499197 -0.176526 -0.487977 -0.847364 0.112655
1.59329 -3.53935 0.499 -0.850337 -0.0706524 -0.0909383 0.513483
-0.824996 0.480653 0.499395 -0.620872 -0.688124 0.00425845 -0.375481
