99 1.78927 -0.196232 1
0.428107 -0.385946 0.505117 -0.850501 -0.0251759 -0.388312 -0.353875
2.10977 2.52594 0.499 -0.005999 0.71331 0.609352 -0.346185
1.06754 0.685209 0.49905 0.224098 -0.368364 0.843352 -0.320695
-1.83326 -0.676161 0.499004 0.0422639 0.324577 0.879768 -0.344778
-3.69007 -0.949093 0.499 -0.0706698 0.134081 -0.233414 -0.960493
2.09139 0.760787 0.499 -0.0992824 -0.788824 -0.269904 -0.543187
-0.554998 -0.193819 0.497802 0.0404148 0.167043 0.9608 0.217549
-2.67734 -1.22991 0.498997 0.0914953 -0.283518 0.0579996 -0.952829
-0.560703 -3.92627 0.499 0.0197872 0.972565 0.0638485 0.222821
-1.45285 0.251869 0.507869 -0.450391 -0.704234 0.280973 0.471441
-1.85531 -4.31329 0.529265 -0.194819 0.644767 -0.246165 0.696939
-0.328807 -1.30868 0.498997 0.480211 -0.756097 0.106814 -0.431631
1.56535 -0.502487 0.499 -0.451523 0.176654 -0.133769 -0.864307
0.844655 -1.29505 0.498664 0.734297 0.166611 -0.258344 0.605232
-1.85404 -3.29371 0.49963 0.0494038 -0.41588 -0.449681 -0.788917
-2.82297 1.04823 0.498954 -0.187308 -0.435033 0.880677 0.00834816
-1.95686 1.54408 0.49889 0.88325 -0.307972 -0.170388 0.309823
1.13526 3.3211 0.499 -0.330583 -0.687837 -0.591824 0.259499
0.411944 1.66654 0.498998 -0.331565 0.0978617 0.932624 -0.103439
-3.02626 -2.17407 0.499 -0.310204 -0.694763 0.0487848 -0.647069
-0.765445 2.04276 0.499 -0.342777 0.241372 -0.163222 -0.893086
-3.36673 0.121914 0.499 -0.093962 0.246175 0.798669 -0.541014
0.0362416 0.610106 0.499254 -0.259648 -0.134716 -0.695953 0.655808
-1.70998 2.5013 0.499156 -0.262767 -0.785876 -0.53826 -0.153717
0.0606588 -2.44897 0.499 -0.0527767 -0.749581 0.450956 -0.481645
