64 1.30456 -1.24021 1
0.270556 2.64428 0.498963 -0.137094 0.426944 0.892925 0.0401071
-1.93229 1.28234 0.500559 0.491506 0.428158 0.656928 0.378877
0.621216 0.00447129 0.499269 0.286335 -0.191713 -0.536296 0.770484
0.548252 -2.07862 0.499 -0.518006 0.598834 -0.147312 -0.592763
0.790268 1.70924 0.498989 -0.199504 -0.0735108 -0.632389 0.744902
-2.69876 0.226485 0.49921 -0.308852 0.131112 -0.159734 0.928388
0.0186052 0.874144 0.499 0.723878 0.36856 -0.124175 0.569864
1.77487 1.54211 0.499011 -0.309371 -0.558322 -0.760859 0.116873
-0.863891 3.25187 0.499 0.509793 -0.00104168 -0.1032 -0.854084
-1.72482 -0.0363943 0.531531 0.657966 -0.101043 -0.629365 0.400962
2.43952 2.71737 0.499021 0.0653154 -0.288192 -0.954131 -0.0480949
0.046362 -1.16214 0.499 -0.726627 -0.32191 0.0788439 0.601806
-3.61181 0.675456 0.531359 -0.281393 0.916719 -0.280161 -0.0442147
-0.762817 1.66701 0.502446 -0.784378 0.435732 -0.389492 0.207809
-1.77516 2.27661 0.49882 -0.0156181 0.0723397 -0.995008 -0.0669523
1.02524 -0.909336 0.49973 -0.0147331 0.408667 0.892878 -0.188528
-2.60219 -2.54404 0.499 -0.280547 -0.402483 0.0381143 0.870545
-0.376453 -0.0519366 0.500082 0.864935 0.436869 0.166904 0.182142
-3.46765 -3.3537 0.499 -0.68867 -0.218058 0.636892 -0.269357
2.1257 0.412446 0.499 -0.268 -0.611788 0.711646 0.217832
-3.68352 -2.36944 0.499 -0.503073 -0.617603 0.0893138 0.597919
1.27326 2.63582 0.499037 -0.0906956 -0.70357 0.39592 -0.583105
-2.76127 1.90304 0.499001 0.353097 -0.614612 0.229716 0.666937
-0.947697 -1.34811 0.499 0.747242 0.459149 0.425468 0.223132
-1.03468 0.699749 0.498667 0.412746 -0.0567624 -0.906531 0.0679687
