76 -1.24183 -1.30302 1
-0.290203 -0.842574 0.499 0.589801 -0.311003 0.131361 0.733592
-3.15317 -0.123144 0.499 -0.237455 -0.167463 0.13516 0.947261
1.51386 -4.63416 0.499 0.803168 0.448425 0.36249 0.149792
-1.37023 -4.86712 0.499 -0.722029 -0.395063 -0.0651207 0.564232
-1.48429 -3.28953 0.499 -0.440271 -0.495585 0.361659 0.655561
-4.1314 -0.892571 0.499 0.49937 -0.152193 -0.490895 -0.697488
-1.12068 -0.207835 0.499 0.136781 0.614145 0.777246 0.00255084
1.58168 -1.51763 0.499002 0.794203 -0.333292 -0.50768 0.020473
2.26994 0.0967922 0.499 0.585574 -0.237962 0.0387467 0.773935
-2.35114 -1.25428 0.499 -0.113642 0.168582 -0.899069 -0.387738
3.45979 -0.179407 0.499 0.687654 0.479173 0.538377 -0.0876064
-0.293648 -4.54812 0.499 -0.222343 -0.369819 0.863762 -0.260216
-3.02538 1.37056 0.499 0.804246 -0.0602587 -0.584134 -0.0913549
1.78698 1.82417 0.499 -0.243451 0.805868 0.523673 -0.130673
1.21854 0.234779 0.499 0.901539 -0.175293 0.00778531 0.395525
0.752527 -2.71474 0.499 0.514968 0.315036 0.58438 0.542273
-3.58309 -1.73875 0.499 -0.14973 -0.987363 0.0485371 -0.0184379
-2.15374 -0.0364675 0.499 -0.156781 -0.688585 0.32022 0.63145
-4.30689 -2.70911 0.499 -0.674787 -0.648857 -0.0860584 0.340941
-0.464822 -3.34795 0.499 -0.701104 0.658322 -0.132294 -0.239924
-4.17058 0.138667 0.499 -0.570708 0.613369 -0.267084 0.476168
0.584635 -1.44087 0.498998 0.278134 -0.0539868 0.956897 0.0638414
0.681631 1.19214 0.499 0.737817 -0.571298 0.0612846 0.354244
-1.29689 -2.02914 0.499 -0.0480604 -0.828175 0.538451 0.14794
-1.01691 1.07655 0.499 0.212371 0.946725 -0.179716 0.162213
