2.4 1.79832 0.0777197 1
3.75604 0.891768 0.499 0.99846 0.0554664 0.0011964 -2.21675e-05
5.35025 1.79756 0.499 0.99846 0.0554664 0.0011964 -2.21675e-05
2.95894 -3.23867 0.499 0.99846 0.0554664 0.0011964 -2.21675e-05
1.47343 4.26133 0.499 0.99846 0.0554664 0.0011964 -2.21675e-05
4.80677 0.891768 0.499 0.99846 0.0554664 0.0011964 -2.21675e-05
2.27054 -5.12272 0.499 0.99846 0.0554664 0.0011964 -2.21675e-05
4.87923 -2.69519 0.499 0.99846 0.0554664 0.0011964 -2.21675e-05
5.92996 -2.69519 0.499 0.99846 0.0554664 0.0011964 -2.21675e-05
3.86474 -0.919826 0.499 0.99846 0.0554664 0.0011964 -2.21675e-05
4.87923 -0.919826 0.499 0.99846 0.0554664 0.0011964 -2.21675e-05
0.857492 1.61641 0.499 0.99846 0.0554664 0.0011964 -2.21675e-05
1.40097 2.5222 0.499 0.99846 0.0554664 0.0011964 -2.21675e-05
1.21981 -5.12272 0.499 0.99846 0.0554664 0.0011964 -2.21675e-05
-0.193233 5.16713 0.499 0.99846 0.0554664 0.0011964 -2.21675e-05
4.37198 -1.82562 0.499 0.99846 0.0554664 0.0011964 -2.21675e-05
3.82851 2.70336 0.499 0.99846 0.0554664 0.0011964 -2.21675e-05
2.19807 -0.0864931 0.499 0.99846 0.0554664 0.0011964 -2.21675e-05
0.386478 4.29756 0.499 0.99846 0.0554664 0.0011964 -2.21675e-05
0.386478 -2.04301 0.499 0.99846 0.0554664 0.0011964 -2.21675e-05
0.893724 3.39177 0.499 0.99846 0.0554664 0.0011964 -2.21675e-05
2.95894 -1.42707 0.499 0.99846 0.0554664 0.0011964 -2.21675e-05
3.03141 3.35554 0.499 0.99846 0.0554664 0.0011964 -2.21675e-05
-0.736711 0.74684 0.499 0.99846 0.0554664 0.0011964 -2.21675e-05
5.31401 0.0222025 0.499 0.99846 0.0554664 0.0011964 -2.21675e-05
1.90822 -3.20244 0.499 0.99846 0.0554664 0.0011964 -2.21675e-05
