67.4 -1.2712 1.27438 1
0.662509 3.5686 0.499 0.556546 0.276669 -0.760611 0.187571
-1.82652 2.80168 0.498144 0.313511 0.789087 0.268529 0.454912
1.46037 1.45508 0.499006 0.586209 -0.405657 0.440933 -0.545326
0.0739881 -0.610172 0.499 0.260923 -0.103656 -0.369838 0.88566
1.20942 2.42421 0.498993 0.882137 -0.337869 0.327152 -0.0254935
-1.34659 0.441354 0.499 -0.0836962 -0.306775 -0.94475 -0.0795745
0.0121039 2.79291 0.499 0.373058 0.273774 0.867795 -0.181127
2.95321 3.40028 0.498715 0.0663759 0.0536912 -0.731483 0.676494
0.100026 4.46958 0.499 0.383908 -0.0845588 -0.524595 0.755159
-0.710228 1.39285 0.499 0.691889 0.628146 0.29197 -0.203656
2.94734 4.41337 0.496315 0.716423 0.263183 0.141267 -0.630489
0.74226 0.74784 0.499 -0.388111 -0.354395 -0.575563 0.626499
-2.6726 2.2654 0.504179 0.43907 -0.685306 0.55599 0.168665
-1.62399 3.84635 0.499 -0.949518 0.251804 -0.0906786 0.163669
-2.6228 3.89517 0.498996 0.148781 -0.833912 -0.0479606 -0.529296
1.71673 0.487938 0.499002 -0.00725664 0.351286 -0.31142 -0.882929
-0.955254 -0.676246 0.499 -0.0736348 -0.253207 -0.956326 -0.126114
0.260895 1.74716 0.499 0.192213 -0.167733 0.522291 -0.813715
-1.61148 -1.44845 0.499 0.369871 0.190151 -0.905602 0.0832015
2.24693 2.18536 0.499 0.454939 -0.281043 0.713587 -0.452592
-2.63223 1.24984 0.499004 0.0465855 0.544945 0.576156 0.607379
1.751 3.34527 0.499 -0.531737 0.841584 -0.0906561 -0.0278079
-3.45564 3.34166 0.499004 -0.367777 0.499274 0.460376 -0.635232
-0.340103 0.439528 0.499 0.410221 -0.814109 -0.172936 -0.372879
-0.91841 2.3846 0.498972 0.0506054 -0.125926 0.0882713 -0.986808
