2.7 1.79731 0.0983479 1
3.75575 0.897662 0.499 0.997533 0.0701715 0.00191644 -4.49425e-05
5.34996 1.80346 0.499 0.997533 0.0701715 0.00191644 -4.49425e-05
2.95865 -3.23277 0.499 0.997533 0.0701715 0.00191644 -4.49425e-05
1.47315 4.26723 0.499 0.997533 0.0701715 0.00191644 -4.49425e-05
4.80648 0.897662 0.499 0.997533 0.0701715 0.00191644 -4.49425e-05
2.27025 -5.11683 0.499 0.997533 0.0701715 0.00191644 -4.49425e-05
4.87894 -2.68929 0.499 0.997533 0.0701715 0.00191644 -4.49425e-05
5.92967 -2.68929 0.499 0.997533 0.0701715 0.00191644 -4.49425e-05
3.86445 -0.913932 0.499 0.997533 0.0701715 0.00191644 -4.49425e-05
4.87894 -0.913932 0.499 0.997533 0.0701715 0.00191644 -4.49425e-05
0.857204 1.6223 0.499 0.997533 0.0701715 0.00191644 -4.49425e-05
1.40068 2.5281 0.499 0.997533 0.0701715 0.00191644 -4.49425e-05
1.21952 -5.11683 0.499 0.997533 0.0701715 0.00191644 -4.49425e-05
-0.193521 5.17302 0.499 0.997533 0.0701715 0.00191644 -4.49425e-05
4.3717 -1.81973 0.499 0.997533 0.0701715 0.00191644 -4.49425e-05
3.82822 2.70926 0.499 0.997533 0.0701715 0.00191644 -4.49425e-05
2.19778 -0.0805988 0.499 0.997533 0.0701715 0.00191644 -4.49425e-05
0.386189 4.30346 0.499 0.997533 0.0701715 0.00191644 -4.49425e-05
0.386189 -2.03712 0.499 0.997533 0.0701715 0.00191644 -4.49425e-05
0.893435 3.39766 0.499 0.997533 0.0701715 0.00191644 -4.49425e-05
2.95865 -1.42118 0.499 0.997533 0.0701715 0.00191644 -4.49425e-05
3.03112 3.36143 0.499 0.997533 0.0701715 0.00191644 -4.49425e-05
-0.736999 0.752735 0.499 0.997533 0.0701715 0.00191644 -4.49425e-05
5.31373 0.0280969 0.499 0.997533 0.0701715 0.00191644 -4.49425e-05
1.90793 -3.19654 0.499 0.997533 0.0701715 0.00191644 -4.49425e-05
