38.4 0.114192 -1.79637 1
-1.74354 1.91463 0.499 -0.530048 0.336624 0.306984 -0.715188
1.04494 -1.61872 0.499 -0.147383 -0.301766 0.0258906 -0.941565
-1.33089 -1.99116 0.499 0.392824 -0.674763 -0.399723 0.480214
2.20421 -0.388114 0.499 0.411111 -0.858094 0.237946 -0.195051
-1.07031 1.04218 0.499 0.333717 -0.572675 0.575628 0.478882
-2.30206 -3.13637 0.499 -0.104474 -0.10514 0.847955 0.508924
-1.18052 -0.917566 0.499 -0.352782 -0.633652 -0.319637 0.609805
-0.680584 0.106147 0.499 0.538348 -0.33002 0.0100532 0.77535
-2.3419 -0.212161 0.499 -0.668905 -0.471346 0.574781 0.00500821
1.6092 -2.45949 0.499 -0.105007 -0.834125 0.459525 0.286436
-1.86059 3.19403 0.499 0.490651 0.0985501 0.825386 0.261321
2.40525 -1.3813 0.499 -0.20541 0.318492 -0.822322 -0.424449
-4.63381 -3.62692 0.499 -0.56698 0.327106 0.628249 0.420521
-3.54305 1.67144 0.499 0.761458 -0.196395 0.610783 -0.0924918
-2.43577 -1.34584 0.499 -0.445285 0.590047 0.645602 0.191739
4.93174 -1.14532 0.499 -0.0710886 -0.341931 0.727344 0.590763
-4.26773 -0.811824 0.499 0.329914 -0.928831 -0.151095 -0.0748353
0.795999 -0.515203 0.499 -0.515497 0.783238 0.321047 0.133151
-4.3734 -2.65444 0.499 0.0234582 -0.496285 0.833079 -0.243166
4.18915 -0.0940914 0.499 -0.282353 -0.434163 -0.828437 -0.213242
-3.83138 -1.79791 0.499 -0.855638 0.0135854 -0.509895 -0.087785
2.55038 2.81991 0.499 -0.764524 0.295457 -0.277173 0.501382
-3.19488 0.502938 0.499 -0.957755 0.100876 -0.150675 0.223217
3.61463 -3.19897 0.499 -0.094828 -0.113117 0.121332 0.981576
-3.0337 -2.44214 0.499 -0.590185 0.281031 0.563946 -0.504647
