21.1 -1.76504 -0.353023 1
1.69569 0.529391 0.499 -0.584416 0.742787 -0.324093 0.0411057
3.19322 0.99034 0.499 -0.473117 0.765366 -0.119049 -0.419765
1.23728 -3.94216 0.499 -0.294392 0.400526 -0.446671 -0.743907
0.455313 4.13817 0.499 -0.348221 0.0913359 -0.922264 -0.140818
2.66434 0.0416997 0.499 0.112235 0.666223 -0.193548 -0.711399
0.306868 -3.50263 0.499 -0.690157 0.50582 -0.392698 -0.337072
1.65402 -3.00793 0.499 0.926811 0.216812 -0.127402 -0.278894
1.87264 -2.03172 0.499 0.334977 -0.525993 -0.649944 -0.434391
1.13057 -0.399987 0.499 0.185861 0.347653 -0.914151 0.094447
2.7449 -1.38215 0.499 -0.350341 0.73226 -0.556336 -0.177611
-0.160629 1.49324 0.499 -0.348221 0.0913359 -0.922264 -0.140818
0.401376 2.36335 0.499497 -0.336253 0.0844503 -0.923291 -0.165336
-0.636491 -3.0737 0.499 -0.640688 0.521657 -0.522911 -0.209657
-1.22583 4.87046 0.498783 -0.356409 0.000265082 -0.884097 -0.302232
1.09114 -1.40409 0.498701 0.373683 -0.22513 -0.782364 -0.444504
2.61263 2.3847 0.499 -0.605977 -0.0554977 -0.761979 -0.221583
0.11065 -0.367967 0.498512 -0.49338 0.744914 -0.441168 -0.083965
-0.608883 4.08703 0.499513 -0.299414 0.120168 -0.91712 -0.234098
-0.684611 -2.0659 0.499351 -0.39464 0.116862 -0.90842 -0.0733244
-0.093625 3.23162 0.498123 -0.321522 0.0487906 -0.926334 -0.190128
0.0272083 -1.36367 0.499138 0.602876 0.199778 -0.714887 -0.292518
2.01328 3.23238 0.499 -0.348221 0.0913359 -0.922264 -0.140818
-1.75483 0.62368 0.499 -0.348221 0.0913359 -0.922264 -0.140818
3.51532 -0.652684 0.499 -0.398798 0.538949 -0.389724 -0.631355
0.598973 -2.27614 0.499299 -0.485808 -0.181252 -0.850987 -0.0834175
