65.1 1.74506 0.441307 1
0.608381 2.57731 0.499 -0.104783 0.525774 0.267171 0.800751
-1.91169 1.62211 0.501664 0.798695 0.329179 0.0962816 0.494426
1.07924 0.479412 0.499 0.161239 0.0592845 -0.941103 0.291228
0.441014 -1.5672 0.499131 -0.458235 0.742788 0.0231557 0.487597
1.23 1.67275 0.499001 -0.0519459 -0.646213 -0.704233 0.289422
-1.81749 -0.375408 0.499 -0.469196 -0.0024672 -0.598052 0.649756
0.233809 1.3919 0.499 0.795576 0.271488 -0.300896 0.45035
2.38752 2.06855 0.499 -0.775191 -0.312938 -0.505537 0.213495
-0.396619 3.41483 0.505445 -0.734812 0.539526 0.126381 -0.391141
-0.90415 0.102195 0.499 0.54356 0.0924168 -0.561557 0.616973
3.19908 3.42977 0.499 -0.0488691 0.160809 -0.982552 -0.0796545
0.125413 -0.618701 0.49781 -0.541433 -0.662268 0.505825 -0.111321
-2.77774 1.11743 0.49785 -0.205522 0.18436 -0.961084 0.00949275
-0.825625 2.46934 0.498983 -0.793187 0.200616 0.296005 0.492938
-1.78792 2.75704 0.499 -0.545397 0.125057 -0.675162 -0.480685
1.11619 -0.544845 0.499755 0.429225 0.749412 0.503648 0.0220482
-1.58978 -1.61388 0.498296 -0.738632 -0.640687 -0.190397 0.0877089
0.0678279 0.379382 0.499835 0.818534 0.55707 -0.0373364 -0.135211
-2.20329 -2.40003 0.499733 -0.778885 0.383674 0.478404 0.131386
2.08533 1.08573 0.499 0.352186 -0.499025 0.533308 -0.585254
-2.97205 -1.17475 0.499 -0.399492 -0.831981 0.12995 0.362389
1.60819 2.78511 0.499 0.776786 -0.327018 0.535152 -0.0572211
-2.76185 2.29372 0.499 0.714734 -0.470845 0.516553 0.0251782
-0.841309 -0.945988 0.499105 0.704446 0.246236 -0.458502 -0.482597
-0.767969 1.19286 0.499 0.250577 0.468725 -0.80403 -0.266541
