31.5 0.721167 1.64922 1
0.111785 0.410538 0.499 -0.917016 0.309011 0.221205 0.121083
1.51173 -0.312175 0.499 -0.718609 0.582736 -0.089653 0.368758
0.507784 -3.53799 0.499 0.770433 -0.610743 0.0210212 -0.181614
1.75763 2.24288 0.499 -0.918523 0.377792 -0.101246 -0.0577766
0.493779 -0.523204 0.499 0.460137 0.357268 0.803423 -0.123066
-0.499386 -3.50584 0.499 0.245281 0.44297 0.515679 -0.691151
0.406606 -2.52052 0.499 0.284426 -0.524045 0.548943 0.585781
0.635272 -1.52985 0.499 0.936415 0.0622259 -0.230635 0.257027
-0.796312 -0.322782 0.499015 -0.268407 0.942591 0.126518 -0.153213
1.82741 -1.38603 0.499 -0.381147 0.508869 0.0988301 -0.765514
-0.227333 1.35376 0.499 0.40651 0.837514 0.311869 -0.189888
2.02745 0.879505 0.4984 0.354947 0.504308 0.0477847 0.78575
-1.45491 -3.16658 0.498991 0.626024 0.541102 0.397584 -0.396521
-1.25826 1.95839 0.499 -0.262497 -0.0371603 -0.459365 -0.847761
-0.583266 -1.29999 0.498983 0.729763 0.564025 -0.385668 -0.0241274
3.79978 1.12875 0.499 -0.182121 0.299358 0.0210345 -0.936362
-2.0832 0.076243 0.499 -0.800573 0.389799 0.428981 -0.152038
1.13285 1.32639 0.4996 0.406127 0.744168 0.279519 -0.450714
-1.67659 -2.19009 0.499433 -0.0218653 0.847202 0.0215412 -0.530383
2.96326 1.81324 0.499 -0.114147 0.373959 0.351038 0.850822
-1.59591 -1.16684 0.499 0.210673 0.853012 0.19714 0.434884
2.7236 3.80467 0.499 0.705213 0.581946 0.380669 0.138221
-1.1988 0.946097 0.499 0.679529 0.635351 0.193931 0.311384
2.99218 -1.62656 0.499 0.0385185 0.246165 0.800202 -0.545524
-0.685222 -2.31796 0.498576 0.422738 0.722436 -0.53815 0.0988592
