19.3 -1.69211 0.613816 1
2.18522 0.908264 0.499 -0.678451 0.345013 -0.22855 -0.606988
3.73192 1.58523 0.499 -0.527726 0.298844 -0.0413841 -0.794031
1.53051 -3.32001 0.499 -0.268612 0.136865 -0.201415 -0.931959
0.476125 4.41444 0.499 -0.364327 -0.105467 -0.599973 -0.704397
3.18112 0.703476 0.499 -0.165873 0.256588 -0.0310909 -0.951673
0.520424 -3.21587 0.499319 -0.709672 0.0104734 -0.0557211 -0.702247
2.13333 -2.522 0.499 0.64022 0.469652 0.341795 -0.502714
2.399 -1.5471 0.499188 0.807536 -0.392388 -0.223781 -0.379263
1.64404 0.0406443 0.498998 0.349899 0.253704 -0.716446 -0.547641
3.17958 -0.874073 0.499 -0.379766 0.482407 -0.388288 -0.687236
-0.139817 1.76951 0.499 -0.364327 -0.105467 -0.599973 -0.704397
0.403661 2.67531 0.499 -0.364327 -0.105467 -0.599973 -0.704397
-0.404512 -2.83706 0.498681 -0.730013 -0.044391 -0.313549 -0.605638
-1.19054 5.32024 0.499 -0.364327 -0.105467 -0.599973 -0.704397
1.59169 -0.959094 0.498813 0.74212 -0.133349 -0.279885 -0.594256
2.8312 2.85647 0.499 -0.364327 -0.105467 -0.599973 -0.704397
0.645239 -0.0329584 0.498998 -0.549881 0.303253 -0.306897 -0.71518
-0.610832 4.45067 0.499 -0.364327 -0.105467 -0.599973 -0.704397
-0.622207 -1.85849 0.499 -0.370956 -0.113247 -0.594332 -0.704512
-0.103585 3.54488 0.499 -0.364327 -0.105467 -0.599973 -0.704397
0.530067 -1.02761 0.499003 0.572509 0.289123 -0.126198 -0.75678
2.0341 3.50865 0.499 -0.364327 -0.105467 -0.599973 -0.704397
-1.73402 0.89995 0.499 -0.364327 -0.105467 -0.599973 -0.704397
3.83487 -0.0853313 0.499 -0.441473 0.194609 -0.176981 -0.85785
0.691674 -2.01906 0.499 -0.236396 -0.519298 -0.580427 -0.580991
