9.6 1.38691 1.14738 1
3.63849 1.1974 0.499 0.644757 0.715049 0.25743 -0.0819915
5.23269 2.1032 0.499 0.644757 0.715049 0.25743 -0.0819915
2.84139 -2.93303 0.499 0.644757 0.715049 0.25743 -0.0819915
1.35588 4.56697 0.499 0.644757 0.715049 0.25743 -0.0819915
4.68921 1.1974 0.499 0.644757 0.715049 0.25743 -0.0819915
2.09271 -4.07249 0.499 0.948156 0.0685971 0.214553 -0.224193
4.57471 -2.38379 0.49899 0.680092 0.713249 0.149825 0.0793961
5.53556 -2.10678 0.499011 0.853524 0.501297 0.0706755 0.123297
3.72428 -0.571049 0.499 0.680896 0.6875 0.241563 -0.0732958
4.76168 -0.614194 0.499 0.644757 0.715049 0.25743 -0.0819915
0.739938 1.92204 0.499 0.644757 0.715049 0.25743 -0.0819915
1.28342 2.82783 0.499 0.644757 0.715049 0.25743 -0.0819915
1.04199 -4.07249 0.499 0.948156 0.0685971 0.214553 -0.224193
-0.310786 5.47276 0.499 0.644757 0.715049 0.25743 -0.0819915
4.20179 -1.45599 0.499007 0.702108 0.678007 0.193792 -0.0989733
3.71095 3.00899 0.499 0.644757 0.715049 0.25743 -0.0819915
2.08052 0.219139 0.499 0.644757 0.715049 0.25743 -0.0819915
0.268924 4.6032 0.499 0.644757 0.715049 0.25743 -0.0819915
0.268924 -1.73738 0.499 0.644757 0.715049 0.25743 -0.0819915
0.77617 3.6974 0.499 0.644757 0.715049 0.25743 -0.0819915
2.84139 -1.12144 0.499 0.644757 0.715049 0.25743 -0.0819915
2.91385 3.66117 0.499 0.644757 0.715049 0.25743 -0.0819915
-0.854265 1.05247 0.499 0.644757 0.715049 0.25743 -0.0819915
5.19646 0.327835 0.499 0.644757 0.715049 0.25743 -0.0819915
1.79066 -2.8968 0.499 0.644757 0.715049 0.25743 -0.0819915
