82.3 -1.72052 -0.528976 1
1.47982 0.660287 0.499117 0.526633 0.830944 0.11962 -0.133719
-0.043384 1.59113 0.496257 -0.277326 0.222517 0.587356 -0.727042
1.95637 -0.992662 0.499168 0.874425 0.045744 -0.0106825 0.482881
0.0379779 -2.55472 0.499 0.980087 0.0971208 -0.0595929 0.162621
-1.71378 -2.66436 0.499 -0.261853 0.932017 -0.0999628 0.229749
-2.55319 2.22562 0.499 0.251525 0.308352 0.0665154 -0.915003
1.51674 1.67406 0.499 0.230229 -0.264543 -0.682799 -0.640935
0.91384 -0.188645 0.498813 0.0516346 0.566664 -0.755787 0.324056
3.44285 0.73857 0.498571 -0.787048 -0.121966 0.6033 -0.0413247
0.204903 0.613737 0.49933 0.0398945 0.643541 0.0404358 -0.763301
3.30345 -0.548999 0.498966 -0.396537 0.677363 0.110505 0.609693
1.56904 -1.9177 0.499001 -0.419641 0.203158 0.556404 0.687781
-0.27109 2.87778 0.498989 -0.44805 -0.765789 0.348047 -0.30279
1.8486 3.21966 0.499 -0.13927 0.231507 -0.525985 -0.806442
2.47185 0.0184508 0.499034 0.60763 0.190854 0.406437 -0.65511
-0.822797 -1.19533 0.526942 -0.17144 0.8901 -0.380727 -0.182692
-1.4511 0.405232 0.499 -0.157782 -0.224184 -0.635083 0.722161
0.64784 2.34211 0.499597 0.124229 0.576018 -0.644627 -0.487059
-2.25837 1.26616 0.499 0.267028 -0.253343 0.0218191 0.929536
0.786026 -1.23803 0.498998 -0.488163 0.345372 0.735724 0.318003
-1.02088 1.76962 0.501431 -0.409493 -0.883612 0.225593 0.0255638
-0.0727636 -0.497405 0.499098 -0.145058 -0.825203 -0.54137 0.0701195
2.72922 1.75776 0.499157 0.16987 -0.116413 -0.973137 0.102942
-1.69381 -0.660785 0.499 0.533796 0.793684 0.10954 -0.270422
1.14724 4.44213 0.499 -0.177437 -0.373134 0.904461 -0.106008
