63.9 1.18562 -1.35437 1
0.230811 2.69582 0.498513 -0.151618 0.361421 0.919097 -0.0405808
-1.93079 1.26683 0.500024 0.432357 0.45015 0.683849 0.377867
0.599047 -0.0263544 0.498979 0.307059 -0.182839 -0.507996 0.783725
0.55578 -2.11215 0.499 -0.508726 0.508774 -0.151725 -0.677737
0.744264 1.72812 0.499 -0.217429 0.051535 -0.618673 0.753202
-2.78053 0.295296 0.49558 -0.291984 0.133252 -0.148339 0.935406
0.0203396 0.842938 0.499 0.737704 0.408506 -0.0837849 0.530939
1.75935 1.47018 0.499 -0.199563 -0.572023 -0.789936 0.0946882
-0.909263 3.25897 0.499 0.612738 -0.0967197 -0.10025 -0.777912
-1.83657 -0.00440592 0.518766 0.664668 -0.0763139 -0.652546 0.355775
2.36716 2.66655 0.499124 0.089528 -0.326306 -0.937683 -0.0791124
0.0474783 -1.19485 0.499 -0.694816 -0.29018 -0.000110019 0.658047
-3.70178 0.650656 0.524683 -0.286927 0.93594 -0.18967 -0.0755991
-0.759203 1.59489 0.501896 -0.762482 0.425837 -0.464511 0.14667
-1.78022 2.2498 0.498014 0.042576 0.0534369 -0.995534 -0.065143
1.0198 -0.933484 0.499021 -0.0870533 0.369905 0.908765 -0.17245
-2.60537 -2.54884 0.499 -0.266044 -0.33402 -0.0032815 0.904235
-0.404202 -0.0676229 0.503659 0.838 0.457 0.204193 0.217285
-3.47524 -3.34249 0.499 -0.722413 -0.254913 0.588073 -0.25944
2.12713 0.360941 0.499 -0.302785 -0.578633 0.683975 0.32509
-3.69128 -2.35711 0.499 -0.513414 -0.557187 0.0589109 0.649984
1.22862 2.65821 0.499487 -0.169482 -0.693382 0.392433 -0.580081
-2.74105 1.88184 0.498995 0.340116 -0.574825 0.194737 0.718314
-0.941599 -1.39595 0.499 0.653031 0.477845 0.511701 0.288748
-1.09158 0.65478 0.495059 0.440201 -0.125312 -0.887669 0.0506252
