51.8 0.525476 1.72159 1
0.142759 2.76553 0.499 -0.0128771 0.590875 -0.801623 0.0900102
0.180954 -2.24708 0.498993 -0.412718 -0.0861653 -0.479158 0.769836
2.11737 0.363162 0.499002 0.333635 0.301566 0.876292 -0.172794
2.02377 -0.638695 0.499 -0.816102 0.495946 -0.237447 -0.17786
2.07984 2.87122 0.499 0.468885 -0.761563 0.033364 0.446158
-0.218257 -1.31969 0.499006 0.86577 0.452171 -0.198732 -0.080557
2.05678 1.38628 0.499 -0.563367 -0.80164 -0.0519637 -0.193107
3.00025 2.29398 0.499 -0.034686 0.0091127 -0.860843 -0.507605
-0.0746334 1.57502 0.499 0.968635 0.209644 0.11969 0.0589095
0.236218 -3.40917 0.498998 0.832256 0.274905 0.414754 -0.244451
3.49515 3.28697 0.499 -0.169391 -0.301357 0.938124 0.0203511
1.34349 -1.77035 0.499227 -0.118168 -0.190078 0.115502 0.967763
-0.544172 -0.368153 0.499064 -0.543339 -0.245814 -0.770508 -0.225112
1.32732 2.18633 0.499 -0.905201 -0.200436 0.272076 -0.257704
0.23878 0.592943 0.499 0.73702 0.504148 -0.145728 -0.42591
3.31155 0.51843 0.499 -0.87639 0.247223 0.00694926 0.413247
-2.19292 -1.02145 0.497569 0.333232 -0.57478 0.282606 0.691894
0.964634 -0.838338 0.499 -0.550878 0.344469 -0.502288 -0.570597
-2.24068 -2.04918 0.498991 5.54659e-05 -0.335124 -0.861261 0.381997
3.87219 1.57667 0.499 0.120264 0.756755 0.624719 -0.150279
-1.40781 0.146997 0.49895 0.704301 -0.285274 -0.642966 0.0957799
4.33406 3.93186 0.499 0.628858 -0.419149 -0.565001 0.331098
-1.07667 1.4895 0.499 -0.808839 0.565096 0.0853057 0.138453
1.05279 -2.75054 0.498984 0.537781 0.826067 0.0665536 -0.154838
1.1401 0.149551 0.498998 0.333985 -0.852515 0.400297 0.0378838
