26.8 1.12385 -1.40605 1
1.0957 -0.277721 0.499 0.616502 -0.33861 -0.255324 -0.663384
2.43245 -0.36936 0.499 0.402802 -0.818063 -0.328463 -0.246244
1.25591 -5.36766 0.499 -0.185496 -0.697236 0.152174 0.675497
1.54159 2.75434 0.499 0.231045 -0.97052 -0.0645179 -0.0233932
1.91458 -1.46367 0.499002 -0.217726 -0.962178 -0.157975 -0.0430519
0.367367 -4.35738 0.499 0.264672 -0.896885 -0.175336 0.307902
1.30332 -3.96911 0.499 -0.805641 -0.375867 0.268883 -0.370632
1.54746 -2.94118 0.499 -0.250184 -0.0668916 0.865608 0.428552
0.397148 -1.15806 0.49897 0.518127 -0.533966 0.519175 -0.420573
2.36227 -2.35933 0.498998 0.428292 -0.897081 0.0282207 -0.104953
0.391532 0.463312 0.499 0.125761 -0.823287 0.534779 0.142807
2.05621 0.570922 0.499 -0.881266 -0.29583 0.12801 -0.345642
-0.482444 -3.79445 0.499 0.279374 -0.782918 -0.00517044 0.555844
-0.814226 2.18688 0.499 0.520791 -0.241496 0.743207 0.343656
0.619757 -2.21227 0.499 -0.0675405 -0.399724 0.882778 0.237408
3.02597 1.1339 0.499 0.414905 -0.442578 0.532466 0.590304
-0.655503 -0.738309 0.499 0.519945 -0.624306 -0.191023 -0.550826
0.680937 1.62311 0.499 -0.402116 -0.367654 0.678404 0.49285
-0.764723 -2.79794 0.499 0.466245 -0.677561 0.536686 0.1884
2.12565 1.57126 0.499 -0.531307 -0.464007 -0.319097 -0.63292
-0.338187 -1.83672 0.49903 -0.289428 -0.640842 0.661251 -0.261342
2.83883 2.93159 0.499 -0.226241 -0.766101 0.368403 0.475587
-0.929283 0.322894 0.499 -0.226241 -0.766101 0.368403 0.475587
3.39488 -1.87523 0.499 0.00369241 -0.809984 -0.0429398 0.584866
0.579236 -3.27696 0.499 0.332861 -0.424646 0.752788 0.377081
