103.2 -1.48845 -1.01218 1
1.1701 0.181093 0.499 -0.0896038 0.129612 0.613575 0.773755
2.00683 3.2476 0.499005 -0.935911 0.338998 0.0764036 0.0575569
2.11375 1.90995 0.498174 0.165283 0.810269 -0.431842 -0.360082
-0.611858 1.51012 0.524259 -0.178827 0.06459 -0.538552 -0.82086
-1.26141 2.53015 0.499 0.593881 0.50617 0.537293 -0.32002
3.05101 1.46482 0.499 -0.694567 0.425642 0.55275 0.175707
0.25051 0.776197 0.499055 -0.0992266 0.702317 -0.434364 -0.555188
-0.397705 0.0145975 0.538764 0.230646 0.526769 -0.132587 -0.807303
-0.817791 -2.47917 0.499 0.94912 0.0709111 0.00665805 0.306754
-0.0217029 2.3346 0.498279 0.252808 0.102272 -0.0668441 -0.959771
-2.33388 -1.62463 0.499 -0.992616 -0.0306224 0.0186225 0.115886
-0.349245 -0.96932 0.499732 -0.657846 0.538556 -0.526427 -0.00841781
2.10865 -0.167446 0.499 -0.646495 0.180676 -0.473871 0.569953
0.412343 -1.772 0.499 -0.113482 -0.839916 -0.153969 -0.507895
-2.51255 -0.581763 0.499 0.303061 -0.410696 0.114968 -0.852212
-2.8668 4.01602 0.520284 0.592469 -0.542729 0.318301 0.5031
-0.830456 4.20922 0.502776 -0.559224 -0.0265492 0.554799 -0.615436
1.47349 4.11624 0.499 -0.150547 -0.439875 -0.466866 0.752251
1.32033 2.51231 0.499979 0.49152 0.754324 -0.431378 -0.057598
-2.13228 0.485396 0.499 0.714074 -0.241401 -0.111349 -0.647631
0.564618 3.15815 0.502138 -0.467319 0.60816 -0.415461 0.489025
-1.6437 3.61591 0.523774 0.591624 -0.102282 0.541702 -0.588285
0.911927 1.55174 0.498921 0.787396 -0.156607 0.581538 -0.131516
0.436637 4.19036 0.498962 0.107784 0.859968 0.41524 -0.27643
-1.26479 -1.54785 0.499 -0.33782 0.1528 -0.623401 -0.688405
