115.3 -1.14239 1.39102 1
-1.20722 -2.06822 0.499001 0.0816468 0.765061 -0.29204 -0.568091
-0.447517 3.1737 0.499 0.362034 0.386071 0.580562 0.618731
2.39524 1.75541 0.499 -0.154319 -0.203834 -0.554522 -0.791924
-1.37029 0.819524 0.499 -0.392478 0.595385 0.0291024 0.70045
1.17153 -0.365345 0.499 0.316135 -0.421138 -0.849422 0.0344039
-1.70887 4.50937 0.499 0.584493 -0.178669 0.355449 0.707178
-1.98828 -1.41906 0.498999 0.356597 -0.88725 0.292002 -0.0189978
-2.00982 1.84569 0.499 -0.459585 -0.196502 0.704243 -0.504193
-3.10325 -1.68757 0.499 -0.187076 -0.105321 -0.490104 -0.844812
-0.0177405 0.749847 0.499 0.727853 0.0341857 0.471649 0.496596
-2.55546 0.720141 0.499 0.449041 0.754232 0.457275 0.142817
0.0270926 -0.254286 0.499 -0.379463 -0.717802 0.408317 0.417187
2.67901 -2.07256 0.499 -0.138152 0.976107 0.165722 -0.0257903
-2.50282 -2.60687 0.499 0.733999 0.612719 -0.0723929 -0.283866
-2.99877 1.6644 0.499 -0.22637 -0.0453512 -0.553795 0.800007
-4.45459 1.47454 0.499 -0.0753196 0.861237 0.292788 -0.408501
-1.92726 3.5283 0.499 0.132843 -0.0578403 0.568968 -0.809495
-2.81938 4.5403 0.499 0.415869 0.282866 -0.490233 0.711837
1.1819 1.24395 0.499 -0.665577 0.554624 0.19884 -0.458107
-2.59215 2.68816 0.499 -0.611489 0.115666 -0.653617 -0.430682
-1.0492 2.15119 0.499 0.566721 0.59419 0.292734 -0.489972
-3.9195 2.57363 0.499 -0.838269 -0.453918 0.213381 -0.213849
-0.392592 -1.24092 0.499 0.22751 -0.600346 -0.668862 0.374762
1.49715 -1.40036 0.499 -0.224504 -0.744184 0.00452551 -0.629101
-1.94353 -0.297936 0.499 0.382318 -0.777673 0.176562 0.46678
