118.6 0.970457 -1.51599 1
-2.40675 -1.25639 0.4991 -0.293781 -0.383868 0.870011 0.0970509
0.171557 2.93246 0.499 -0.502945 0.772374 0.351698 0.163688
3.17499 2.58376 0.499 -0.248743 -0.196819 0.845244 0.430059
0.368522 1.58025 0.498837 -0.013229 -0.30624 -0.557378 0.771603
2.94762 -0.49854 0.499 -0.0902188 -0.522487 0.845727 -0.0601127
-1.46977 2.40375 0.499 0.350762 0.846237 0.250385 -0.313299
-3.47472 -1.21993 0.498999 -0.392016 0.893896 0.198641 0.0884005
-0.896042 0.330591 0.499001 -0.930676 -0.176591 -0.319617 -0.0224113
-4.95772 -1.74929 0.500634 -0.161164 -0.603627 -0.227987 0.746781
1.33826 1.90621 0.499 -0.487569 -0.0298669 -0.806627 0.332772
-2.12549 -0.114652 0.498986 0.00425668 -0.64244 0.430774 -0.633787
1.93953 0.917585 0.499 0.930123 0.360763 0.0675134 -0.0127629
2.27207 -3.34814 0.499 -0.410953 -0.21199 -0.75154 0.470495
-3.96041 -2.28841 0.49905 -0.624604 -0.325175 -0.66328 -0.253359
-4.54837 -0.6481 0.502061 0.00367624 -0.200907 0.881055 -0.428211
-3.50901 0.93204 0.499064 0.146539 -0.837649 -0.084383 0.519374
-1.79517 0.885252 0.499 0.540154 0.297006 -0.296037 -0.729646
-2.52449 2.79911 0.499 0.948576 0.220452 0.191474 0.122241
2.37409 1.95494 0.499 -0.0849895 -0.467847 -0.0564307 0.877902
-3.13537 -0.0959713 0.499015 -0.039153 -0.833388 0.397516 -0.381985
-0.639808 1.76465 0.499095 -0.670827 -0.236442 -0.681933 -0.170454
-2.76431 1.70258 0.499 -0.353728 0.732729 -0.495006 -0.304883
0.146982 -0.107589 0.499 -0.161951 0.384553 0.840881 -0.344689
3.81785 -1.70944 0.499 0.66756 0.364605 -0.233482 -0.605734
-1.25223 -0.606449 0.498998 0.41151 0.0112608 -0.190932 -0.891111
