75.7 -1.54887 -0.917064 1
-0.0873767 -0.815019 0.499 0.43586 0.0604363 -0.12429 0.88934
-2.96989 -0.126188 0.499 -0.0516572 -0.0513396 -0.255977 0.963935
1.51788 -4.42129 0.499 0.682544 0.628246 0.327222 0.179906
-1.26585 -4.56461 0.499 -0.72735 -0.348951 -0.205024 0.554221
-1.23326 -3.07854 0.499 -0.488333 -0.476952 0.122649 0.72042
-4.03229 -0.913532 0.499 0.623092 0.104156 -0.27124 -0.72618
-0.952444 -0.230762 0.499 -0.120923 0.757095 0.625189 0.146025
1.78425 -1.47547 0.499007 0.861764 -0.0809334 -0.446673 0.226485
2.21847 0.149295 0.499 0.619576 -0.0260446 -0.207553 0.756551
-2.2518 -1.25366 0.499 -0.0484373 0.318271 -0.682259 -0.656414
3.35877 0.0610928 0.499 0.715881 0.528876 0.452738 -0.0532226
-0.205788 -4.30185 0.499 -0.319663 -0.316317 0.891045 -0.0616311
-2.93979 1.28736 0.499 0.768838 0.370322 -0.520728 0.0243443
1.76028 1.78565 0.499 -0.426833 0.724499 0.536831 0.0687527
1.14227 0.360378 0.498998 0.940485 -0.10137 -0.0985688 0.309026
0.966311 -2.66298 0.499 0.189729 0.551631 0.465865 0.66534
-3.45742 -1.73712 0.499 0.178699 -0.954661 0.18323 0.152041
-1.97193 -0.0288621 0.499 -0.112089 -0.69825 0.0472995 0.70544
-4.09996 -2.72095 0.499 -0.478606 -0.752972 -0.407071 0.195606
-0.228393 -3.18117 0.499 -0.812097 0.436428 -0.308426 -0.234314
-3.99062 0.12113 0.499 -0.763722 0.480555 -0.323128 0.28528
0.787448 -1.39573 0.498993 0.233455 0.270785 0.922851 0.14325
0.551727 1.21225 0.49896 0.766147 -0.444533 -0.248249 0.392151
-1.20852 -1.91019 0.499 0.118298 -0.799196 0.417365 0.41605
-1.05816 1.07166 0.499 -0.0734284 0.966643 -0.0780856 0.232622
