48 0.00191034 -1.8 1
-3.12771 2.92698 0.499005 -0.325473 -0.391521 0.650839 -0.563194
0.205102 -2.81032 0.499 -0.239423 -0.254723 0.110535 -0.930363
0.260236 0.412092 0.499 0.15214 -0.848724 -0.50046 -0.0778521
0.967513 -1.00554 0.499 -0.0666484 -0.354669 0.573008 -0.735819
-1.08451 2.93632 0.499 -0.624981 0.48267 -0.613418 -0.0121569
-0.860277 -1.94524 0.499 0.0477156 -0.162979 0.483662 0.858622
-0.215662 1.30476 0.498401 0.495632 0.70751 -0.35198 -0.3604
-0.0826173 2.31055 0.499 0.0146841 0.567 0.313217 0.761702
-2.71359 2.01475 0.4989 -0.310257 -0.663401 0.412672 0.54161
0.633184 -3.83061 0.499 -0.575833 -0.102744 -0.251176 0.771214
0.57617 3.06691 0.499 0.0458173 0.364082 -0.6366 0.678295
0.968521 -2.14717 0.499 -0.260896 -0.347436 -0.58009 -0.688997
-1.6583 0.00599753 0.499074 -0.0159326 0.89201 0.448397 -0.0548132
-1.7152 2.08068 0.511831 0.920419 0.348928 0.00530141 -0.176208
-1.64017 1.05741 0.499007 -0.370515 -0.00473024 0.32415 0.870416
1.3534 -0.0694757 0.499 0.00793754 0.285089 0.60083 -0.74677
-3.68174 1.02352 0.499 0.921633 0.1561 0.0909302 0.34345
0.106405 -1.51631 0.499 -0.325407 0.20366 -0.548543 -0.742787
-3.61918 -0.0678685 0.499 0.479497 -0.862089 -0.163512 0.0121721
2.48742 0.234435 0.499 -0.312981 -0.161543 0.807597 0.473005
-2.67935 0.988776 0.498951 -0.286662 0.495995 0.298595 -0.763318
2.51604 2.81279 0.499 -0.43347 0.632336 -0.640614 -0.0432229
-3.74223 2.13091 0.498903 -0.170787 -0.53484 -0.820949 0.104024
1.59796 -3.55161 0.499 -0.849304 -0.137715 0.0139971 0.509432
-0.7492 0.443993 0.498995 -0.655043 -0.648411 -0.00722051 -0.387854
