5 1.76846 0.335493 1
3.74751 0.965423 0.499 0.971177 0.237305 0.0223048 -0.00180157
5.34171 1.87122 0.499 0.971177 0.237305 0.0223048 -0.00180157
2.95041 -3.16501 0.499 0.971177 0.237305 0.0223048 -0.00180157
1.4649 4.33499 0.499 0.971177 0.237305 0.0223048 -0.00180157
4.79824 0.965423 0.499 0.971177 0.237305 0.0223048 -0.00180157
2.25755 -4.88446 0.499002 0.9969 0.0750023 0.0168566 -0.0167804
4.8707 -2.62153 0.499 0.971177 0.237305 0.0223048 -0.00180157
5.92142 -2.62153 0.499 0.971177 0.237305 0.0223048 -0.00180157
3.85621 -0.846172 0.499 0.971177 0.237305 0.0223048 -0.00180157
4.8707 -0.846172 0.499 0.971177 0.237305 0.0223048 -0.00180157
0.84896 1.69006 0.499 0.971177 0.237305 0.0223048 -0.00180157
1.39244 2.59586 0.499 0.971177 0.237305 0.0223048 -0.00180157
1.20683 -4.88446 0.499002 0.9969 0.0750023 0.0168566 -0.0167804
-0.201764 5.24078 0.499 0.971177 0.237305 0.0223048 -0.00180157
4.36345 -1.75197 0.499 0.971177 0.237305 0.0223048 -0.00180157
3.81997 2.77702 0.499 0.971177 0.237305 0.0223048 -0.00180157
2.18954 -0.0128383 0.499 0.971177 0.237305 0.0223048 -0.00180157
0.377946 4.37122 0.499 0.971177 0.237305 0.0223048 -0.00180157
0.377946 -1.96936 0.499 0.971177 0.237305 0.0223048 -0.00180157
0.885192 3.46542 0.499 0.971177 0.237305 0.0223048 -0.00180157
2.95041 -1.35342 0.499 0.971177 0.237305 0.0223048 -0.00180157
3.02287 3.42919 0.499 0.971177 0.237305 0.0223048 -0.00180157
-0.745243 0.820495 0.499 0.971177 0.237305 0.0223048 -0.00180157
5.30548 0.0958573 0.499 0.971177 0.237305 0.0223048 -0.00180157
1.89968 -3.12878 0.499 0.971177 0.237305 0.0223048 -0.00180157
