80.6 -0.551753 1.71335 1
1.45622 0.402519 0.498034 -0.583198 0.406206 -0.504725 0.490031
-0.55192 0.783581 0.498036 0.493273 0.155366 0.419307 0.74614
2.26237 -1.8612 0.499 0.245261 0.495512 -0.759163 0.343493
-0.264853 -2.98644 0.499 -0.949472 0.0713642 -0.257979 0.163884
-1.55866 -2.73655 0.499 -0.26981 -0.827728 0.311515 0.380824
-2.93861 1.11377 0.499 0.17111 0.191078 0.215442 0.942229
2.14874 1.66082 0.499 -0.713909 0.473362 -0.111925 -0.503721
1.47871 -0.597171 0.499596 -0.0594051 0.599406 -0.200855 0.772555
3.73709 1.04067 0.499 0.192815 -0.34411 0.890287 -0.227596
-0.145915 -0.130289 0.499275 -0.0870305 0.233309 0.419786 0.872796
3.50612 -1.11077 0.499 -0.947294 0.200214 -0.181428 -0.172143
1.33202 -2.53752 0.4991 -0.25405 -0.923267 -0.266 -0.110814
-1.06985 2.32257 0.498305 0.686265 0.308633 -0.522654 -0.400773
2.86932 3.77961 0.499 0.525015 0.717336 -0.358081 -0.285597
2.88077 -0.308745 0.499 0.565608 0.44408 0.262793 -0.643289
-0.476282 -1.8339 0.499 -0.870942 0.313151 0.325386 0.1937
-1.50691 -0.279942 0.498996 -0.58797 -0.298354 -0.187929 -0.727983
1.17704 1.36448 0.506383 -0.0564876 0.604905 -0.0309018 0.79369
-2.4344 0.239832 0.499 -0.580466 -0.0215425 -0.584716 -0.566305
1.1801 -1.55043 0.499001 -0.294626 0.160287 0.0797683 0.938691
-1.36578 1.36693 0.502589 0.583333 -0.185076 0.245491 -0.751801
0.314682 -1.03597 0.499005 0.1105 -0.140302 -0.549888 -0.815922
3.35849 2.26799 0.499 -0.799123 0.403219 -0.404003 0.188674
-1.37575 -1.27568 0.499004 -0.260618 0.803101 0.0354259 0.534652
1.12759 3.49232 0.499 0.911826 -0.331342 -0.232544 -0.0686245
