90.5 -0.0772092 -1.79834 1
0.244932 -1.95202 0.498941 0.550907 0.545237 -0.408454 -0.482061
0.25071 0.821607 0.499 0.465565 0.449849 -0.269459 0.712936
1.19142 -1.1199 0.498265 0.645249 0.685594 0.28599 -0.178395
0.564629 -3.94152 0.498999 0.121248 -0.779894 -0.577068 0.209897
-1.77728 -2.51786 0.499 -0.462227 0.493201 -0.442293 -0.589472
0.93876 2.40802 0.499 -0.0378847 0.00272886 0.838218 -0.544011
-0.285236 -1.10361 0.499 0.663021 0.152558 -0.706956 0.193239
-1.03707 -1.76867 0.499 -0.0215794 0.963264 -0.261551 -0.0569946
3.2312 -1.50315 0.498708 -0.224219 -0.258955 -0.655484 -0.67306
-1.2547 -0.756312 0.499 0.155604 0.226424 0.943369 0.185943
1.46681 -2.6922 0.499 -0.838688 0.312108 -0.146839 0.421461
0.357113 -2.94462 0.499059 0.84193 -0.283361 -0.426276 -0.170732
2.02082 1.47377 0.499 -0.0254121 -0.280135 -0.352742 -0.892441
1.29578 0.587661 0.499 0.831087 0.115613 -0.365303 -0.403091
1.92548 -0.44484 0.499735 -0.662727 -0.216867 -0.716493 0.0199857
-3.51483 -1.63549 0.499 -0.239274 -0.873943 -0.0807051 -0.41528
-1.52279 1.51797 0.499 -0.277441 0.471871 -0.402545 -0.733704
-1.12578 2.44452 0.499 -0.0760473 -0.488856 0.85465 -0.157514
-3.38598 2.87556 0.499279 0.732938 -0.25645 -0.62086 0.107557
-0.614136 -3.3074 0.499 -0.706346 0.441236 -0.523599 -0.179531
-1.89079 3.28421 0.497454 0.714465 0.134178 -0.353256 -0.588852
-3.43544 -0.401548 0.499 0.744469 -0.368816 -0.489609 0.264621
0.390792 -0.317224 0.499 0.814651 0.332331 0.324768 -0.347023
-3.24201 1.88874 0.49872 -0.612262 0.387975 0.652541 0.220911
3.23442 -0.501512 0.499292 0.170795 -0.0222893 0.656284 0.734591
