45.8 -1.79947 -0.0434943 1
-4.07377 5.02655 0.499 0.255866 -0.919985 0.0908943 -0.282663
0.106841 -2.0434 0.498934 0.799523 -0.588464 0.0756047 0.0935792
-0.877762 0.444655 0.499 0.735088 0.635099 -0.216125 -0.0979022
1.5942 -0.557846 0.499 0.214176 -0.527415 -0.213384 0.793996
-2.19054 4.69932 0.499 -0.550888 0.428284 -0.612345 -0.371657
-1.86437 -1.73164 0.499 -0.544925 0.0521287 -0.773983 0.318259
-1.7836 2.67842 0.499 0.219001 0.940907 0.0621013 -0.25075
-1.43583 3.98392 0.499 -0.207568 0.840202 -0.0842007 0.493849
-3.19821 2.78786 0.499009 -0.0553109 -0.0570724 -0.966265 0.244982
0.791726 -2.77164 0.499077 -0.117477 0.135871 -0.975656 -0.125835
-0.741484 5.15827 0.528767 0.187219 0.610363 -0.296477 0.710287
1.24355 -1.59458 0.499 0.92902 0.0262687 0.369086 -0.00278608
-2.6127 -0.126106 0.499 -0.260877 -0.845569 0.373235 0.27866
-2.45591 3.4579 0.498991 0.428415 0.477061 0.422233 0.640776
-2.23787 1.74556 0.499 -0.500103 -0.596582 -0.603086 0.173995
2.52066 -0.0781179 0.499 0.388933 -0.285483 -0.590777 0.646694
-4.36466 2.09407 0.499 0.0582816 0.788735 0.229247 0.567402
-0.045764 -0.787334 0.499 0.355415 -0.690818 0.380917 -0.50135
-3.99242 0.843677 0.499 0.158815 0.570538 -0.62949 0.502997
3.52226 0.818694 0.498981 0.321525 0.0197286 -0.7617 -0.56218
-3.21503 1.48446 0.499 0.219342 -0.434911 0.783418 0.386002
2.00324 3.32073 0.499 0.113203 -0.00325097 0.261178 -0.958624
-4.3788 3.29123 0.499 0.586636 0.127416 -0.545948 -0.584435
1.79318 -2.82829 0.498996 0.201668 0.152692 -0.631171 -0.733238
-1.97846 0.648011 0.499 0.766224 -0.547564 0.0453411 0.333195
