39.6 1.24719 -1.29789 1
-1.7089 2.4806 0.499 -0.150071 0.876957 0.442183 0.113577
1.31565 -1.63289 0.499 -0.201551 0.442465 0.593703 -0.641185
-1.29675 -1.40833 0.499 -0.0982206 -0.839544 -0.297779 -0.443674
2.64634 -0.502523 0.499 0.786211 -0.132941 0.186557 -0.57393
-0.980353 1.61492 0.499 0.546431 -0.79327 -0.095239 -0.251127
-2.18403 -2.88886 0.499 0.68151 -0.508737 0.400992 0.340494
-1.0452 -0.354111 0.499 -0.566312 -0.777865 0.0736355 -0.262286
-0.552142 0.687838 0.499 0.51943 -0.815905 -0.242657 -0.074889
-2.24198 0.101996 0.499 0.227216 -0.299323 0.888527 -0.263248
1.93114 -2.44995 0.499 0.62043 -0.707569 0.26135 -0.214732
-1.78859 3.82333 0.499 0.945384 -0.285647 -0.0113602 0.156608
2.83731 -1.50204 0.499 -0.797248 0.319057 -0.142737 -0.492164
-3.70636 -3.14101 0.499417 -0.19122 -0.00988479 0.932856 0.305152
-2.88523 1.71131 0.499001 0.828708 0.328326 0.0928244 -0.443655
-2.40814 -1.05325 0.499 0.310656 0.127472 0.531611 0.777581
5.48252 -1.227 0.499 0.56534 -0.489207 0.266281 0.608409
-4.30211 -0.483039 0.499 0.283658 -0.193787 -0.358281 -0.868112
1.07201 -0.497998 0.499 -0.372214 0.0534037 0.604571 0.70221
-4.03326 -1.99347 0.499 0.726175 -0.469209 0.252273 -0.434593
4.75626 -0.111991 0.499 -0.439849 -0.4062 -0.31798 -0.735135
-3.49237 -1.13971 0.499226 -0.951156 0.227706 0.140827 0.153687
2.87417 2.96246 0.499 -0.728437 -0.425331 0.181203 0.505608
-3.19682 0.737112 0.498998 -0.526967 -0.310989 0.771472 0.174418
4.0768 -3.15863 0.499 0.146085 -0.687442 -0.248731 0.666495
-2.99834 -2.26163 0.499 0.121192 0.465099 0.844414 0.23656
