52.4 -0.309232 1.77324 1
0.380669 2.78888 0.499 0.3926 0.197518 -0.667127 -0.601493
-0.0930945 -2.10156 0.499048 -0.327325 -0.0209091 -0.611966 0.719666
2.20645 0.4215 0.499 -0.350229 0.242935 0.901297 -0.0773618
1.97782 -0.558139 0.499 -0.766335 0.153627 -0.566197 -0.261821
2.31177 2.90011 0.499233 0.504825 -0.0146668 0.209415 0.837306
-0.378138 -1.1415 0.499135 0.912569 0.28867 -0.106114 -0.269494
2.17902 1.45437 0.499 -0.20152 -0.917786 -0.183812 0.288567
3.16117 2.37826 0.497244 0.54376 -0.286155 -0.517558 -0.595462
0.0275661 1.62804 0.498999 0.611098 0.476767 0.630424 0.0426343
-0.25346 -3.10252 0.499004 0.622421 0.0987416 0.533282 -0.564315
3.70435 3.3003 0.499 -0.774254 -0.172045 0.381863 0.47446
1.25055 -1.60581 0.499 -0.0821652 0.206311 -0.031454 0.974523
-0.633693 -0.174316 0.498812 -0.405149 -0.258962 -0.834212 -0.26997
1.4997 2.26941 0.499 -0.778003 -0.525481 -0.327911 0.105143
0.239786 0.601253 0.499 0.462666 0.52357 0.214085 -0.682629
3.4371 0.602606 0.499 -0.717826 0.223505 -0.65929 -0.0103936
-2.13822 -1.16116 0.499 0.280108 0.127517 0.0227627 0.951189
0.893758 -0.669235 0.499 -0.382447 0.0329692 -0.693006 -0.610237
-2.17615 -2.23295 0.499 0.814701 -0.371078 -0.416361 0.158766
3.97276 1.76063 0.498988 -0.278915 0.654605 0.522626 -0.469639
-1.5909 0.164919 0.499 0.944488 0.0172464 -0.317723 -0.0818314
4.42873 4.0523 0.507846 0.881492 0.118082 -0.113408 0.442907
-0.934609 1.35475 0.499001 -0.70444 0.116533 -0.684588 -0.146711
0.875329 -2.58395 0.499 0.438107 0.682396 0.292044 -0.507059
1.19767 0.29063 0.499 0.244833 -0.68903 0.50078 0.463157
