98 0.933717 -1.53889 1
0.0640421 -0.493179 0.498945 -0.379607 0.134029 -0.901992 -0.15603
1.57695 2.04771 0.499 -0.554551 0.431858 0.60328 -0.376862
0.595057 0.59828 0.499 -0.143079 -0.624391 0.76202 -0.0948152
-2.52318 -1.34707 0.500373 -0.640473 0.0356109 0.766606 0.0290188
-4.97906 -1.78567 0.525273 0.414052 0.26732 0.0809227 -0.866344
1.79051 0.562615 0.499 0.171653 -0.816638 -0.549186 -0.0450845
-1.49892 -0.307148 0.499 -0.0851226 0.239891 0.880954 0.398908
-3.77556 -1.84496 0.499 -0.251134 -0.310892 -0.230182 -0.887296
-0.178301 -3.86741 0.499 0.0802453 0.351121 0.0704083 -0.930225
-2.59317 -0.351675 0.505385 -0.657304 -0.745159 -0.0335483 -0.107533
-1.66609 -4.27304 0.499 0.000735802 0.9515 -0.245209 -0.185793
-0.569443 -1.31662 0.499 0.454793 -0.826736 -0.0186463 0.330642
1.60225 -0.618326 0.499 0.0419902 -0.621791 -0.403956 -0.669651
0.728781 -1.24025 0.499055 0.382368 0.621011 0.52621 0.437313
-1.41283 -3.2859 0.499 0.158973 -0.863285 -0.335832 0.341591
-3.56752 -0.513864 0.495191 0.0689661 -0.850307 0.442895 0.275801
-2.42924 0.658403 0.499 0.798713 0.0502263 0.576775 0.163909
0.710005 2.90269 0.499 0.223974 -0.603751 -0.645186 0.411164
-0.175022 1.29046 0.499 -0.272426 -0.111499 0.77918 -0.553381
-4.31703 -2.82554 0.497711 0.309454 -0.856248 0.143242 -0.388019
-1.12827 2.18608 0.499 0.392822 -0.0303881 -0.339587 -0.854077
-4.41738 -0.992212 0.498283 -0.544386 0.741754 -0.0433908 -0.389309
-0.678011 0.315072 0.499 0.120429 -0.212085 -0.578966 0.77802
-2.83895 2.3594 0.530263 0.0702219 -0.209754 -0.853969 -0.470966
0.456105 -2.54856 0.499 -0.413581 -0.566151 0.0672646 0.709858
