49.7 1.70631 -0.573163 1
-1.28848 2.45088 0.499 -0.17879 -0.0585166 0.947501 0.258558
0.546158 -2.77435 0.499 -0.330173 0.714336 0.611811 0.0799834
1.26573 0.00598545 0.501224 0.640692 -0.571108 -0.264858 -0.439546
1.53595 -0.962949 0.499113 -0.0375559 0.787497 0.123308 -0.602688
0.668646 2.54005 0.499081 -0.860723 0.00924348 -0.264857 -0.434651
-0.368529 -1.81063 0.499 0.722536 -0.448415 0.207413 0.483576
0.968468 1.16236 0.498765 -0.444695 0.562029 -0.55336 -0.424455
1.5725 2.10145 0.499001 -0.243395 0.485139 0.201527 0.815344
-1.12132 1.38401 0.499 0.0414985 -0.959049 -0.236339 0.150485
0.848664 -4.05533 0.499 0.081939 -0.939808 0.271479 -0.190644
2.26355 2.84543 0.499003 0.237959 -0.0652454 -0.930517 -0.270659
1.32753 -2.12212 0.499 -0.700683 0.205561 0.616714 -0.294029
-0.946687 -0.471438 0.499 -0.171023 0.606651 -0.232296 0.740786
0.121212 1.70203 0.499275 0.418021 0.623704 0.154727 -0.642115
-0.497554 0.590883 0.499 0.446552 -0.642784 -0.0310216 0.621658
2.29598 -0.0343383 0.499 0.518678 0.331457 0.737674 -0.277392
-2.70715 -0.157296 0.499 -0.384222 0.589577 -0.634914 -0.318837
0.634042 -1.39757 0.499011 -0.28555 0.647308 -0.570007 -0.417786
-3.08438 -1.67641 0.499 0.221456 0.595742 0.172682 -0.752483
3.12732 0.539467 0.499 0.845752 -0.0701791 0.528825 -0.0110644
-1.73305 0.227936 0.499 -0.813442 0.2398 0.313728 0.427062
3.24995 3.12917 0.499061 -0.922362 -0.264075 0.00468289 0.28194
-2.10413 1.57855 0.499 0.625676 -0.660558 0.0586194 -0.410799
1.60608 -3.40229 0.499 0.639912 -0.597976 0.478096 0.0660411
0.266632 -0.0775679 0.499 -0.476384 -0.679611 0.0850185 -0.551325
