42.8 0.69851 1.65894 1
-2.63701 4.45481 0.499 0.109148 0.600725 -0.584267 0.534648
1.01706 -1.2057 0.499 -0.257011 0.161342 -0.769831 0.561493
-0.849449 0.230402 0.499 -0.302506 -0.593282 0.692768 0.276729
2.8049 -0.34265 0.499 -0.970084 0.0575222 -0.223372 -0.0757126
-1.40995 3.7276 0.498999 0.839665 0.178591 0.510423 -0.0503605
-1.82042 -1.6462 0.499 0.341247 0.566516 0.56137 -0.497468
-1.33674 1.86224 0.498927 0.187495 -0.864449 0.446962 0.133409
-0.908729 2.85255 0.499 0.157822 -0.453276 0.486992 -0.729707
-2.55017 2.00979 0.499 0.113557 0.62336 0.773607 -0.00765746
1.76915 -1.95954 0.499 -0.402959 0.741201 0.449674 -0.293322
-0.88499 5.46006 0.499 -0.330632 0.0118655 0.674488 -0.660006
2.96899 -1.35907 0.499 0.285103 -0.240969 -0.143095 0.91661
-2.66382 -0.790774 0.499 -0.440207 0.818331 -0.364574 0.060312
-1.91729 2.85494 0.499 -0.813607 -0.558409 0.0365274 -0.157763
-1.89156 1.02999 0.499073 0.385954 0.919974 0.0683795 -0.0033947
5.41401 -0.6257 0.502685 0.10627 0.827001 0.0595646 -0.548842
-3.9203 1.48454 0.499 -0.284136 -0.623419 0.384776 -0.618516
0.787567 0.0128443 0.499 0.714903 0.306894 -0.625759 0.0561782
-3.63169 0.230821 0.499 0.0847526 -0.0839794 0.933473 -0.338221
5.22347 0.354035 0.501569 -0.159818 0.0628141 0.492861 0.852995
-2.91049 1.01547 0.499 -0.60617 -0.141626 -0.760907 -0.183083
2.71713 3.80755 0.499 0.849639 0.0825362 0.054717 0.517984
-3.634 2.50923 0.499 0.000461938 0.0864548 0.517936 0.851039
4.28636 -2.58476 0.50002 0.540241 0.303233 0.607556 -0.497056
-2.1031 0.0472004 0.499 -0.862833 0.231492 0.085666 0.441126
