40 1.51879 -0.966058 1
-1.72767 2.7166 0.499 -0.0891688 0.824124 0.378511 0.411822
1.37556 -1.59026 0.499 -0.242086 0.536264 0.741088 -0.323424
-1.31569 -1.16671 0.499 -0.136878 -0.702793 -0.154592 -0.68077
2.7634 -0.493313 0.499 0.775046 0.220026 0.243941 -0.539801
-0.98069 1.85318 0.499 0.594565 -0.628415 -0.293783 -0.406543
-2.17501 -2.75902 0.499 0.835602 -0.448141 0.116064 0.29575
-1.03042 -0.118946 0.499 -0.42598 -0.73986 0.171095 -0.491808
-0.539651 0.929081 0.499 0.498857 -0.742562 -0.266494 -0.358782
-2.239 0.254061 0.499 0.504616 -0.179518 0.827167 -0.170092
2.00813 -2.39942 0.499 0.832196 -0.45722 0.178579 -0.257893
-1.59003 4.0264 0.49779 0.970281 -0.187193 -0.152244 0.0182901
2.95101 -1.49495 0.499 -0.85912 0.123852 0.152863 -0.472447
-3.38903 -2.90115 0.498781 -0.208733 -0.013036 0.925168 0.316741
-2.61351 1.78704 0.499 0.618578 0.528003 0.109222 -0.571529
-2.32847 -0.909378 0.51382 0.413913 0.0476407 0.310425 0.854425
5.63579 -1.20688 0.499 0.725673 -0.355037 0.0086366 0.589298
-4.10831 -0.274518 0.506877 0.170668 -0.00933493 -0.191174 -0.96656
1.1337 -0.444917 0.499 -0.300474 -0.250415 0.454719 0.800149
-3.91084 -1.7219 0.498827 0.833493 -0.414225 0.0743406 -0.358023
4.91497 -0.0706107 0.499 -0.344153 -0.433425 -0.0401642 -0.831918
-3.32934 -0.906298 0.499291 -0.933846 0.206469 0.207784 0.205249
2.95178 3.05732 0.499 -0.558746 -0.671452 0.195466 0.445812
-3.21681 0.842325 0.499 -0.199181 -0.436371 0.852441 0.20797
4.20053 -3.09783 0.499 0.293083 -0.715391 -0.429144 0.467068
-2.88891 -2.02718 0.523396 0.217717 0.335762 0.808306 0.431862
