7.7 1.62497 0.774249 1
3.70651 1.09079 0.499 0.843586 0.523291 0.118286 -0.0232061
5.30072 1.99658 0.499 0.843586 0.523291 0.118286 -0.0232061
2.90941 -3.03965 0.499 0.843586 0.523291 0.118286 -0.0232061
1.4239 4.46035 0.499 0.843586 0.523291 0.118286 -0.0232061
4.75724 1.09079 0.499 0.843586 0.523291 0.118286 -0.0232061
2.19377 -4.44567 0.498999 0.987898 0.0745185 0.0900801 -0.101936
4.80724 -2.49567 0.498892 0.846619 0.52128 0.107021 -0.00709684
5.80482 -2.42605 0.499035 0.882646 0.461661 0.0725699 0.0503896
3.81521 -0.720807 0.499 0.843586 0.523291 0.118286 -0.0232061
4.8297 -0.720807 0.499 0.843586 0.523291 0.118286 -0.0232061
0.807962 1.81543 0.499 0.843586 0.523291 0.118286 -0.0232061
1.35144 2.72122 0.499 0.843586 0.523291 0.118286 -0.0232061
1.14305 -4.44567 0.498999 0.987898 0.0745185 0.0900801 -0.101936
-0.242762 5.36615 0.499 0.843586 0.523291 0.118286 -0.0232061
4.31933 -1.62251 0.499081 0.846074 0.520106 0.114309 -0.0241234
3.77898 2.90238 0.499 0.843586 0.523291 0.118286 -0.0232061
2.14854 0.112527 0.499 0.843586 0.523291 0.118286 -0.0232061
0.336948 4.49658 0.499 0.843586 0.523291 0.118286 -0.0232061
0.336948 -1.844 0.499 0.843586 0.523291 0.118286 -0.0232061
0.844194 3.59079 0.499 0.843586 0.523291 0.118286 -0.0232061
2.90941 -1.22805 0.499 0.843586 0.523291 0.118286 -0.0232061
2.98188 3.55456 0.499 0.843586 0.523291 0.118286 -0.0232061
-0.786241 0.94586 0.499 0.843586 0.523291 0.118286 -0.0232061
5.26448 0.221222 0.499 0.843586 0.523291 0.118286 -0.0232061
1.85869 -3.00342 0.499 0.843586 0.523291 0.118286 -0.0232061
