11.3 1.03582 1.4721 1
3.53817 1.29018 0.499 0.38116 0.801533 0.416076 -0.197845
5.13237 2.19597 0.499 0.38116 0.801533 0.416076 -0.197845
2.74107 -2.84026 0.499 0.38116 0.801533 0.416076 -0.197845
1.25556 4.65974 0.499 0.38116 0.801533 0.416076 -0.197845
4.5889 1.29018 0.499 0.38116 0.801533 0.416076 -0.197845
1.96176 -3.74807 0.499044 0.852129 0.0260471 0.400386 -0.335989
4.31013 -2.28308 0.499 0.477791 0.833661 0.25305 0.112654
5.1802 -1.78939 0.499004 0.849046 0.506398 0.0703704 0.133157
3.5912 -0.416557 0.499 0.487445 0.760025 0.391341 -0.177799
4.66451 -0.515519 0.499 0.384275 0.799388 0.414385 -0.203952
0.639621 2.01481 0.499 0.38116 0.801533 0.416076 -0.197845
1.1831 2.92061 0.499 0.38116 0.801533 0.416076 -0.197845
0.909842 -3.73674 0.499 0.849204 0.0297591 0.402605 -0.340406
-0.411104 5.56554 0.499 0.38116 0.801533 0.416076 -0.197845
4.05559 -1.31099 0.499 0.511936 0.765497 0.315224 -0.22928
3.61064 3.10177 0.499 0.38116 0.801533 0.416076 -0.197845
1.9802 0.311916 0.499 0.38116 0.801533 0.416076 -0.197845
0.168606 4.69597 0.499 0.38116 0.801533 0.416076 -0.197845
0.168606 -1.64461 0.499 0.38116 0.801533 0.416076 -0.197845
0.675853 3.79018 0.499 0.38116 0.801533 0.416076 -0.197845
2.74107 -1.02866 0.499 0.38116 0.801533 0.416076 -0.197845
2.81353 3.75394 0.499 0.38116 0.801533 0.416076 -0.197845
-0.954582 1.14525 0.499 0.38116 0.801533 0.416076 -0.197845
5.09614 0.420612 0.499 0.38116 0.801533 0.416076 -0.197845
1.68703 -2.78526 0.498959 0.398752 0.792482 0.416102 -0.199569
