10.1 1.29844 1.24662 1
3.61321 1.22575 0.499 0.574992 0.752316 0.302675 -0.10859
5.20741 2.13155 0.499 0.574992 0.752316 0.302675 -0.10859
2.81611 -2.90468 0.499 0.574992 0.752316 0.302675 -0.10859
1.3306 4.59532 0.499 0.574992 0.752316 0.302675 -0.10859
4.66394 1.22575 0.499 0.574992 0.752316 0.302675 -0.10859
2.05807 -3.97268 0.499 0.927433 0.0628335 0.262739 -0.258626
4.50185 -2.35322 0.498999 0.624613 0.75496 0.174454 0.0972654
5.44286 -2.01486 0.499008 0.849053 0.506388 0.0703875 0.133135
3.68937 -0.524545 0.499 0.629911 0.717236 0.281948 -0.0963798
4.7364 -0.585841 0.499 0.574992 0.752316 0.302675 -0.10859
0.71466 1.95039 0.499 0.574992 0.752316 0.302675 -0.10859
1.25814 2.85619 0.499 0.574992 0.752316 0.302675 -0.10859
1.00735 -3.97268 0.499 0.927433 0.0628335 0.262739 -0.258626
-0.336064 5.50112 0.499 0.574992 0.752316 0.302675 -0.10859
4.16319 -1.41163 0.499 0.652186 0.711866 0.225918 -0.129853
3.68567 3.03735 0.499 0.574992 0.752316 0.302675 -0.10859
2.05524 0.247492 0.499 0.574992 0.752316 0.302675 -0.10859
0.243646 4.63155 0.499 0.574992 0.752316 0.302675 -0.10859
0.243646 -1.70903 0.499 0.574992 0.752316 0.302675 -0.10859
0.750892 3.72575 0.499 0.574992 0.752316 0.302675 -0.10859
2.81611 -1.09309 0.499 0.574992 0.752316 0.302675 -0.10859
2.88857 3.68952 0.499 0.574992 0.752316 0.302675 -0.10859
-0.879543 1.08083 0.499 0.574992 0.752316 0.302675 -0.10859
5.17118 0.356188 0.499 0.574992 0.752316 0.302675 -0.10859
1.76538 -2.86845 0.499 0.574992 0.752316 0.302675 -0.10859
