83.9 0.345943 -1.76644 1
1.17059 0.0254325 0.498953 0.635434 0.114487 0.762419 0.0428254
-0.111318 1.43231 0.499004 -0.149061 -0.0272525 0.102811 -0.983091
2.06169 -1.2704 0.499 0.253366 -0.810645 -0.364016 -0.382298
0.674748 -2.98393 0.499 0.298986 -0.670099 0.678178 0.0406077
-1.31428 -2.80998 0.499 0.931847 0.201517 0.237091 -0.186657
-1.73525 2.9376 0.499 -0.370003 -0.591481 -0.67725 0.233626
0.840086 0.973322 0.499053 -0.339224 0.0332942 -0.560725 -0.75459
0.740595 -0.882769 0.498931 -0.239694 -0.48478 -0.524854 0.657315
3.49403 -0.0662407 0.499 -0.263853 0.0732617 0.959282 0.0692232
-0.00722302 0.272282 0.499 -0.111759 -0.145989 -0.672165 -0.717211
3.43144 -1.34091 0.499 0.195578 0.310411 0.414919 0.832609
1.99634 -2.38025 0.499 0.0639568 0.781958 0.608626 0.118428
-0.254935 3.3443 0.499108 -0.665065 -0.253025 -0.265938 0.650342
1.46707 1.78733 0.497271 -0.931984 0.137894 0.072287 0.327361
2.5075 -0.365279 0.499 0.829571 0.0420497 -0.303402 -0.466895
-1.32851 -1.52606 0.499 0.127627 0.755278 -0.36225 0.531076
-0.951353 0.740579 0.499 0.198856 0.0789811 0.822076 0.527645
0.196688 2.41151 0.498998 -0.354895 -0.253214 -0.806528 0.399307
-2.17997 1.90407 0.499 0.388938 -0.0707764 0.617189 -0.680291
0.437701 -1.84152 0.499064 0.534189 -0.354031 0.697234 -0.321198
-1.10284 1.80561 0.499 -0.79268 0.306578 0.487811 -0.199274
-0.725116 -0.569111 0.499 -0.823276 0.0430278 0.52846 -0.202721
1.92164 0.710528 0.499 -0.482158 -0.447864 -0.736548 0.156329
-1.87056 -0.364266 0.499 0.601502 -0.420394 -0.603972 -0.310936
1.51289 2.85483 0.499 -0.604242 0.266516 0.658286 0.361276
