4.4 1.78106 0.260413 1
3.75111 0.94397 0.499 0.982663 0.184913 0.0134421 -0.000839106
5.34532 1.84977 0.499 0.982663 0.184913 0.0134421 -0.000839106
2.95401 -3.18646 0.499 0.982663 0.184913 0.0134421 -0.000839106
1.4685 4.31354 0.499 0.982663 0.184913 0.0134421 -0.000839106
4.80184 0.94397 0.499 0.982663 0.184913 0.0134421 -0.000839106
2.26315 -4.95955 0.499003 0.997086 0.0750005 0.0104009 -0.00927432
4.8743 -2.64299 0.499 0.982663 0.184913 0.0134421 -0.000839106
5.92503 -2.64299 0.499 0.982663 0.184913 0.0134421 -0.000839106
3.85981 -0.867624 0.499 0.982663 0.184913 0.0134421 -0.000839106
4.8743 -0.867624 0.499 0.982663 0.184913 0.0134421 -0.000839106
0.852562 1.66861 0.499 0.982663 0.184913 0.0134421 -0.000839106
1.39604 2.5744 0.499 0.982663 0.184913 0.0134421 -0.000839106
1.21243 -4.95955 0.499003 0.997086 0.0750005 0.0104009 -0.00927432
-0.198163 5.21933 0.499 0.982663 0.184913 0.0134421 -0.000839106
4.36705 -1.77342 0.499 0.982663 0.184913 0.0134421 -0.000839106
3.82358 2.75556 0.499 0.982663 0.184913 0.0134421 -0.000839106
2.19314 -0.0342909 0.499 0.982663 0.184913 0.0134421 -0.000839106
0.381547 4.34977 0.499 0.982663 0.184913 0.0134421 -0.000839106
0.381547 -1.99081 0.499 0.982663 0.184913 0.0134421 -0.000839106
0.888793 3.44397 0.499 0.982663 0.184913 0.0134421 -0.000839106
2.95401 -1.37487 0.499 0.982663 0.184913 0.0134421 -0.000839106
3.02647 3.40774 0.499 0.982663 0.184913 0.0134421 -0.000839106
-0.741641 0.799042 0.499 0.982663 0.184913 0.0134421 -0.000839106
5.30908 0.0744048 0.499 0.982663 0.184913 0.0134421 -0.000839106
1.90329 -3.15023 0.499 0.982663 0.184913 0.0134421 -0.000839106
