94.5 -0.831647 1.59636 1
0.350321 -0.726966 0.508622 -0.611401 0.213842 -0.634168 -0.422246
0.725308 1.13399 0.497623 0.694583 -0.26522 -0.474353 -0.471384
0.845331 0.142049 0.498088 -0.152312 -0.401079 -0.864596 0.261553
-1.16914 -2.36196 0.499096 0.143805 0.784872 0.0906951 -0.595877
-3.02396 -2.10667 0.498772 -0.085099 -0.571033 -0.365489 0.730135
1.89455 0.615301 0.505427 -0.271448 0.705584 -0.628477 0.182987
-0.845034 -0.372392 0.498995 0.026953 -0.673333 -0.111042 -0.730456
-1.8542 -1.59789 0.498787 0.620735 -0.740239 -0.0244295 -0.25717
2.38824 -3.0057 0.497479 -0.0917852 -0.569381 0.549619 0.6044
-1.86263 -0.441071 0.499 0.308492 0.718984 -0.604948 -0.148096
1.03691 -3.14709 0.499 0.276241 0.505316 0.143793 -0.804779
0.0615516 -1.89724 0.499 -0.765378 0.218715 -0.600336 -0.0771736
2.85769 -0.634522 0.499111 0.343513 0.843517 -0.0318875 0.411656
1.8805 -0.386559 0.496943 -0.58588 -0.709996 0.365961 -0.136831
1.86466 -1.83601 0.50229 0.777389 -0.0619603 0.127926 0.61275
-2.88783 -0.541138 0.499 -0.490397 0.0806124 -0.8506 -0.171735
-1.35825 0.503846 0.499001 -0.705663 -0.576882 -0.270017 0.310383
0.362585 2.06352 0.519901 -0.518407 0.83459 0.00467926 0.186258
-1.06438 2.15106 0.499 0.187262 0.296404 -0.797365 0.491209
-2.61237 -3.03897 0.499061 0.0031394 0.184078 -0.815954 0.548018
-1.2348 3.28062 0.499 0.0845974 -0.131466 -0.238473 0.958483
-4.55755 0.203605 0.499 -0.352461 -0.270252 0.828497 -0.341067
-0.158879 0.390895 0.499 -0.505169 0.0771239 -0.761277 -0.399142
-2.24822 0.99633 0.499004 -0.171085 0.0689245 0.261369 0.947452
2.84585 -1.9976 0.497089 -0.368642 0.138925 0.0680066 -0.916612
