114.7 -0.24735 1.78292 1
-0.853426 -2.58204 0.499 -0.139033 0.767374 -0.0652131 -0.622539
-0.288015 2.71311 0.499 0.484723 0.293445 0.371824 0.735309
2.34842 1.43704 0.499 -0.276914 0.0991382 -0.385446 -0.874598
-1.46861 0.409621 0.499 -0.101812 -0.0238181 -0.0166302 0.994379
0.932387 -0.521932 0.499002 -0.219104 -0.57598 -0.775571 -0.13686
-1.16922 4.18093 0.499 0.39872 -0.180774 0.256335 0.861763
-1.59125 -1.80845 0.496879 0.540215 -0.767612 0.252417 -0.235
-1.89549 1.43413 0.499073 0.0542422 -0.193316 0.897444 -0.392786
-2.67275 -2.10048 0.499 -0.441204 0.0770159 -0.209613 -0.869178
-0.21303 0.388436 0.499 0.492272 -0.481352 -0.118515 0.715487
-2.59661 0.332534 0.499004 0.430866 0.447714 0.314153 0.717785
-0.272905 -0.702116 0.499 -0.020113 -0.849143 0.517661 0.102855
2.43847 -1.98942 0.499 0.232249 0.836861 -0.0549151 0.492655
-2.10057 -2.99681 0.499 0.668399 0.720487 0.0135789 -0.184274
-2.89703 1.29239 0.498996 -0.114134 -0.565826 -0.509703 0.637979
-4.20894 1.21652 0.499 0.103307 0.784006 0.577023 0.204222
-1.63696 3.09251 0.499 0.409406 0.267779 0.575312 -0.655513
-2.23309 4.09878 0.499 0.433407 0.178604 -0.745943 0.473105
1.18278 0.939538 0.499 -0.456488 0.64263 0.615332 -0.00357292
-2.34825 2.3336 0.499 -0.894919 0.0962475 -0.341198 -0.271
-0.967201 1.80992 0.498927 0.491074 0.866645 0.0286852 -0.0833636
-3.66911 2.20189 0.499 -0.739282 -0.382845 0.55165 -0.0507386
-0.19567 -1.7486 0.499 0.0975838 -0.648017 -0.748455 0.101816
1.2092 -1.51145 0.499001 0.137687 0.0639567 -0.169382 -0.973787
-1.92654 -0.868811 0.503098 0.372966 -0.75358 -0.537879 0.0608244
