55.1 -1.28126 -1.26427 1
0.398008 2.4636 0.499 -0.904593 0.0188252 0.423399 -0.0457167
-0.984982 -2.43158 0.499 0.57094 -0.0389228 0.372829 0.730418
2.32987 -0.986481 0.499 -0.359187 0.23565 -0.559248 -0.70901
1.68381 -1.76542 0.499 0.236027 -0.837553 -0.461168 0.173551
1.43526 2.03283 0.499 0.276458 -0.275643 -0.0246569 0.920317
-1.21022 -1.36259 0.498997 -0.276906 -0.796505 0.202322 -0.497964
1.44033 0.297346 0.499 0.515319 -0.612451 0.0749937 0.594749
2.55611 0.0138625 0.498993 0.597402 -0.347195 0.317585 -0.649389
-0.0676776 0.684785 0.499 -0.439997 0.452654 0.431737 -0.64429
-1.38367 -3.4172 0.499 -0.356864 0.318789 -0.874658 0.0774325
2.58223 1.02596 0.499 -0.8359 0.442373 -0.17349 0.274733
0.770687 -2.25202 0.499 0.719921 0.589231 0.347474 -0.117399
-1.3901 -0.378881 0.499002 0.402855 -0.326234 -0.742815 0.423682
0.866471 1.1322 0.499 -0.261685 -0.000152827 -0.378766 0.887726
-0.393307 -0.464487 0.498863 -0.765304 0.224643 -0.148061 -0.584742
3.75046 -1.33525 0.499 0.661191 0.0212355 0.36751 0.653691
-2.09151 -2.61483 0.499 0.358882 0.687409 0.0625943 -0.628295
0.237797 -1.37432 0.499 0.478535 -0.419844 -0.464725 0.615439
-2.61767 -3.49 0.499 -0.391387 0.265184 0.486637 -0.734628
3.6341 -0.293741 0.499 -0.686397 0.00845369 0.0663034 -0.724149
-2.33898 -0.708414 0.499003 0.252854 -0.456587 0.469529 -0.712135
1.96432 3.03139 0.499 0.867299 0.48258 -0.0155584 0.121109
-1.09847 0.613744 0.499 0.808671 -0.521201 0.265097 -0.0642226
0.0979605 -3.02973 0.499 -0.519737 -0.49345 -0.528735 -0.454775
0.606219 -0.428742 0.499133 -0.406922 0.0324107 0.882308 0.234301
