36.2 -1.65553 -0.706564 1
-1.71929 1.44972 0.499 0.493006 -0.836533 -0.00887328 0.238912
0.636391 -1.02006 0.499 0.607797 -0.787389 -0.0685169 0.0768561
-1.30574 -2.48697 0.499 -0.121828 0.989943 -0.0476263 -0.0538761
1.48137 0.394331 0.499 0.255067 -0.561094 0.0189768 0.787244
-1.14749 0.56486 0.499 -0.366918 0.654032 -0.58309 0.312441
-2.40801 -3.04634 0.499 -0.717394 0.111082 -0.635754 0.262342
-1.34083 -1.37787 0.499 0.570085 0.618413 -0.457376 -0.288747
-0.828306 -0.387591 0.499 -0.64728 0.695935 -0.288329 -0.116489
-2.43734 -0.215419 0.499 0.0717613 -0.340598 -0.873574 0.340163
1.10674 -1.90429 0.499 -0.200085 -0.0953876 -0.339009 0.914297
-1.90482 2.613 0.499 -0.844884 0.0122243 -0.456447 0.278708
1.70089 -0.587234 0.499 0.604549 -0.105648 -0.385111 -0.689237
-4.18042 -3.43396 0.499 -0.153574 -0.306657 -0.79641 -0.498104
-3.3309 1.73672 0.499 -0.734499 0.0780788 0.0900493 0.668061
-2.39868 -1.30957 0.499 -0.517949 -0.620037 -0.396857 -0.435646
4.00973 -0.422873 0.499 -0.628545 -0.0693761 0.116742 0.765826
-4.10845 -0.583165 0.498622 0.239084 0.575377 -0.118973 0.773062
0.377727 0.0259505 0.499 -0.630619 -0.0584821 -0.479238 -0.607644
-4.04902 -2.44057 0.499 -0.26343 -0.219455 -0.694512 0.632532
3.23719 0.51142 0.499 0.600325 -0.256122 -0.717502 -0.243314
-3.69422 -1.49335 0.499029 0.763438 -0.207021 -0.457753 -0.405914
2.04452 3.13127 0.499 -0.188139 0.156444 -0.765114 -0.595591
-3.09134 0.591576 0.499 0.471257 -0.205081 -0.6479 -0.562214
2.85507 -2.70025 0.499 -0.416499 0.593507 -0.479007 0.494803
-2.99555 -2.20899 0.499349 -0.122215 -0.921417 -0.36268 -0.0672179
