72.4 1.42997 1.09324 1
2.18389 -0.594888 0.499 -0.199826 0.170205 -0.607557 -0.749649
-1.62862 -0.658929 0.499055 -0.83025 -0.390461 -0.387753 -0.0887249
2.35279 -4.0222 0.499 -0.5202 0.735414 -0.233132 0.366344
-0.363151 -2.16937 0.498986 -0.362113 0.882604 0.0944398 -0.284545
0.927698 -1.44296 0.499 -0.495997 0.552241 -0.027009 0.669542
-2.81664 -1.76398 0.497644 -0.0768111 -0.653164 0.59372 0.463653
1.07798 -0.39387 0.499 -0.203354 -0.150922 -0.0421941 0.966483
3.9323 -1.34365 0.499 0.121477 0.264071 0.59666 -0.748002
1.86531 0.364606 0.499 0.10682 0.600116 -0.209514 0.764562
-1.63961 -1.70907 0.506345 -0.030082 -0.633255 0.11313 0.765039
2.58232 1.63765 0.499 -0.446434 -0.735873 0.0620942 0.505304
1.15459 -2.43932 0.499 0.526462 0.00541514 0.430046 -0.733395
-2.47537 -0.117289 0.498993 -0.514076 -0.354692 0.628915 -0.463018
1.2825 1.33361 0.499 -0.0951176 -0.539113 0.548016 -0.632446
0.277971 0.994893 0.499 0.112024 0.62268 0.768591 -0.0948029
3.95405 -3.94607 0.499 -0.324629 0.410465 -0.428791 -0.736392
-1.61734 -2.76707 0.499 0.373453 0.0613223 0.178014 -0.908341
-0.430133 -0.273169 0.499 -0.122931 0.169189 0.0963964 0.973124
-1.365 -3.8534 0.499 0.690279 0.711868 0.0677173 -0.110333
2.23563 -2.69979 0.499 -0.860484 -0.0402 0.180633 0.474682
-3.19932 -0.841265 0.500773 0.768972 0.376805 0.479829 -0.190956
2.92592 -1.27589 0.499 -0.00311803 -0.410617 -0.0470793 0.910586
-1.06744 1.59841 0.499 0.345134 0.048781 0.750239 -0.561822
-0.764723 -1.22774 0.509525 0.376466 0.238132 -0.437311 0.781233
-1.10788 0.475872 0.499 -0.468324 -0.293962 0.478539 -0.6821
