90.7 0.251769 -1.78231 1
0.233004 -2.03478 0.498987 0.510719 0.579519 -0.477412 -0.41881
0.28586 0.76343 0.499 0.471702 0.3534 -0.249476 0.768354
1.15972 -1.17928 0.49902 0.775336 0.602798 0.154371 -0.107969
0.503907 -4.02835 0.499 0.0261686 -0.892709 -0.438394 0.100978
-1.82691 -2.5625 0.499 -0.468864 0.593258 -0.457123 -0.468241
1.03324 2.09567 0.499 -0.0247357 0.00683893 0.874822 -0.483765
-0.28724 -1.17839 0.49903 0.562539 0.111126 -0.788458 0.222563
-1.05316 -1.82854 0.499 -0.000309494 0.940711 -0.31496 0.125953
3.23476 -1.65889 0.499 -0.275908 -0.150755 -0.670758 -0.671737
-1.25233 -0.813901 0.499 0.273962 0.231264 0.926396 0.115121
1.45361 -2.78079 0.499 -0.79217 0.254807 0.0277538 0.553869
0.333391 -3.03115 0.498984 0.778086 -0.213511 -0.57249 -0.145778
2.18417 1.16262 0.499 0.0724471 -0.251167 -0.334177 -0.905534
1.34124 0.53478 0.499 0.778077 0.0974702 -0.49713 -0.371426
1.90469 -0.496289 0.49898 -0.748825 -0.158277 -0.639113 0.0757827
-3.54291 -1.68495 0.499 -0.324775 -0.776334 -0.0817571 -0.533987
-1.51185 1.48341 0.499 -0.288943 0.566262 -0.458299 -0.621145
-1.12449 2.40836 0.499 0.0105778 -0.481859 0.825163 -0.29463
-3.14644 2.70783 0.498991 0.72114 -0.319814 -0.599033 -0.137245
-0.642095 -3.40464 0.499 -0.779198 0.490915 -0.389402 -0.0148217
-1.81723 3.15198 0.498991 0.555669 0.0946366 -0.446524 -0.694904
-3.47367 -0.435028 0.499 0.61568 -0.503442 -0.558735 0.235157
0.358338 -0.35443 0.499 0.873229 0.301914 0.152816 -0.350665
-3.19304 1.67307 0.499009 -0.56235 0.405183 0.697384 0.182332
3.29789 -0.635749 0.499 0.331177 -0.0508559 0.5698 0.750376
