75 -1.78975 0.191796 1
0.47233 -0.753378 0.499 -0.262148 0.584038 -0.57545 0.508955
-2.47561 -0.150022 0.499 0.298017 0.0699267 -0.864203 0.399311
1.61354 -3.92626 0.499 0.345055 0.866151 0.057705 0.356918
-0.943141 -3.88975 0.498999 -0.775573 -0.274113 -0.335968 0.458775
-0.58534 -2.60475 0.499 -0.513349 -0.450352 -0.322741 0.655358
-3.72033 -0.993151 0.499 0.587205 0.684065 0.155742 -0.403721
-0.483675 -0.324077 0.498958 -0.459718 0.735627 0.0898355 0.489328
2.32445 -1.43617 0.499027 0.642367 0.347026 -0.218021 0.647614
2.17895 0.247317 0.499 0.407012 0.275004 -0.737231 0.463902
-1.9401 -1.28431 0.499 0.0444097 0.605763 0.0686683 -0.791431
3.19304 0.573948 0.499 0.850715 0.51178 0.0907042 0.0783475
0.0803064 -3.75165 0.499382 -0.330148 -0.124972 0.889195 0.291061
-2.66888 1.04478 0.499 0.159841 0.907471 -0.12926 0.366386
1.76737 1.6457 0.499 -0.548341 0.375793 0.516377 0.539867
1.10278 0.428641 0.499 0.79615 -0.169404 -0.527747 0.242758
1.55141 -2.54546 0.499 -0.525531 0.574577 -0.0702202 0.623496
-3.0855 -1.76582 0.499 0.769568 -0.471958 0.34353 0.258857
-1.45545 -0.0542643 0.499042 -0.0607284 -0.630368 -0.497471 0.592849
-3.53538 -2.77645 0.499 0.0663705 -0.540262 -0.77519 -0.320612
0.428841 -2.8145 0.498618 -0.86072 -0.115892 -0.490673 -0.0705074
-3.49218 0.0443136 0.498486 -0.973748 0.0683016 -0.178113 -0.124201
1.3297 -1.33447 0.498973 0.237616 0.818263 0.466942 0.236537
0.256738 1.38663 0.499 0.235664 -0.101153 -0.88805 0.381573
-0.916717 -1.63712 0.499 0.495895 -0.530714 -0.0381003 0.686279
-1.08224 1.01386 0.499 -0.572295 0.639969 0.231359 0.457594
