38.1 -0.19517 -1.78939 1
-1.75967 1.81075 0.499 -0.583519 0.0366788 0.237769 -0.775646
0.969791 -1.57757 0.499 -0.103365 -0.507466 -0.0588336 -0.853424
-1.3469 -2.09925 0.499 0.538216 -0.436 -0.357351 0.62652
2.0862 -0.321899 0.499 0.314386 -0.910701 0.266636 -0.0262793
-1.10028 0.93661 0.499 0.25876 -0.332657 0.630203 0.652094
-2.33904 -3.16063 0.499 -0.310464 0.0578105 0.775141 0.547198
-1.22181 -1.02082 0.499 -0.143227 -0.503917 -0.42295 0.73937
-0.720165 -0.00166264 0.499 0.483557 -0.0492215 0.0372845 0.873132
-2.37435 -0.253087 0.499 -0.777484 -0.479795 0.371759 0.164651
1.52125 -2.42426 0.499 -0.223689 -0.742549 0.441966 0.450832
-1.88606 3.07431 0.499 0.235141 0.264676 0.885147 0.301944
2.28976 -1.3135 0.499 -0.0308022 0.228139 -0.876034 -0.423755
-4.59142 -3.64109 0.499 -0.731211 0.474526 0.366235 0.325619
-3.53356 1.63986 0.499 0.537745 -0.182194 0.823143 -0.00841273
-2.45015 -1.38138 0.499 -0.642493 0.585144 0.493994 0.0279064
4.78657 -1.08728 0.499 -0.213285 -0.245342 0.730918 0.600062
-4.26555 -0.821023 0.499 0.377266 -0.896373 -0.0713355 0.221578
0.719525 -0.481891 0.499 -0.544661 0.826249 0.141614 -0.0245533
-4.34833 -2.66493 0.499 -0.231521 -0.585405 0.77528 -0.0513751
4.0399 -0.0520029 0.499 -0.160609 -0.448459 -0.871895 -0.113526
-3.83437 -1.79662 0.499 -0.664089 -0.0334105 -0.744048 -0.0652875
2.46196 2.82189 0.499 -0.687302 0.394805 -0.440103 0.421965
-3.2002 0.474544 0.499 -0.866399 0.12637 -0.440488 0.198377
3.49162 -3.17145 0.499 -0.123863 0.0719874 0.12103 0.982256
-3.05001 -2.44965 0.499 -0.731123 0.113903 0.376923 -0.557148
