82.2 -1.7617 -0.369345 1
1.5168 0.67474 0.498494 0.509552 0.851047 0.0263872 -0.124011
-0.0172244 1.57962 0.502895 -0.293125 0.281969 0.596045 -0.692316
1.98077 -0.965777 0.49791 0.846702 0.113953 -0.022757 0.519223
0.00686983 -2.5664 0.499 0.953243 0.193961 -0.179927 0.146055
-1.71836 -2.6551 0.499 -0.347338 0.876737 -0.135984 0.303638
-2.58465 2.17703 0.499 0.248196 0.42357 0.149111 -0.858343
1.65646 1.6914 0.499 0.245096 -0.296433 -0.652797 -0.652619
0.939252 -0.151407 0.500148 0.0502584 0.604092 -0.729956 0.315771
3.4845 0.849932 0.499178 -0.778573 -0.166401 0.602588 -0.0549848
0.214518 0.604857 0.503147 0.0380663 0.714816 0.1003 -0.691035
3.29203 -0.562899 0.499171 -0.472871 0.640722 0.0914766 0.597914
1.54596 -1.90832 0.499006 -0.415756 0.101247 0.536643 0.727262
-0.239324 2.79626 0.499117 -0.366214 -0.756212 0.409561 -0.355373
1.91214 3.31965 0.499002 -0.0250703 0.25128 -0.468076 -0.846838
2.47893 0.0226404 0.498829 0.582315 0.212471 0.401471 -0.67423
-0.755132 -1.18314 0.52213 -0.204541 0.872238 -0.394016 -0.205221
-1.46254 0.381801 0.499 -0.182224 -0.283755 -0.695063 0.634952
0.66005 2.32814 0.491594 0.106352 0.58722 -0.580909 -0.55354
-2.27668 1.22282 0.499 0.242569 -0.286031 -0.128914 0.918002
0.835029 -1.18109 0.499009 -0.473291 0.390523 0.69301 0.378451
-1.0354 1.76467 0.499 -0.316466 -0.91303 0.257321 -0.00347363
-0.0134709 -0.497239 0.498764 -0.0721948 -0.824412 -0.557864 0.0626056
2.81219 1.83386 0.498155 0.169537 -0.107017 -0.974646 0.0993475
-1.68101 -0.679455 0.499 0.455421 0.850637 0.115446 -0.235968
1.17515 4.39692 0.499 -0.0842736 -0.414225 0.905529 -0.0365088
