33.4 -0.882791 1.56866 1
-0.823897 1.11203 0.499 -0.33959 0.835812 -0.420184 0.0976821
1.02196 -0.140817 0.498934 0.443428 0.299775 -0.783516 0.31561
-0.409185 -2.86399 0.499 -0.0886275 -0.847523 0.516016 -0.0870484
1.43577 1.66405 0.499002 -0.189221 -0.364543 -0.904161 0.117463
-0.381178 0.211372 0.499002 -0.0856556 -0.477104 0.627197 -0.609638
-1.49429 -2.9337 0.499 0.211923 -0.328797 0.151183 -0.907813
-0.540959 -1.78009 0.499 -0.653931 -0.184585 0.687093 0.257306
-0.151786 -0.76197 0.498998 0.546453 -0.555208 0.562424 -0.27715
-1.69427 0.0344476 0.499 0.0790977 0.619892 -0.0891712 -0.775581
1.35264 -1.08505 0.499006 -0.404164 -0.245358 -0.79099 -0.388312
-1.09659 2.12751 0.499 0.611404 -0.0675461 0.325959 -0.717895
1.67257 0.621005 0.49906 0.262188 0.913579 0.0483854 -0.307067
-2.74069 -3.00215 0.499 0.632027 0.0527391 0.637377 -0.437621
-2.19636 2.07381 0.499 -0.112097 -0.54231 -0.667736 -0.497456
-1.50774 -0.986214 0.499 0.920926 0.0154412 0.0087176 -0.389335
3.7008 0.750615 0.499 -0.324554 -0.903723 -0.0676457 -0.270876
-3.07216 0.0294717 0.499 -0.898243 0.375468 -0.193783 -0.120959
0.719343 0.965019 0.498998 -0.219362 -0.212011 0.68711 -0.659402
-2.7909 -1.99219 0.499 0.0263501 0.48333 -0.411744 -0.772117
2.89014 1.53608 0.499 -0.193664 0.899126 -0.292774 -0.261438
-2.66201 -0.999291 0.499 0.203003 0.844099 0.479345 -0.12851
2.26522 3.78156 0.499 0.00441476 0.401639 0.687005 -0.60555
-2.09502 0.958402 0.499 0.320809 0.664149 0.653084 -0.171666
2.7529 -1.81149 0.499 -0.892807 -0.285334 0.186444 -0.294482
-1.77357 -1.97008 0.499 0.850063 0.462085 -0.226482 -0.112145
