89.1 -1.74615 -0.43698 1
0.567808 -1.29437 0.498406 0.358482 0.643646 -0.109988 -0.667169
0.263771 1.28881 0.499819 -0.0115093 0.622146 -0.635935 0.456496
1.49927 -0.829234 0.499 -0.573392 0.611849 0.543151 -0.043012
1.25499 -3.45708 0.499 0.227457 0.608935 -0.752223 0.107806
-1.17551 -2.15125 0.499026 -0.40094 0.0160893 0.263746 -0.877169
0.505149 4.76015 0.524558 0.303659 0.301316 0.727262 -0.53674
-0.0257772 -0.490389 0.498997 0.776278 0.451489 -0.439716 -0.0141438
-0.663484 -1.27464 0.499002 -0.33413 0.633629 0.327519 -0.616119
3.31698 -0.766068 0.499 0.0812403 -0.257189 -0.391444 -0.879787
-1.02845 -0.268621 0.499 -0.16839 -0.136628 0.595253 0.773725
1.81867 -1.9516 0.499 -0.522268 0.0800562 -0.584885 -0.615416
0.829581 -2.25358 0.499588 0.791091 -0.146704 0.270085 -0.528873
1.0601 3.86145 0.498993 -0.601594 -0.0956455 0.169648 -0.774697
1.2262 1.02704 0.498181 0.719933 0.56681 0.191696 -0.351676
2.34208 0.134993 0.499 -0.212949 -0.575994 -0.636457 -0.466697
-3.06137 -1.22302 0.499 0.52448 -0.850414 0.0300577 -0.0285402
-1.34302 1.82981 0.499 -0.219855 0.109695 0.429263 -0.869117
-0.877248 2.74139 0.499 -0.013278 -0.366587 0.725371 0.582473
-3.37453 4.73595 0.540704 0.475722 -0.191995 -0.64578 0.565504
-0.189253 -2.49394 0.498999 -0.0170339 -0.165522 -0.375565 -0.911736
-1.85033 3.62029 0.499 0.42057 0.880374 0.154674 -0.155362
-2.91335 -0.0882978 0.499 0.694486 0.668142 -0.232282 0.131606
0.875358 0.0117732 0.499 0.204197 0.5331 0.794856 0.205699
-3.07449 2.39684 0.499 -0.710852 -0.33779 0.0894188 0.610403
3.32305 0.985176 0.496966 -0.608757 -0.340663 0.716087 0.0241663
