118.2 0.362792 -1.76306 1
-2.43492 -0.900955 0.513983 -0.487274 -0.69801 0.454329 0.26255
-0.1579 3.14232 0.499 -0.408099 0.712226 0.480824 -0.308217
2.94598 2.44158 0.498493 -0.378008 -0.175361 0.628132 0.657121
-0.0130466 1.56875 0.498985 0.38207 -0.481719 -0.563265 0.551999
2.6244 -0.499211 0.499 -0.0551632 -0.399849 0.906024 0.127277
-1.8837 2.6692 0.498966 0.622689 0.572691 0.403916 -0.348043
-3.43246 -0.725177 0.503381 -0.522542 0.796367 0.26337 -0.152924
-1.23273 0.635438 0.499019 -0.851701 0.0651059 -0.519832 0.0119123
-4.75327 -1.39562 0.499002 -0.169305 -0.389028 -0.124227 0.896973
0.99206 1.74015 0.499015 -0.452783 0.151643 -0.878231 -0.0264952
-2.45345 0.117218 0.499368 -0.203125 -0.607318 0.217911 -0.736492
1.60263 0.759986 0.499 0.759877 0.637116 0.0894001 -0.0931554
2.22749 -3.21888 0.499 -0.257144 0.0518398 -0.897494 0.354533
-3.94435 -2.06045 0.538617 -0.544307 -0.525913 -0.640455 -0.130242
-4.51583 -0.348987 0.499 -0.0427915 -0.447207 0.812904 -0.370624
-3.97939 1.15481 0.508636 -0.00298328 -0.739661 -0.4681 0.483502
-1.94891 1.34097 0.498973 0.396371 -0.0863878 -0.404607 -0.819585
-2.88614 2.83523 0.499187 0.957315 0.241163 0.148818 0.0569351
2.1322 1.85887 0.499507 0.097305 -0.306963 -0.282538 0.903591
-3.43939 0.307971 0.498915 -0.352786 -0.765276 0.409947 -0.349053
-1.00054 2.16695 0.501432 -0.694178 -0.303549 -0.637563 -0.139598
-3.36128 1.94665 0.498776 -0.285997 0.614025 -0.730998 -0.0825945
-0.189803 -0.161591 0.499 -0.270273 0.278494 0.905584 -0.171207
3.42095 -1.69581 0.499 0.721409 0.585889 -0.0415877 -0.366844
-1.52616 -0.321355 0.499004 0.459169 -0.00212746 -0.0646159 -0.885993
