83.4 -0.470921 -1.73731 1
1.20943 0.32235 0.499014 0.620749 0.269124 0.735634 -0.032959
-0.11398 1.57414 0.497311 -0.120171 0.0326411 0.215394 -0.968555
1.97153 -1.20552 0.499 0.63097 -0.746106 -0.212533 0.00569188
0.441325 -2.77023 0.495885 0.456835 -0.601022 0.642031 0.13368
-1.5026 -2.78464 0.499 0.712712 0.60484 0.263464 -0.23832
-2.05596 2.70548 0.499 -0.0874759 -0.609972 -0.734082 -0.285317
0.873012 1.26884 0.497074 -0.0457273 -0.18557 -0.66553 -0.721487
0.761074 -0.692243 0.499 -0.0825569 -0.0727767 -0.777529 0.619141
3.39107 0.12707 0.499 -0.583113 0.044869 0.810585 0.0302933
0.168567 0.557953 0.499619 0.0441323 -0.0696108 -0.589155 -0.803806
3.34942 -1.0575 0.499001 0.0468667 0.587104 0.386139 0.709936
1.80028 -2.24951 0.499 -0.186185 0.727883 0.627095 0.205605
-0.416164 3.47277 0.520483 -0.892802 -0.285565 -0.215559 0.273663
1.37352 2.13344 0.514758 -0.939923 0.0319304 -0.248514 0.231874
2.44083 -0.237421 0.499 0.826884 -0.0141839 0.0471655 -0.560212
-1.24271 -1.42327 0.499 0.111306 0.899582 -0.381149 0.181901
-1.17123 0.6199 0.499 0.0630852 0.160024 0.477532 0.861612
0.313933 2.53118 0.498948 -0.0225218 0.0137706 -0.954352 0.297516
-2.13185 1.6945 0.498938 0.329247 -0.0839524 0.93103 -0.133162
0.46768 -1.65341 0.499 0.0461587 -0.239016 0.953846 -0.175839
-1.11277 1.77212 0.498993 -0.935844 -0.0710421 0.328544 -0.105867
-0.583059 -0.562636 0.499 -0.927222 -0.36465 0.0528474 -0.0670538
2.0174 0.932806 0.498988 -0.194774 -0.294332 -0.918418 0.178718
-1.87541 -0.468147 0.499 0.84679 -0.109332 -0.320251 -0.410405
1.19616 3.11606 0.498076 -0.641345 0.313796 0.688664 0.126297
