113.2 1.70032 0.590692 1
0.19874 -4.63266 0.513126 -0.329159 -0.0162399 0.0447686 -0.943073
-0.0569439 1.51523 0.507192 0.550442 0.329399 0.64907 0.408923
1.88601 0.516668 0.499 -0.186424 0.180724 -0.369683 -0.892143
-2.00513 -0.888516 0.499054 0.489616 -0.684608 0.462224 0.279174
0.0126508 -0.825804 0.499038 -0.935599 0.0252933 -0.18909 0.297084
-0.113599 3.18471 0.499007 -0.452635 0.372222 0.378016 0.716712
-0.908806 -2.89356 0.499 -0.454597 -0.754616 0.0401507 -0.47147
-1.97767 0.221021 0.499001 0.77987 -0.201175 0.59076 -0.0483107
-2.16562 -3.00896 0.499 -0.630665 0.337287 -0.114775 -0.689439
-0.998957 -0.733595 0.498922 -0.782808 -0.196571 -0.585132 0.0786897
-3.01334 -0.918869 0.498245 -0.141617 -0.398487 0.240746 0.87361
-1.36919 -1.96426 0.499119 0.143372 -0.742579 0.616986 -0.217598
1.49198 -1.90279 0.499 0.885364 -0.230792 0.0309642 0.402376
-1.32719 -4.08865 0.499 0.650334 0.0273923 0.720111 -0.240325
-2.97708 0.13897 0.498996 0.0372464 -0.888879 0.355839 0.286157
-3.97714 0.0934099 0.497138 0.201993 -0.529767 0.653002 0.50213
-1.06476 1.75273 0.499006 0.820786 0.3561 0.18322 -0.40735
-1.05021 2.83437 0.498993 0.873512 -0.157641 -0.447419 0.109283
0.902596 -0.0241519 0.499 0.357306 0.433522 0.737658 0.374501
-2.09163 1.21465 0.499 -0.865903 0.407005 0.0218417 0.289968
-1.09549 0.702653 0.498999 0.391124 0.76291 -0.394244 0.331002
-3.18441 1.4244 0.499 -0.656356 0.495239 0.552742 -0.135691
0.109672 -3.65525 0.499462 0.0163736 -0.550587 -0.620721 0.557935
0.291769 -1.92861 0.499 0.70985 0.355359 -0.22963 0.563119
-2.53705 -1.87149 0.498998 -0.498553 0.124415 -0.771918 -0.374311
