13.6 0.32871 1.76973 1
3.33612 1.37521 0.499 -0.0402479 0.674974 0.561154 -0.477385
4.93033 2.28101 0.499 -0.0402479 0.674974 0.561154 -0.477385
2.53902 -2.75522 0.499 -0.0402479 0.674974 0.561154 -0.477385
1.05352 4.74478 0.499 -0.0402479 0.674974 0.561154 -0.477385
4.38685 1.37521 0.499 -0.0402479 0.674974 0.561154 -0.477385
1.66706 -3.37275 0.499 0.536025 -0.0937015 0.658377 -0.520035
3.86054 -2.19878 0.499 0.190909 0.865486 0.462928 0.0136072
4.50932 -1.4289 0.499 0.881687 0.458788 0.0846553 0.0705342
3.23052 -0.116495 0.499 0.258291 0.736816 0.395846 -0.483419
4.473 -0.410774 0.499 -0.027635 0.664487 0.553825 -0.50097
0.437573 2.09985 0.499 -0.0402479 0.674974 0.561154 -0.477385
0.981052 3.00564 0.499 -0.0402479 0.674974 0.561154 -0.477385
0.664732 -3.32296 0.499 0.519721 -0.15943 0.681782 -0.489536
-0.613151 5.65057 0.499 -0.0402479 0.674974 0.561154 -0.477385
3.5449 -1.07126 0.499 0.395181 0.738933 0.403413 -0.367516
3.40859 3.1868 0.499 -0.0402479 0.674974 0.561154 -0.477385
1.77815 0.396949 0.499 -0.0402479 0.674974 0.561154 -0.477385
-0.0334412 4.78101 0.499 -0.0402479 0.674974 0.561154 -0.477385
-0.0334412 -1.55957 0.499 -0.0402479 0.674974 0.561154 -0.477385
0.473805 3.87521 0.499 -0.0402479 0.674974 0.561154 -0.477385
2.53902 -0.94363 0.499 -0.0402479 0.674974 0.561154 -0.477385
2.61149 3.83898 0.499 -0.0402479 0.674974 0.561154 -0.477385
-1.15663 1.23028 0.499 -0.0402479 0.674974 0.561154 -0.477385
4.8941 0.505645 0.499 -0.0402479 0.674974 0.561154 -0.477385
1.42821 -2.38039 0.499 0.273266 0.536013 0.602819 -0.524047
