7.3 1.65816 0.700369 1
3.71599 1.06968 0.499 0.872577 0.478469 0.0968937 -0.0169889
5.3102 1.97547 0.499 0.872577 0.478469 0.0968937 -0.0169889
2.91889 -3.06076 0.499 0.872577 0.478469 0.0968937 -0.0169889
1.43339 4.43924 0.499 0.872577 0.478469 0.0968937 -0.0169889
4.76672 1.06968 0.499 0.872577 0.478469 0.0968937 -0.0169889
2.20852 -4.51956 0.499 0.991101 0.0747142 0.0732134 -0.0823181
4.83918 -2.51728 0.499 0.872577 0.478469 0.0968937 -0.0169889
5.84761 -2.48201 0.499 0.890881 0.44755 0.0730877 0.026251
3.82469 -0.741916 0.499 0.872577 0.478469 0.0968937 -0.0169889
4.83918 -0.741916 0.499 0.872577 0.478469 0.0968937 -0.0169889
0.817444 1.79432 0.499 0.872577 0.478469 0.0968937 -0.0169889
1.36092 2.70011 0.499 0.872577 0.478469 0.0968937 -0.0169889
1.1578 -4.51956 0.499 0.991101 0.0747142 0.0732134 -0.0823181
-0.233281 5.34504 0.499 0.872577 0.478469 0.0968937 -0.0169889
4.33194 -1.64771 0.499 0.872577 0.478469 0.0968937 -0.0169889
3.78846 2.88127 0.499 0.872577 0.478469 0.0968937 -0.0169889
2.15802 0.091417 0.499 0.872577 0.478469 0.0968937 -0.0169889
0.346429 4.47547 0.499 0.872577 0.478469 0.0968937 -0.0169889
0.346429 -1.8651 0.499 0.872577 0.478469 0.0968937 -0.0169889
0.853676 3.56968 0.499 0.872577 0.478469 0.0968937 -0.0169889
2.91889 -1.24916 0.499 0.872577 0.478469 0.0968937 -0.0169889
2.99136 3.53345 0.499 0.872577 0.478469 0.0968937 -0.0169889
-0.776759 0.92475 0.499 0.872577 0.478469 0.0968937 -0.0169889
5.27397 0.200113 0.499 0.872577 0.478469 0.0968937 -0.0169889
1.86817 -3.02453 0.499 0.872577 0.478469 0.0968937 -0.0169889
