47.8 -0.255879 -1.78172 1
-3.36887 3.0629 0.499075 -0.30579 -0.407457 0.617468 -0.599337
0.160411 -2.7704 0.499 -0.200525 -0.437326 0.0861328 -0.87242
0.105351 0.384258 0.499 0.257953 -0.82563 -0.501273 -0.0228155
0.97212 -0.991945 0.499034 -0.1424 -0.500438 0.615894 -0.591573
-1.24001 3.09773 0.499 -0.520133 0.552788 -0.650985 -0.01033
-0.978263 -1.9646 0.499 -0.0174619 -0.0434352 0.44538 0.894117
-0.443963 1.40236 0.500053 0.584936 0.691195 -0.301683 -0.298473
-0.277274 2.47055 0.499 0.10617 0.618542 0.34547 0.697699
-2.96508 2.1369 0.497398 -0.269849 -0.598354 0.506398 0.55921
0.607909 -3.75984 0.499 -0.494304 0.0151568 -0.370374 0.786293
0.405438 3.20537 0.499 0.116248 0.434405 -0.5398 0.711614
0.932405 -2.1074 0.499 -0.114836 -0.464892 -0.597767 -0.642933
-1.74628 -0.00863346 0.498978 -0.143718 0.820209 0.538226 -0.130061
-1.96753 2.16365 0.513959 0.951452 0.292137 0.0318254 -0.091551
-1.74089 1.19208 0.499 -0.445655 0.0617075 0.283518 0.846877
1.43221 -0.102443 0.498978 -0.268029 0.103895 0.641638 -0.711102
-3.80815 1.21336 0.498993 0.906931 0.0953771 0.22799 0.341174
0.0903614 -1.47194 0.498993 -0.273246 0.0423678 -0.558583 -0.782002
-3.68532 0.168131 0.499004 0.453891 -0.865266 -0.10244 0.186559
2.52918 0.246776 0.499 -0.562153 -0.15897 0.631049 0.510383
-2.79001 1.1448 0.505676 -0.24278 0.353049 0.313053 -0.847592
2.44271 2.82018 0.499 -0.320986 0.606262 -0.7075 -0.169876
-3.9565 2.25465 0.50088 -0.179166 -0.441594 -0.871643 0.114596
1.58894 -3.52462 0.499 -0.837886 -0.00815607 -0.196982 0.508997
-0.899019 0.520599 0.49797 -0.584896 -0.727086 0.0147155 -0.359202
