86.2 1.3415 1.20016 1
1.42332 -0.61192 0.499172 0.401702 0.279799 -0.150637 0.858869
0.511424 1.43085 0.499 -0.334123 0.0730089 0.935014 -0.0937069
2.3392 -1.0184 0.498805 -0.561852 0.324229 0.656802 -0.38446
1.91653 -3.30065 0.499 0.750172 -0.137539 0.542925 0.351508
-0.525053 -2.39227 0.499 0.959971 0.0304129 -0.143469 0.238635
-0.106952 4.66274 0.499 -0.378858 -0.0535292 0.0744321 0.920902
0.969791 0.308435 0.499 -0.14305 -0.365557 0.584756 0.709905
0.607479 -1.20728 0.499 0.472558 -0.349132 0.691547 -0.420189
3.96865 -0.305084 0.499 0.499242 0.44005 -0.549336 0.505315
-0.0882304 -0.0577746 0.499 -0.586682 -0.592888 -0.186738 -0.519054
3.89963 -1.92553 0.498164 0.490922 -0.259786 -0.828422 -0.0722766
2.96093 -2.32199 0.49902 0.0330835 0.874119 -0.188354 0.44648
0.704889 3.95286 0.499 0.765114 -0.394541 -0.432575 0.267988
1.89164 1.29541 0.499 0.37689 -0.650915 0.105787 0.65044
2.96238 -0.121077 0.499 -0.48343 0.592801 -0.528566 -0.368105
-1.58798 -1.35668 0.499 -0.170414 -0.827394 -0.528244 0.0856491
-0.608925 1.23546 0.499 0.853456 0.176639 0.452728 -0.188278
0.21519 2.52705 0.499 -0.111738 -0.62472 0.620682 -0.460428
-2.22669 3.52712 0.499 -0.338404 0.504414 -0.702337 -0.371176
0.461275 -2.22535 0.499 0.0880823 0.760774 -0.636651 -0.0902282
-0.929457 2.6223 0.499 0.202296 0.543539 0.498166 0.644572
-1.26257 -0.362524 0.499 0.487176 0.636353 0.269034 0.534168
1.9757 0.221681 0.499022 0.0932312 -0.704434 0.680481 -0.178957
-1.91684 0.893728 0.499 -0.400416 -0.601658 -0.339281 -0.602132
3.00977 2.24118 0.499 0.517335 -0.0957986 -0.784058 0.329302
