93.8 0.288652 1.7767 1
0.402868 -1.33182 0.499 -0.892245 0.170995 -0.307255 -0.283292
0.749024 0.846179 0.499 0.45296 -0.218635 -0.766738 -0.398922
0.954916 -0.363182 0.499061 -0.266763 -0.233747 -0.934939 -0.00940247
-0.63927 -3.05646 0.499 0.0552483 0.83865 0.455381 -0.293668
-2.56888 -2.2723 0.499 -0.387225 -0.528906 -0.243196 0.714962
1.95142 0.735569 0.499 -0.132699 0.608509 -0.221539 0.750352
-0.544239 -0.688101 0.499 -0.0958511 -0.443402 0.0675922 -0.888616
-1.46289 -1.76434 0.499 0.33791 -0.872981 -0.271403 -0.223744
3.23575 -3.02301 0.499 -0.462088 -0.435528 0.695945 0.335336
-1.65834 -0.466863 0.499043 0.262921 0.818026 -0.511552 0.00461967
1.19862 -3.12258 0.499 0.773879 0.362208 -0.0989116 -0.510032
0.212995 -2.4242 0.499 -0.917572 0.297925 -0.155637 -0.212319
3.62731 -1.28241 0.54355 0.110723 0.7891 0.450515 0.402613
1.96576 -0.370546 0.49893 -0.712387 -0.3811 0.207708 -0.551475
2.07701 -1.59594 0.499 0.557239 -0.68388 0.200575 0.426102
-2.66397 -0.72119 0.499 -0.732184 0.272047 -0.586065 -0.215465
-1.09072 0.362221 0.498946 -0.757193 -0.540734 -0.083307 0.356828
0.228843 2.02872 0.499 -0.0044704 0.653483 0.262617 0.709911
-1.12819 2.1905 0.499 -0.464027 0.0370464 -0.175527 0.867466
-1.86282 -3.32054 0.499 0.272032 -0.301407 -0.688448 0.600992
-1.15212 3.25199 0.499 -0.471285 -0.42557 0.187011 0.749538
-4.15969 0.0484095 0.499 -0.299461 -0.223046 0.700145 -0.60858
-0.0255792 0.193145 0.498721 -0.652743 0.158328 -0.62373 -0.399775
-2.10872 0.495785 0.502865 -0.281055 -0.140916 0.192619 0.929542
3.98434 -2.24881 0.499077 -0.390866 0.0701043 0.0163142 -0.917629
