106 1.79961 0.0376922 1
2.12083 -1.93261 0.499 0.118832 -0.690028 0.492756 0.516655
3.67077 1.22204 0.499 0.344356 -0.510848 -0.0735817 0.784245
4.66044 0.589824 0.499 0.42167 0.761815 -0.469215 0.147207
-1.29838 -1.11001 0.499 -0.77257 0.515243 -0.196145 -0.314939
-0.0987534 1.25143 0.499 0.494107 0.0137597 0.282297 -0.822179
6.04415 0.716016 0.499 -0.407178 0.70754 0.572459 0.0767079
0.816097 -2.28502 0.499 -0.71707 0.23928 -0.0394726 0.65345
-0.532628 -1.82027 0.499028 -0.172674 0.579753 0.591396 -0.533218
-0.7821 -3.67378 0.499 -0.0677881 0.378693 0.267238 -0.883504
0.362798 -1.35629 0.498972 -0.270084 -0.134087 0.798033 0.521746
-2.34559 -1.44168 0.499 0.576303 0.679013 -0.0844997 0.446852
0.335538 -3.18297 0.499 -0.79404 -0.270714 0.448567 0.308223
3.68544 -0.89187 0.499 -0.428982 -0.123012 0.421267 0.789542
1.42693 -3.41632 0.499 -0.104767 -0.674733 0.460037 -0.56756
-2.51687 -0.0878987 0.499 -0.795369 0.16165 0.0503066 -0.582003
-3.02056 0.967445 0.499 -0.422092 -0.44163 -0.564084 0.555527
1.04877 2.12456 0.499 0.366169 0.103423 -0.382165 0.842125
2.93045 2.15969 0.499 0.563885 -0.179894 0.698452 -0.402289
3.12474 0.380255 0.499 -0.785314 0.319838 -0.201387 0.490335
-1.64549 0.801801 0.499 -0.0898392 0.401493 0.374056 0.831153
0.47972 -0.346332 0.499 -0.0772216 -0.119206 0.980062 0.138943
-1.77541 2.72132 0.499 0.804827 0.349167 -0.3138 -0.363133
2.70299 -0.652927 0.498591 -0.510258 0.846683 -0.12262 0.0879129
1.89539 -0.0554692 0.501487 -0.784539 -0.594494 -0.175953 -0.0107396
-1.63208 -2.24695 0.499 -0.622297 -0.546048 0.0883499 0.553871
