23.5 -0.972249 -1.51484 1
1.29731 0.0606286 0.499 0.00589905 0.172633 0.122158 0.977364
2.72928 0.233554 0.499 -0.115756 0.654719 0.0909849 0.741394
1.12411 -4.74769 0.499 -0.499684 0.80931 -0.302666 0.0610508
0.710023 3.69529 0.499004 -0.543424 0.149733 -0.530023 0.633519
2.22964 -0.804268 0.499 0.110104 0.826132 -0.262977 0.486032
0.275119 -3.9045 0.499004 -0.359664 0.66022 -0.112245 0.649733
1.26802 -3.64523 0.499 0.231609 -0.069691 -0.942498 0.230647
1.46257 -2.65983 0.499666 -0.762413 -0.00110108 -0.520885 -0.383933
0.697344 -0.928124 0.499 -0.603401 -0.0676272 -0.258435 0.751362
2.41966 -2.02319 0.499 -0.349151 0.36808 -0.13921 0.85043
-0.0426024 0.87055 0.499 -0.724594 -0.0738571 -0.470629 0.498013
1.08932 1.24623 0.499 -0.436537 0.0979681 -0.886867 -0.115349
-0.689059 -3.57696 0.499 -0.413034 0.681332 0.0238751 0.603837
-1.17433 3.5342 0.499 -0.898959 -0.256493 -0.276272 -0.223066
0.752232 -1.94323 0.499 -0.702305 0.059069 -0.709419 0.00189918
2.41173 1.63183 0.499 -0.911099 -0.0809288 0.140266 0.379045
-0.33295 -0.728388 0.499 -0.0455077 0.251709 0.104149 0.961106
-0.189646 2.843 0.499 -0.326037 0.839195 -0.34172 -0.269589
-0.837957 -2.57719 0.499 -0.791031 0.143831 -0.142182 0.57738
0.753056 2.26445 0.499 -0.282521 -0.0860477 -0.954972 0.0283934
-0.23864 -1.76456 0.499 -0.286255 -0.0356001 -0.811895 0.50756
2.23986 2.90042 0.499 -0.575341 0.240906 -0.440808 0.645473
-1.52825 0.29172 0.499 -0.575341 0.240906 -0.440808 0.645473
3.34359 -1.37275 0.499 -0.390737 0.851783 -0.169946 0.304808
0.501263 -2.93063 0.498331 -0.945483 0.271859 -0.118317 0.134744
