84.2 0.812389 -1.60625 1
1.20169 -0.113077 0.499057 0.653988 0.0521826 0.742572 0.134768
-0.0315509 1.35427 0.498607 -0.176281 0.018933 0.121799 -0.976592
2.11897 -1.29784 0.499028 0.0118704 -0.698799 -0.396667 -0.595142
0.836233 -3.09221 0.499 0.269058 -0.690374 0.671322 -0.0178483
-1.18045 -2.80396 0.499 0.98055 -0.00702705 0.162126 -0.110398
-1.52055 3.09643 0.499 -0.500016 -0.512942 -0.527925 0.456257
0.834373 0.842067 0.499 -0.523391 0.177983 -0.369271 -0.747009
0.727047 -0.996251 0.499 -0.309696 -0.694709 -0.303408 0.573943
3.57567 -0.160878 0.499 -0.00759021 0.0669227 0.987696 0.141143
-0.0767055 0.126996 0.502431 -0.232916 -0.152089 -0.684424 -0.673931
3.49831 -1.48719 0.499 0.270877 0.0971534 0.34873 0.89195
2.13453 -2.4373 0.499 0.203315 0.784711 0.569979 0.13422
-0.144286 3.37107 0.499 -0.541575 -0.27265 -0.282577 0.743309
1.53933 1.60848 0.499 -0.877056 0.114065 0.276997 0.375545
2.57626 -0.404403 0.498972 0.765169 0.110483 -0.510433 -0.37652
-1.35707 -1.5691 0.499 0.0707833 0.584595 -0.351835 0.727634
-0.871157 0.771278 0.498952 0.313108 0.0068826 0.896199 0.314235
0.189007 2.32614 0.499441 -0.573025 -0.357835 -0.673654 0.299644
-2.18644 2.04928 0.499 0.393034 0.00279626 0.309462 -0.865881
0.424629 -1.9717 0.499 0.776605 -0.330919 0.407931 -0.347806
-1.07524 1.84593 0.499 -0.616968 0.477816 0.592379 -0.200325
-0.80275 -0.558696 0.497099 -0.564534 0.251661 0.752814 -0.22636
1.90078 0.6066 0.498943 -0.638047 -0.518219 -0.561637 0.0943914
-1.84519 -0.282561 0.499 0.36714 -0.514506 -0.729376 -0.26173
1.72695 2.71369 0.499 -0.528445 0.18518 0.636303 0.530634
