86 1.53773 0.935624 1
1.43348 -0.603551 0.498994 0.510141 0.189667 -0.0169614 0.838746
0.483545 1.39488 0.499 -0.280563 0.133354 0.909819 -0.275193
2.33765 -1.06542 0.499 -0.568222 0.31824 0.558596 -0.513632
1.83389 -3.31198 0.499 0.742836 -0.274944 0.557006 0.249689
-0.532894 -2.44701 0.499 0.944846 -0.0806591 -0.19691 0.248972
-0.220939 4.47573 0.499 -0.424847 -0.126595 0.104449 0.890263
0.988098 0.337536 0.499 -0.293754 -0.304217 0.725305 0.543225
0.631635 -1.24021 0.498999 0.403035 -0.483532 0.660031 -0.410023
3.96342 -0.314815 0.499 0.599912 0.358758 -0.393757 0.596953
-0.0727396 -0.0770988 0.499 -0.624289 -0.497711 -0.285114 -0.530337
3.84758 -1.92892 0.50213 0.444018 -0.347112 -0.823053 0.0703186
2.94343 -2.35293 0.497129 0.118832 0.830358 -0.0971617 0.535671
0.647763 3.87107 0.499 0.617826 -0.500169 -0.471766 0.381523
1.8868 1.29422 0.499 0.227639 -0.688098 0.2439 0.644371
2.9545 -0.177352 0.499 -0.381191 0.617109 -0.620613 -0.297842
-1.5355 -1.40626 0.499 -0.24997 -0.780004 -0.519997 0.242306
-0.613205 1.15396 0.499 0.854992 0.105145 0.468414 -0.196268
0.243947 2.4798 0.499 -0.275145 -0.615369 0.547674 -0.495651
-2.19673 3.3478 0.499 -0.268041 0.523805 -0.691561 -0.418958
0.452109 -2.24179 0.49899 0.191562 0.707354 -0.679453 -0.0360232
-0.915681 2.51496 0.499 0.214405 0.554636 0.567769 0.569252
-1.19827 -0.414833 0.499 0.503785 0.626298 0.38379 0.454595
1.98935 0.227703 0.499006 -0.0643563 -0.744422 0.612206 -0.258646
-1.88146 0.744766 0.499 -0.41412 -0.569369 -0.417208 -0.574684
2.91678 2.26671 0.499 0.415182 -0.202701 -0.695915 0.549762
