81.4 -1.55641 0.904201 1
2.06929 1.01509 0.499 0.293044 0.773324 -0.531119 0.18441
-0.231983 1.25138 0.498878 0.0173794 0.456381 0.868731 0.191628
2.18637 -1.05035 0.499001 0.546481 0.488135 -0.30048 0.610569
-0.168436 -2.70996 0.499 0.00161129 0.519176 -0.853751 0.0395301
-1.68104 -2.63063 0.499 -0.659545 -0.016033 -0.153883 0.73557
-2.78039 1.72 0.499 0.17856 0.868836 0.437533 0.147666
2.68862 1.88438 0.499 0.0628883 -0.399422 -0.5707 -0.714708
1.47584 -0.0375663 0.509194 0.09261 0.757263 -0.495559 0.415208
3.68415 1.23122 0.499 -0.382143 -0.369445 0.846155 -0.0387206
0.0868903 0.302961 0.499129 -0.120495 0.81724 0.522315 0.211631
3.24927 -0.837333 0.499 -0.907393 0.330016 -0.00734324 0.26014
1.43418 -2.09667 0.499 -0.325062 -0.734454 0.162908 0.573039
-0.610267 2.60135 0.499 0.463462 -0.345157 0.191237 -0.793409
2.67316 4.03612 0.513674 0.685821 0.394435 -0.0624074 -0.608421
2.52279 0.103413 0.498994 0.395585 0.331365 0.337381 -0.787327
-0.565052 -1.39596 0.499 -0.765984 0.629276 -0.100754 -0.08443
-1.49752 0.126241 0.499 -0.421545 -0.566913 -0.67795 -0.203208
1.60751 1.95513 0.499 -0.00459842 0.961939 0.205364 -0.180218
-2.36688 0.807268 0.499 -0.188405 -0.390746 -0.879266 0.196753
1.16319 -1.11032 0.498995 -0.441895 0.408402 0.270242 0.751602
-1.20054 1.64188 0.499 0.356308 -0.707725 0.451869 -0.40986
0.249458 -0.691316 0.498992 0.203406 -0.606995 -0.630077 -0.43953
3.52876 2.45414 0.499 -0.0388201 0.166644 -0.96625 0.192572
-1.52937 -0.901803 0.499 -0.0845841 0.978212 0.0658228 0.177805
1.28245 3.99682 0.499 0.69093 -0.486558 0.5023 0.183225
