114.5 0.081667 1.79815 1
-0.736416 -2.78773 0.499 -0.179309 0.726808 0.0123677 -0.662906
-0.247043 2.54397 0.499 0.51988 0.26251 0.338599 0.739029
2.31792 1.31795 0.499 -0.295743 0.17566 -0.356067 -0.868847
-1.5119 0.256237 0.499 0.0233368 -0.212881 0.0055545 0.976784
0.838564 -0.587853 0.498553 -0.381498 -0.588679 -0.699071 -0.138623
-1.00105 4.05555 0.499 0.315041 -0.172032 0.26467 0.895044
-1.44551 -1.99603 0.499 0.510068 -0.762404 0.24526 -0.313716
-1.87003 1.28008 0.499012 0.214594 -0.179218 0.891784 -0.355741
-2.53497 -2.25709 0.499 -0.508142 0.142756 -0.154024 -0.835278
-0.289149 0.251509 0.499 0.306105 -0.599095 -0.274935 0.686874
-2.62162 0.187285 0.498605 0.396242 0.295326 0.269772 0.826437
-0.387987 -0.864244 0.499 0.0595967 -0.843675 0.533518 0.00434359
2.34343 -1.97468 0.499 0.37091 0.707046 -0.110239 0.591911
-1.97925 -3.14188 0.499001 0.669309 0.720597 0.056092 -0.172103
-2.88162 1.15263 0.499395 -0.0694187 -0.691322 -0.438889 0.569764
-4.12948 1.11083 0.499 0.19403 0.665649 0.617733 0.371039
-1.54681 2.92856 0.499 0.487262 0.341237 0.527144 -0.606838
-2.0463 3.93387 0.499 0.453767 0.13055 -0.781868 0.407105
1.17387 0.820621 0.499 -0.324068 0.636031 0.68979 0.120973
-2.2757 2.19766 0.498988 -0.941988 0.116454 -0.252501 -0.187988
-0.945215 1.68201 0.499 0.462267 0.883378 -0.0631499 0.044329
-3.59733 2.06204 0.498997 -0.713671 -0.318125 0.624076 -0.000652835
-0.140565 -1.93463 0.499 0.0444563 -0.654816 -0.752428 0.0556041
1.10188 -1.56455 0.499074 0.244414 0.335721 -0.23614 -0.878516
-1.96725 -1.01127 0.499 0.236191 -0.683888 -0.686045 -0.0765013
