91.8 1.64161 -0.738323 1
0.267618 -2.35638 0.499 -0.193731 0.736145 -0.647611 -0.0340458
0.563264 0.59392 0.499 0.273304 -0.228863 -0.471445 0.806639
1.05621 -1.34453 0.499 0.658068 0.117973 -0.673047 0.316285
0.259145 -4.37069 0.499 -0.142577 -0.545586 0.546522 -0.61913
-2.00074 -2.66598 0.499 -0.609949 0.701493 -0.140863 0.340628
1.51623 1.10109 0.499 0.26043 0.081123 0.961995 0.0126832
-0.21506 -1.43547 0.499 -0.338988 -0.0694508 -0.937337 -0.0407789
-1.07136 -2.00053 0.499 -0.222369 0.15785 -0.479637 0.834017
3.33075 -2.35862 0.499 -0.568621 0.412128 -0.222346 -0.676301
-1.15091 -0.98197 0.499 0.849037 0.325474 0.41223 0.0571835
1.42981 -3.10138 0.499 0.0847583 -0.456752 0.531884 0.70802
0.299798 -3.35843 0.499 -0.135374 0.420928 -0.872944 -0.206064
3.13313 -0.379848 0.499 0.54952 0.161444 0.199966 -0.79497
1.67989 0.0991678 0.499 0.0660662 0.254394 -0.909352 -0.322488
1.98035 -0.895671 0.499019 -0.953375 -0.274563 0.00457197 0.125178
-3.61604 -1.80477 0.499 -0.359362 0.0845062 0.267376 -0.890072
-1.34091 1.14848 0.49826 -0.662625 0.588849 -0.423297 0.187094
-0.851177 2.11177 0.499 0.653347 -0.361183 0.585975 -0.315148
-1.86235 2.01038 0.501547 0.0332393 -0.0352877 0.279667 -0.958872
-0.746286 -3.77251 0.499 -0.565789 -0.0248914 0.477982 0.671414
-1.46369 2.99751 0.499 -0.326834 0.297065 -0.175196 -0.879908
-3.60464 -0.46541 0.499 -0.252129 -0.670969 -0.593976 -0.365274
0.263366 -0.407878 0.499 0.518022 0.332732 -0.770511 -0.165094
-2.85297 0.649731 0.499 -0.258999 0.236521 0.877596 0.326808
3.70285 -1.21604 0.499 0.815489 -0.0171377 -0.476018 0.328772
