70.7 1.11212 -1.41534 1
1.29226 0.887428 0.499 0.383561 -0.310692 -0.7654 0.412933
-2.59753 0.901909 0.498582 0.245579 0.119986 0.345603 0.897693
1.86096 -2.16867 0.499 0.741672 -0.027217 0.485334 -0.462204
-0.394641 -1.5479 0.499 0.679552 -0.211662 -0.0483845 -0.700762
0.489639 -0.292908 0.499005 0.287745 0.820086 0.414893 -0.269305
-3.06999 -0.974029 0.498836 -0.764746 -0.389139 -0.253734 0.446491
0.136519 1.12561 0.497246 -0.608665 0.581775 0.1136 0.527409
3.04377 0.128324 0.49901 0.349552 -0.626102 -0.593274 -0.365834
0.874023 1.80072 0.499651 0.54148 0.373772 0.750469 0.0623741
-2.35225 -0.0856943 0.499 -0.744341 0.370434 -0.162595 -0.531317
1.96927 2.37755 0.499 -0.734952 0.640359 -0.202605 0.0934687
0.773805 -1.2786 0.498995 -0.213931 -0.903605 -0.314896 0.196398
-3.62141 0.663623 0.499 0.605217 0.168268 -0.771323 -0.102267
-0.457459 1.93087 0.50037 -0.115014 -0.213099 -0.856656 -0.455524
-1.48155 2.19172 0.499 0.161036 -0.679316 -0.641391 -0.318143
2.8911 -2.5701 0.499 0.362373 0.00280148 -0.797555 0.48227
-1.47527 -1.69016 0.499 -0.147656 -0.785359 -0.5072 0.322734
-0.789267 0.403362 0.499 -0.045645 0.501562 0.574805 -0.644942
-1.49325 -2.81293 0.499 0.564311 -0.733196 0.311009 -0.21737
1.86287 -1.01103 0.499 0.486615 0.51459 -0.173922 -0.684218
-4.14845 -0.651487 0.499001 0.832002 -0.260299 0.0843166 0.482605
2.04719 0.210653 0.49899 -0.619071 0.338742 0.571428 -0.418898
-2.65794 2.07187 0.499 0.370105 -0.669092 -0.552078 0.332488
-0.949176 -0.683729 0.499 0.230336 0.312108 0.921675 0.00703071
-1.61444 1.03378 0.499255 -0.333687 -0.00409921 -0.676888 -0.656093
