60.9 -1.6141 0.796664 1
-0.181933 3.57016 0.499 0.689481 -0.509173 -0.000100004 -0.51513
-1.05192 -0.0392364 0.499 -0.367561 -0.650338 -0.517832 -0.416904
1.63489 -1.10869 0.498997 0.0981332 0.106647 -0.976201 0.161329
1.53755 -2.55987 0.499001 0.778281 0.0410847 -0.0533686 0.624294
0.646261 1.91284 0.499 -0.812539 0.550306 0.122702 0.147944
-2.11907 -0.333601 0.499001 -0.409205 0.0577438 0.170019 -0.894601
1.00607 0.123036 0.499 -0.808726 0.543241 -0.218868 -0.0542981
2.04055 -0.144563 0.499 -0.509773 0.574779 0.384078 0.512098
-0.556308 2.4196 0.499 0.454721 -0.396994 -0.117813 0.788508
-0.676755 -1.10181 0.499 -0.799373 -0.108819 0.454123 0.378065
2.27504 1.02865 0.499 0.185529 0.633395 0.603149 -0.447884
0.80169 -1.86946 0.499 0.23175 0.0350327 -0.646324 -0.726175
-2.81533 0.3954 0.498999 -0.17011 -0.723975 0.626009 -0.234599
0.352462 0.934347 0.499 -0.164459 0.54106 0.191732 -0.802151
-0.857347 1.43208 0.499 0.0102812 0.7928 0.512366 -0.329916
2.3002 -1.86422 0.499003 0.387155 -0.421332 -0.793051 -0.208951
-1.87875 -2.18814 0.499 -0.543538 0.113624 -0.715445 -0.424022
0.345866 -0.940065 0.499 -0.600985 -0.797897 0.0462725 0.0059736
-2.82668 -2.67236 0.499 0.57235 -0.620484 -0.104622 -0.525804
2.98356 -0.794924 0.499 0.0807846 -0.0257897 -0.817386 -0.569815
-3.09379 -1.49006 0.499 -0.414228 -0.367257 -0.670697 0.493662
0.937221 3.33945 0.499 -0.262711 -0.786737 0.554627 0.0664563
-1.98822 1.40197 0.499 -0.589568 0.3694 -0.714233 -0.0763166
-0.0561943 -2.38363 0.498999 0.455415 -0.00338958 -0.327823 -0.827719
-0.0132924 -0.00675045 0.499 0.470265 0.730679 -0.171071 -0.464428
