79.7 0.883476 1.56827 1
0.758286 -0.205246 0.499 -0.833207 0.170501 0.12121 0.511863
-1.13025 0.260229 0.499 0.715193 -0.560376 0.022663 0.417089
2.07459 -3.21435 0.498018 0.141308 -0.0151854 -0.987231 0.0719518
-0.42233 -3.46092 0.499054 -0.537685 -0.243471 0.789187 0.169706
-1.43799 -3.03359 0.499 0.185143 -0.565551 0.55983 -0.576597
-3.18924 0.299929 0.499 -0.0358469 -0.763644 0.0548534 0.642304
1.45374 1.24714 0.499 -0.160111 0.741854 0.327386 0.562882
1.09481 -1.49355 0.499617 -0.357917 0.248047 0.251641 0.864318
3.68296 0.68486 0.499 0.430198 -0.321103 0.617825 -0.574556
-0.468444 -0.716103 0.499 -0.0438403 -0.296224 0.321015 0.898487
4.93317 -1.81556 0.526868 -0.640538 0.565942 -0.508598 0.103678
1.1068 -3.44716 0.499982 -0.0956046 -0.428655 -0.725341 -0.53009
-1.47378 2.09949 0.499 0.217608 0.531048 -0.35575 0.737615
2.88712 3.25096 0.499 0.45582 0.641237 -0.61067 0.0901439
2.78917 -0.348741 0.499 0.655274 0.269585 -0.561923 -0.426829
-0.500838 -2.45768 0.49866 -0.765371 0.207134 0.534893 0.291876
-1.64162 -0.847058 0.498999 -0.573567 0.232381 0.0928305 -0.780002
0.457981 0.909683 0.499 0.356663 -0.433004 0.13609 0.816565
-2.61686 -0.581244 0.499001 -0.37974 0.492468 -0.0153559 -0.782967
0.750344 -2.40773 0.497861 0.287346 -0.192816 -0.134906 0.928469
-2.00752 0.79414 0.499 0.740711 0.216476 -0.319079 -0.550158
0.101163 -1.65129 0.500951 0.104269 0.269058 -0.4494 -0.845444
3.06251 1.90931 0.499 -0.66487 0.535914 0.519386 0.0313247
-1.31075 -1.8655 0.498849 -0.111152 0.770189 0.0811976 0.622784
0.846593 2.77561 0.499 0.564472 -0.282613 -0.754722 -0.178596
