17.8 -1.29804 1.24703 1
2.70632 1.19138 0.498997 -0.507905 0.0688439 -0.00468692 -0.858645
4.27603 2.03165 0.498959 -0.455886 0.0772576 0.0615862 -0.884537
1.87434 -2.99646 0.499 -0.336803 0.0898601 0.102619 -0.931643
0.588709 4.59539 0.499 -0.415684 -0.0473867 -0.117682 -0.900618
3.70686 1.20711 0.498936 -0.361307 0.101288 0.0293583 -0.926464
0.869182 -3.11027 0.499 -0.494739 -0.307485 0.330686 -0.742518
2.59004 -2.27539 0.499 0.35263 0.652915 0.506266 -0.439372
3.00615 -1.30241 0.499 0.95679 -0.144391 0.0606698 -0.244998
2.17448 0.342101 0.499138 0.264822 0.140964 -0.532276 -0.791632
3.64226 -0.487209 0.498996 -0.370879 0.36033 -0.222357 -0.82654
-0.0272332 1.95046 0.499 -0.415684 -0.0473867 -0.117682 -0.900618
0.516245 2.85626 0.499 -0.415684 -0.0473867 -0.117682 -0.900618
-0.100708 -2.83141 0.499 -0.559233 -0.388354 0.162425 -0.714183
-1.07796 5.50119 0.499 -0.415684 -0.0473867 -0.117682 -0.900618
2.07972 -0.790495 0.499 0.760562 0.169435 0.0726384 -0.622544
2.94378 3.03742 0.499 -0.415684 -0.0473867 -0.117682 -0.900618
1.18089 0.230609 0.498867 -0.42554 0.0477406 -0.0608535 -0.901628
-0.498248 4.63162 0.499 -0.415684 -0.0473867 -0.117682 -0.900618
-0.498248 -1.70896 0.499 -0.415684 -0.0473867 -0.117682 -0.900618
0.00899873 3.72582 0.499 -0.415684 -0.0473867 -0.117682 -0.900618
1.0318 -0.917669 0.499 0.304153 0.43747 0.294231 -0.793435
2.14668 3.68959 0.499 -0.415684 -0.0473867 -0.117682 -0.900618
-1.62144 1.0809 0.499 -0.415684 -0.0473867 -0.117682 -0.900618
4.20462 0.339915 0.499058 -0.44918 0.123404 0.0122623 -0.884793
0.858845 -1.93958 0.499 -0.0901385 -0.470293 -0.0854043 -0.873731
