5.4 1.75713 0.390494 1
3.74427 0.981138 0.499 0.960895 0.275244 0.0302093 -0.00285121
5.33848 1.88694 0.499 0.960895 0.275244 0.0302093 -0.00285121
2.94717 -3.1493 0.499 0.960895 0.275244 0.0302093 -0.00285121
1.46167 4.3507 0.499 0.960895 0.275244 0.0302093 -0.00285121
4.795 0.981138 0.499 0.960895 0.275244 0.0302093 -0.00285121
2.25252 -4.82946 0.499002 0.996649 0.0749981 0.0226561 -0.0235237
4.86746 -2.60582 0.499 0.960895 0.275244 0.0302093 -0.00285121
5.91819 -2.60582 0.499 0.960895 0.275244 0.0302093 -0.00285121
3.85297 -0.830456 0.499 0.960895 0.275244 0.0302093 -0.00285121
4.86746 -0.830456 0.499 0.960895 0.275244 0.0302093 -0.00285121
0.845724 1.70578 0.499 0.960895 0.275244 0.0302093 -0.00285121
1.3892 2.61157 0.499 0.960895 0.275244 0.0302093 -0.00285121
1.20179 -4.82946 0.499002 0.996649 0.0749981 0.0226561 -0.0235237
-0.205 5.2565 0.499 0.960895 0.275244 0.0302093 -0.00285121
4.36022 -1.73625 0.499 0.960895 0.275244 0.0302093 -0.00285121
3.81674 2.79273 0.499 0.960895 0.275244 0.0302093 -0.00285121
2.1863 0.00287713 0.499 0.960895 0.275244 0.0302093 -0.00285121
0.37471 4.38694 0.499 0.960895 0.275244 0.0302093 -0.00285121
0.37471 -1.95364 0.499 0.960895 0.275244 0.0302093 -0.00285121
0.881956 3.48114 0.499 0.960895 0.275244 0.0302093 -0.00285121
2.94717 -1.3377 0.499 0.960895 0.275244 0.0302093 -0.00285121
3.01964 3.44491 0.499 0.960895 0.275244 0.0302093 -0.00285121
-0.748479 0.83621 0.499 0.960895 0.275244 0.0302093 -0.00285121
5.30225 0.111573 0.499 0.960895 0.275244 0.0302093 -0.00285121
1.89645 -3.11306 0.499 0.960895 0.275244 0.0302093 -0.00285121
