76.8 -0.051117 -1.79927 1
-0.73101 -0.874065 0.499 0.354985 -0.757169 0.344114 -0.426926
-3.53936 -0.0811229 0.499 -0.313749 -0.450742 0.834852 0.0376199
1.60174 -5.15666 0.499 0.974447 -0.0501686 0.15196 0.157623
-1.54444 -5.64763 0.499 -0.532275 -0.613117 0.439601 0.384085
-2.04808 -3.82802 0.499 -0.00614566 -0.500633 0.851405 0.156329
-4.28813 -0.825376 0.499 -0.2109 -0.501639 -0.78299 -0.30134
-1.46186 -0.140857 0.499 0.81044 -0.0747323 0.546989 -0.195971
1.14767 -1.64734 0.499 0.026261 -0.695352 -0.473451 -0.540037
2.5172 -0.00681973 0.49897 0.289322 -0.753191 0.435219 0.399476
-2.50896 -1.24257 0.499 -0.399026 -0.245154 -0.751414 0.464816
3.83546 -0.813545 0.499 0.73372 0.368785 0.568892 -0.0448826
-0.426486 -5.16923 0.499 0.313746 -0.300085 0.588799 -0.681783
-3.14639 1.58599 0.499 0.0400359 -0.885728 -0.340355 -0.313114
1.965 1.92589 0.499 0.421381 0.762552 0.324674 -0.368157
1.51936 -0.100062 0.49903 0.71302 -0.460339 0.0626071 0.525138
0.281945 -2.80964 0.499 0.85809 -0.47538 0.15915 -0.111202
-3.8135 -1.71941 0.499 -0.718559 -0.321379 -0.19546 -0.584965
-2.53083 -0.0574939 0.499 -0.0798848 -0.48713 0.869408 0.02126
-4.75161 -2.66244 0.499 -0.509363 -0.0102944 0.815243 0.275358
-0.989506 -3.76988 0.499 -0.132423 0.858436 0.492709 0.0528219
-4.54234 0.18827 0.499 0.103122 0.497119 0.0879138 0.857035
0.150658 -1.56731 0.499 0.439447 -0.766041 0.410539 -0.226994
1.135 1.13953 0.499 0.379451 -0.683716 0.621691 -0.0452675
-1.43511 -2.29916 0.499 -0.203441 -0.449444 0.559151 -0.666304
-0.799704 1.09021 0.499 0.759215 0.463993 -0.436773 0.132407
