103.4 -1.2791 -1.26645 1
1.21139 0.134961 0.499 -0.117747 0.203766 0.695433 0.678961
2.09792 3.05396 0.499 -0.911537 0.377674 0.119275 0.110614
2.27316 1.76184 0.499527 0.330323 0.765619 -0.434078 -0.341014
-0.797462 1.1403 0.496018 -0.0555346 0.145419 -0.592691 -0.790244
-1.17525 2.59716 0.501138 0.598945 0.359023 0.474128 -0.536256
3.20433 1.38018 0.498958 -0.664803 0.532422 0.520516 0.060225
0.219331 0.587762 0.49901 -0.184649 0.714869 -0.503998 -0.448166
-0.476967 -0.154559 0.499879 0.252075 0.453582 -0.0181965 -0.854629
-0.830978 -2.47853 0.499 0.963582 -0.0835435 0.0852666 0.23929
-0.0526733 1.90287 0.498988 -0.0376921 0.107874 -0.00881831 -0.993411
-2.34135 -1.57741 0.499 -0.946414 0.213977 -0.0235687 0.240748
-0.367511 -1.16735 0.498978 -0.57945 0.60128 -0.550072 0.0109874
2.14773 -0.221146 0.499 -0.578631 0.294791 -0.42631 0.629717
0.398303 -1.86102 0.499 -0.242954 -0.826732 -0.157057 -0.482515
-2.54772 -0.537136 0.499 0.295382 -0.486374 -0.0871894 -0.817672
-2.90201 3.65196 0.499333 0.539105 -0.462371 0.442242 0.547724
-0.714478 3.91108 0.499206 -0.584725 0.0178272 0.604418 -0.540793
1.55429 3.92248 0.499 -0.361194 -0.392567 -0.464288 0.707013
1.4208 2.29387 0.498745 0.4754 0.791126 -0.38265 -0.0411619
-2.09674 0.541332 0.499 0.505394 -0.4778 -0.156704 -0.701234
0.498109 2.78026 0.499068 -0.548012 0.650779 -0.287037 0.440203
-1.70517 3.43989 0.531328 0.520739 -0.163494 0.521751 -0.655649
1.03102 1.21605 0.499002 0.739074 -0.0674786 0.626384 -0.23845
0.447169 3.86552 0.498995 0.0438307 0.914765 0.262216 -0.304183
-1.29652 -1.54723 0.499 -0.340808 0.177496 -0.729402 -0.565967
