101.7 -1.28331 1.26219 1
1.08024 0.323803 0.499 0.251769 -0.798018 0.0784178 0.541877
2.68402 4.28726 0.499 -0.572041 0.28349 0.332508 -0.694147
1.85086 1.8434 0.499 -0.49712 0.684236 0.292715 0.446106
-0.692222 1.56739 0.496841 -0.295036 0.106831 0.591633 -0.742638
-1.68916 1.58827 0.502343 -0.0448373 -0.0960423 -0.0506038 0.993078
2.84798 1.54719 0.499 0.090166 -0.510111 0.75368 0.404504
0.31035 1.14129 0.499 -0.378484 0.895453 0.234175 0.00875953
-0.819547 0.273146 0.499 -0.528461 0.533204 0.0191299 0.660346
-0.504838 -2.78628 0.499 0.0251598 0.50101 -0.576849 0.644671
-0.232471 2.46744 0.499 -0.163682 0.967072 -0.013487 0.194419
-2.01823 -2.14147 0.499 0.422964 -0.492588 0.298061 -0.699727
-0.204984 -0.847706 0.499 -0.709666 0.251578 0.568717 -0.331124
2.03938 0.040545 0.499 -0.872729 -0.480394 0.0817419 -0.0297235
0.742243 -1.2936 0.499 0.395472 -0.336956 -0.373556 -0.768452
-2.03144 -1.12728 0.499 0.176109 0.665433 0.587214 -0.425867
-2.62945 4.67312 0.499 0.326022 0.345669 -0.850577 -0.225258
-1.07799 3.84012 0.499 0.583231 0.00879104 0.74836 0.315787
1.56821 4.89947 0.498979 0.371517 -0.485193 -0.69675 0.375636
1.46638 3.21269 0.499 -0.183647 0.537068 -0.776347 0.274073
-2.15527 -0.112783 0.499 -0.0646603 0.593061 -0.0344775 0.801816
0.393588 3.34289 0.499 -0.960821 -0.00509501 -0.251154 0.117128
-2.07402 2.86736 0.499 -0.284911 0.603714 -0.562109 0.48825
0.805875 2.01073 0.499 0.838841 0.421029 -0.300913 -0.168912
0.543093 5.05466 0.524362 0.0934652 0.568425 0.545106 0.609112
-0.812958 -1.66942 0.499 -0.125567 0.395547 0.218816 -0.883117
