16.7 -0.895659 1.56134 1
2.98629 1.31564 0.499 -0.40539 0.118322 0.204314 -0.883128
4.58049 2.22144 0.499 -0.40539 0.118322 0.204314 -0.883128
2.13132 -2.84074 0.499001 -0.367761 0.173915 0.2919 -0.865621
0.703677 4.68521 0.499 -0.40539 0.118322 0.204314 -0.883128
4.00919 1.35578 0.499005 -0.403659 0.132048 0.197357 -0.883557
1.15857 -3.07646 0.498977 -0.259616 -0.385848 0.534652 -0.705598
2.91819 -2.22254 0.499 0.185151 0.777878 0.540583 -0.261526
3.39452 -1.28279 0.499 0.972234 0.13853 0.107176 -0.155189
2.47084 0.341086 0.499 0.223294 0.290821 -0.280886 -0.886942
3.93882 -0.332314 0.498984 -0.389758 0.396308 -0.0272368 -0.830835
0.0877347 2.04028 0.499 -0.40539 0.118322 0.204314 -0.883128
0.631213 2.94608 0.499 -0.40539 0.118322 0.204314 -0.883128
0.170145 -2.92471 0.499021 -0.307307 -0.489372 0.486003 -0.655652
-0.96299 5.59101 0.499 -0.40539 0.118322 0.204314 -0.883128
2.46747 -0.814806 0.499 0.65653 0.422194 0.262807 -0.567145
3.05875 3.12724 0.499 -0.40539 0.118322 0.204314 -0.883128
1.42831 0.337382 0.499 -0.40539 0.118322 0.204314 -0.883128
-0.38328 4.72144 0.499 -0.40539 0.118322 0.204314 -0.883128
-0.38328 -1.61914 0.499 -0.40539 0.118322 0.204314 -0.883128
0.123967 3.81564 0.499 -0.40539 0.118322 0.204314 -0.883128
1.4355 -0.876459 0.499 0.130878 0.518423 0.473353 -0.700032
2.26165 3.77941 0.499 -0.40539 0.118322 0.204314 -0.883128
-1.50647 1.17072 0.499 -0.40539 0.118322 0.204314 -0.883128
4.51228 0.488638 0.498997 -0.403911 0.13309 0.201337 -0.882387
1.0012 -2.00434 0.499 0.0287292 -0.237875 0.288343 -0.927064
