107.2 0.783621 1.62047 1
2.45505 -2.46223 0.499 0.583664 -0.104578 -0.538218 0.598933
4.1792 0.825934 0.499 0.763009 0.196229 -0.599509 -0.141068
5.58131 0.488809 0.499 -0.296208 0.794675 -0.156545 -0.506208
-1.31401 -1.36847 0.499 -0.858295 -0.475607 0.167517 -0.0952084
0.293022 0.982123 0.499 0.121598 0.323302 0.891209 -0.294
6.50757 1.15249 0.534648 -0.897319 0.180747 0.240019 0.323326
1.1523 -2.87559 0.510484 -0.733942 -0.301825 -0.300168 0.529273
-0.575753 -2.13801 0.499 -0.816013 0.084762 0.428695 0.378362
-0.920156 -3.53569 0.535214 -0.687148 0.661193 0.289715 0.0819486
0.589477 -2.07638 0.505793 0.243701 -0.145038 -0.274232 0.918896
-2.5165 -1.43135 0.499 0.213956 0.862755 -0.456226 0.041642
0.39428 -3.59341 0.528224 0.0236739 -0.848198 0.294554 0.439589
4.4242 -0.914999 0.499 -0.45157 -0.426054 -0.503275 0.601063
1.80263 -3.61146 0.503141 0.471921 -0.205197 0.840433 0.169874
-2.60809 0.146327 0.499 -0.371546 -0.401633 0.813222 -0.198279
-3.35188 0.899851 0.499 0.139605 0.0444699 -0.498253 -0.854562
1.56588 1.74049 0.499 0.134035 0.176347 -0.667949 -0.710479
3.31537 1.76353 0.499 0.290059 0.294163 -0.00582176 0.910659
3.72081 -0.0669812 0.499 -0.418586 -0.694664 -0.507179 -0.291543
-1.29575 1.17557 0.499 0.479283 0.555711 -0.452936 0.506282
0.472083 -1.05159 0.499 0.26073 -0.526519 0.309943 0.747484
-1.86828 2.7826 0.499 0.0101065 0.972948 0.113706 -0.200851
3.28767 -1.35547 0.499 -0.880415 -0.434511 -0.183163 -0.0502063
2.28566 -1.03484 0.499 0.598137 -0.756781 0.262591 -0.0236814
-1.96726 -2.28462 0.499 0.330564 -0.861056 0.194438 0.333922
