70 0.0443837 -1.79945 1
0.910604 1.66771 0.498823 0.595733 -0.364228 -0.48738 0.524311
-2.83732 1.64809 0.498999 0.783359 0.303785 0.433786 0.325412
1.63034 -1.21124 0.499 0.404942 -0.524834 0.545137 -0.513222
-0.383754 -1.26047 0.499 0.726562 -0.547261 0.346557 -0.229156
0.297668 0.426988 0.499 0.328293 0.609295 0.461979 -0.554579
-2.84849 -0.190645 0.498998 -0.586487 -0.0898114 -0.541335 0.595754
-0.141793 1.62786 0.499 -0.809671 0.551955 0.199234 -0.00918049
2.66777 0.917336 0.499007 0.474093 -0.689636 -0.542969 0.0694467
0.611037 2.62203 0.499177 0.544389 0.165482 0.805484 -0.165684
-2.38148 0.735611 0.497463 -0.0633805 0.190904 -0.206224 -0.957607
1.66618 2.87194 0.499 -0.479868 0.663298 -0.48523 -0.307105
0.574906 -0.729477 0.499 -0.133182 -0.517843 -0.376437 0.756569
-4.06632 1.54898 0.499142 0.316514 0.651846 0.0293139 0.688517
-1.42032 2.75063 0.499079 -0.014108 0.329527 -0.9355 -0.126699
-2.42348 2.89025 0.498998 -0.250381 -0.909044 -0.303449 0.13736
2.4473 -1.80851 0.499 0.551406 -0.24116 -0.653631 0.458869
-1.41193 -1.15871 0.499 0.117819 -0.405345 -0.407774 0.809651
-0.850538 0.830534 0.499 -0.349042 0.116742 0.155709 -0.916676
-1.52072 -2.19735 0.498992 0.353266 -0.825143 0.423246 -0.12331
1.66019 -0.124716 0.499 0.591527 -0.235073 -0.131731 -0.759923
-3.73471 0.588996 0.499 0.94932 -0.259754 0.173917 -0.0327453
1.67142 1.00224 0.498993 -0.471901 0.36366 0.270533 -0.756223
-3.40535 2.6085 0.499094 -0.036429 -0.0812088 -0.861827 0.499331
-0.946409 -0.215328 0.499254 -0.29657 0.0770436 0.940311 -0.148071
-1.56107 1.55004 0.499 -0.166821 -0.271848 -0.836899 -0.444825
