107.9 -0.341563 1.7673 1
2.63903 -2.6595 0.499001 0.467363 0.706577 -0.48865 0.208669
4.14275 0.723701 0.49846 0.542746 0.530831 -0.109338 -0.641631
5.13305 0.795057 0.539255 -0.619341 0.551378 -0.0431988 -0.557255
-1.53059 -1.45178 0.507688 -0.47847 -0.864733 0.0454897 0.145722
0.369342 0.83653 0.499 -0.48476 0.217515 0.838903 0.118054
5.5305 1.97148 0.499001 -0.828728 0.0571358 0.199521 0.519746
1.21706 -2.27738 0.499 -0.731595 0.245247 -0.41256 -0.484166
-0.785597 -2.1415 0.497584 -0.870057 -0.225701 -0.0761602 0.431577
-1.34416 -3.0178 0.498994 -0.439112 0.798985 -0.11208 0.395274
0.185424 -1.88339 0.499006 0.502531 -0.185361 -0.310008 0.785493
-2.75784 -1.40807 0.499006 0.0343853 0.728853 -0.466807 -0.499682
-0.0293279 -3.02442 0.499 0.162991 -0.33056 0.817561 0.442445
4.15215 -0.842107 0.499263 -0.233773 -0.364538 -0.780149 0.451475
1.73705 -3.2604 0.498999 0.174268 0.649587 0.618693 -0.406063
-2.77803 0.223523 0.499 -0.208869 -0.609866 0.719832 0.257447
-3.73283 0.858951 0.499 0.627805 0.150583 0.261156 -0.717624
1.7127 1.478 0.499 -0.0109498 -0.19985 0.239292 -0.950095
3.38176 1.52197 0.499 -0.518358 0.541139 -0.419552 0.512299
3.45725 -0.0154442 0.523365 0.254514 -0.798852 -0.378574 -0.392096
-1.24577 1.38906 0.499 0.643177 0.46483 -0.565655 -0.224259
0.172782 -0.762413 0.49924 0.281668 -0.447352 0.205569 0.823578
-2.07477 2.79628 0.499 -0.504463 0.69608 0.393718 -0.325538
3.47024 -1.75827 0.499 -0.12808 -0.927898 -0.348918 -0.0292757
2.3539 -1.58705 0.499 0.865332 0.117213 0.390919 0.290937
-2.31561 -2.30545 0.498994 0.750628 -0.527317 0.21509 0.335009
