19.6 -1.73929 0.463555 1
2.09363 0.848226 0.499 -0.686512 0.418129 -0.270545 -0.529787
3.63213 1.48919 0.499 -0.532182 0.367168 -0.0640719 -0.760174
1.4582 -3.4133 0.499507 -0.263682 0.175471 -0.246881 -0.915823
0.462648 4.37151 0.499 -0.353275 -0.0895741 -0.683861 -0.632066
3.08498 0.596288 0.499 -0.120904 0.310685 -0.0544865 -0.941216
0.471865 -3.25266 0.498844 -0.721228 0.0871425 -0.137149 -0.673369
2.04103 -2.60139 0.498876 0.700455 0.435898 0.289213 -0.4855
2.29983 -1.62381 0.499031 0.759725 -0.432996 -0.28721 -0.390952
1.5485 -0.0298408 0.499002 0.351559 0.274157 -0.765281 -0.464317
3.09712 -0.955645 0.499 -0.375625 0.52179 -0.43235 -0.63223
-0.153294 1.72658 0.499 -0.353275 -0.0895741 -0.683861 -0.632066
0.390185 2.63237 0.499 -0.353275 -0.0895741 -0.683861 -0.632066
-0.451995 -2.87128 0.49878 -0.732607 0.0359304 -0.382397 -0.561932
-1.20402 5.2773 0.499 -0.353275 -0.0895741 -0.683861 -0.632066
1.49538 -1.0298 0.498967 0.713787 -0.164987 -0.352323 -0.58237
2.81772 2.81353 0.499 -0.353275 -0.0895741 -0.683861 -0.632066
0.545989 -0.086409 0.498967 -0.557366 0.380955 -0.355468 -0.64642
-0.624308 4.40774 0.499 -0.353275 -0.0895741 -0.683861 -0.632066
-0.640245 -1.88929 0.498994 -0.36762 -0.0914941 -0.683991 -0.623411
-0.117062 3.50194 0.499 -0.353275 -0.0895741 -0.683861 -0.632066
0.434873 -1.08025 0.499048 0.610054 0.271636 -0.217949 -0.711721
2.02062 3.46571 0.499 -0.353275 -0.0895741 -0.683861 -0.632066
-1.7475 0.857013 0.499 -0.353275 -0.0895741 -0.683861 -0.632066
3.7716 -0.176782 0.499 -0.435528 0.233277 -0.220765 -0.840928
0.667297 -2.0531 0.498985 -0.269444 -0.489009 -0.659966 -0.502707
