90.6 0.0876474 -1.79786 1
0.23799 -1.99362 0.499237 0.534365 0.561257 -0.443799 -0.449985
0.267319 0.791726 0.499 0.470808 0.40313 -0.257277 0.741373
1.17467 -1.15065 0.498949 0.715418 0.646136 0.222398 -0.145688
0.533266 -3.98568 0.499 0.0739065 -0.841626 -0.510636 0.159544
-1.80311 -2.54091 0.499 -0.464863 0.544431 -0.45327 -0.531078
0.98523 2.25086 0.499 -0.032971 0.00387134 0.855744 -0.516333
-0.287069 -1.14252 0.498636 0.616483 0.130554 -0.747372 0.210571
-1.04602 -1.79947 0.499 -0.00826502 0.956552 -0.289555 0.0331167
3.23217 -1.58191 0.499023 -0.24962 -0.206044 -0.666346 -0.671728
-1.25448 -0.785894 0.499 0.213479 0.22934 0.937966 0.148494
1.45948 -2.73751 0.499 -0.820094 0.288356 -0.0601999 0.490584
0.34384 -2.98805 0.499127 0.814029 -0.25098 -0.499865 -0.156525
2.10188 1.31711 0.499 0.0233566 -0.267464 -0.346343 -0.898868
1.31764 0.560318 0.499 0.807928 0.104167 -0.431512 -0.387556
1.91418 -0.471206 0.499051 -0.706203 -0.186618 -0.681157 0.0497609
-3.52982 -1.66104 0.499 -0.284618 -0.828895 -0.0831925 -0.474346
-1.51826 1.49987 0.499 -0.281984 0.519666 -0.433829 -0.679871
-1.1261 2.42565 0.499 -0.0358504 -0.487499 0.842243 -0.227346
-3.26656 2.79064 0.499026 0.732565 -0.292739 -0.614398 -0.0129233
-0.62883 -3.35705 0.499 -0.7457 0.470936 -0.461138 -0.0974835
-1.85467 3.21733 0.499173 0.63969 0.112794 -0.402459 -0.645059
-3.45548 -0.41913 0.499 0.68382 -0.439207 -0.524723 0.253285
0.373612 -0.336635 0.499 0.847612 0.315922 0.241123 -0.351577
-3.21822 1.77974 0.498972 -0.588063 0.398702 0.67486 0.199457
3.26514 -0.569436 0.498977 0.250442 -0.035363 0.617817 0.744534
