21.3 -1.73904 -0.464489 1
1.65105 0.486141 0.499 -0.551994 0.763691 -0.305566 0.136782
3.14311 0.923087 0.499 -0.453579 0.813077 -0.114086 -0.346636
1.21641 -4.01348 0.499 -0.303021 0.443827 -0.464205 -0.704066
0.462748 4.10632 0.499 -0.356919 0.121275 -0.923927 -0.0652736
2.61667 -0.0329844 0.499 0.139477 0.716731 -0.210951 -0.649879
0.293661 -3.53674 0.499 -0.671365 0.561363 -0.401635 -0.26987
1.61056 -3.06426 0.499 0.931964 0.186894 -0.201953 -0.236069
1.82413 -2.08646 0.499 0.25189 -0.515482 -0.692436 -0.437449
1.08312 -0.44855 0.498896 0.137365 0.346809 -0.910333 0.179298
2.70635 -1.43976 0.499 -0.348388 0.750974 -0.552982 -0.0942094
-0.153197 1.46139 0.499003 -0.356923 0.121268 -0.923926 -0.065275
0.445093 2.26209 0.499045 -0.318244 0.0967671 -0.930252 -0.154883
-0.652625 -3.10855 0.499408 -0.620452 0.577206 -0.509911 -0.147862
-1.23421 4.75329 0.499041 -0.393802 -0.0279121 -0.870542 -0.293764
1.05301 -1.44847 0.499099 0.305834 -0.21226 -0.830035 -0.415275
2.58444 2.31777 0.499 -0.657363 -0.0498733 -0.733974 -0.163305
0.0622541 -0.400929 0.499009 -0.470161 0.77468 -0.422634 0.0141653
-0.589563 3.97729 0.498961 -0.271963 0.188682 -0.910508 -0.247809
-0.706936 -2.11009 0.498606 -0.428579 0.141457 -0.8923 -0.0104739
-0.0351632 3.13918 0.498968 -0.293984 0.0199248 -0.940605 -0.168639
-0.00433009 -1.39867 0.498977 0.56492 0.20234 -0.767559 -0.225338
2.02072 3.20053 0.499 -0.356919 0.121275 -0.923927 -0.0652736
-1.7474 0.59183 0.499 -0.356919 0.121275 -0.923927 -0.0652736
3.48957 -0.716877 0.499 -0.394216 0.588073 -0.399413 -0.582437
0.581766 -2.33134 0.499006 -0.529476 -0.132062 -0.836244 -0.0539501
