69.1 -1.29113 -1.25418 1
0.603738 2.88371 0.498996 0.84462 -0.390148 -0.273911 0.243668
-2.1719 2.99621 0.507953 0.699997 0.424075 0.569014 -0.0799242
1.42765 0.175731 0.499658 0.145016 -0.751806 0.54616 -0.339806
-0.242091 -0.776988 0.497144 0.610939 -0.427491 0.505535 0.434096
0.202639 1.58915 0.499 0.398079 0.447655 0.591689 -0.539483
-2.14113 0.369641 0.498981 0.0110443 -0.0574264 -0.86845 0.492316
-0.361799 2.47717 0.499636 -0.740885 0.0373387 0.356776 -0.567809
2.33485 2.04614 0.499 0.689439 -0.396762 -0.477538 0.373111
0.309214 3.8888 0.499043 0.728532 -0.075622 0.66963 -0.122956
-1.9202 1.40129 0.499354 0.414757 -0.145023 0.121925 -0.889988
1.46369 3.58863 0.499001 -0.175573 0.397443 -0.40058 -0.80669
0.435945 -0.0289214 0.498993 0.0244316 0.0321597 -0.484958 0.873604
-3.08058 2.58388 0.497495 -0.409047 0.111986 0.79495 0.433813
-2.16571 3.98625 0.497812 0.0658207 0.879585 -0.471155 -0.00336082
-3.25874 3.97745 0.503044 -0.438823 -0.76441 -0.323997 0.343713
1.99907 -0.706799 0.499 0.601851 -0.439924 -0.663391 0.0644515
-1.21832 -0.551332 0.499015 0.377017 0.0614315 -0.475542 0.792429
-0.819667 1.58445 0.498757 -0.473537 -0.200813 -0.183065 -0.837809
-1.5096 -1.51832 0.498991 0.544231 -0.755567 0.355774 -0.0797271
1.47974 1.17159 0.498392 0.435536 -0.728328 0.175349 -0.4991
-2.91206 1.59813 0.502732 0.435034 0.385475 0.0766647 -0.810109
1.32986 2.16153 0.499001 -0.246616 0.399996 0.156116 -0.868799
-4.10966 3.45984 0.501006 -0.36778 0.281557 -0.885421 0.038631
-0.769043 0.526813 0.499 -0.669151 -0.316262 0.672303 0.0149606
-1.35581 2.4282 0.498222 -0.256041 -0.573069 -0.680613 -0.37789
