11.6 0.958634 1.52349 1
3.51612 1.30486 0.499 0.32799 0.802873 0.443391 -0.226324
5.11032 2.21066 0.499 0.32799 0.802873 0.443391 -0.226324
2.71901 -2.82557 0.499 0.32799 0.802873 0.443391 -0.226324
1.23351 4.67443 0.499 0.32799 0.802873 0.443391 -0.226324
4.56684 1.30486 0.499 0.32799 0.802873 0.443391 -0.226324
1.92878 -3.69566 0.499011 0.825083 0.0197254 0.436107 -0.358692
4.25886 -2.26696 0.499 0.439278 0.847968 0.276103 0.108407
5.1058 -1.73315 0.499004 0.852022 0.503033 0.0705539 0.126645
3.56336 -0.390983 0.499 0.447895 0.762381 0.419897 -0.204577
4.64383 -0.498264 0.499 0.332477 0.799827 0.441002 -0.23506
0.617565 2.0295 0.499 0.32799 0.802873 0.443391 -0.226324
1.16104 2.9353 0.499 0.32799 0.802873 0.443391 -0.226324
0.882169 -3.67917 0.499 0.821549 0.01554 0.441366 -0.360573
-0.43316 5.58022 0.499 0.32799 0.802873 0.443391 -0.226324
4.0253 -1.28766 0.499 0.47302 0.770532 0.338876 -0.260186
3.58858 3.11645 0.499 0.32799 0.802873 0.443391 -0.226324
1.95814 0.326599 0.499 0.32799 0.802873 0.443391 -0.226324
0.14655 4.71066 0.499 0.32799 0.802873 0.443391 -0.226324
0.14655 -1.62992 0.499 0.32799 0.802873 0.443391 -0.226324
0.653797 3.80486 0.499 0.32799 0.802873 0.443391 -0.226324
2.71901 -1.01398 0.499 0.32799 0.802873 0.443391 -0.226324
2.79148 3.76863 0.499 0.32799 0.802873 0.443391 -0.226324
-0.976638 1.15993 0.499 0.32799 0.802873 0.443391 -0.226324
5.07409 0.435295 0.499 0.32799 0.802873 0.443391 -0.226324
1.658 -2.73179 0.49899 0.382577 0.775399 0.445123 -0.232932
