115.4 -1.26486 1.28067 1
-1.26628 -1.99674 0.499 0.135155 0.747274 -0.329979 -0.56074
-0.477599 3.24252 0.499 0.340344 0.395647 0.626424 0.578983
2.39839 1.80117 0.499 -0.127178 -0.258259 -0.59119 -0.753407
-1.35644 0.879551 0.499 -0.411728 0.684311 0.0513176 0.599638
1.20693 -0.346681 0.499 0.399499 -0.381629 -0.829164 0.0851257
-1.7963 4.56519 0.498128 0.601398 -0.18157 0.380394 0.678714
-2.05945 -1.35619 0.499 0.303942 -0.906544 0.292104 0.021757
-2.03064 1.90638 0.499 -0.5421 -0.185607 0.633138 -0.520398
-3.17546 -1.62742 0.499 -0.140595 -0.129801 -0.547742 -0.814471
0.0135826 0.806458 0.49861 0.705951 0.118182 0.562355 0.414033
-2.55135 0.776535 0.499 0.441286 0.76433 0.469817 0.0184001
0.0704278 -0.191286 0.49939 -0.449717 -0.66731 0.374727 0.460469
2.71451 -2.09374 0.499 -0.18077 0.954073 0.199218 -0.131827
-2.57341 -2.54978 0.499 0.754546 0.575308 -0.0851937 -0.304013
-3.02042 1.71831 0.499 -0.237819 0.0563075 -0.528572 0.812947
-4.49462 1.5089 0.499 -0.0835047 0.830595 0.22041 -0.504538
-1.98233 3.58272 0.499872 0.0908834 -0.120997 0.54714 -0.823248
-2.91853 4.60535 0.499 0.413986 0.2891 -0.423153 0.752315
1.18007 1.28619 0.499 -0.659848 0.524782 0.104505 -0.527525
-2.63456 2.73876 0.499 -0.544129 0.12983 -0.704587 -0.436607
-1.06519 2.19976 0.499 0.572977 0.511097 0.323643 -0.552931
-3.96429 2.62748 0.499 -0.852085 -0.442465 0.141969 -0.240875
-0.428207 -1.16453 0.499 0.238888 -0.586944 -0.639593 0.435144
1.54267 -1.39012 0.499 -0.283135 -0.825413 0.0204419 -0.487965
-1.94766 -0.21158 0.499 0.336157 -0.729725 0.306726 0.510313
