61.4 -1.8 0.00113676 1
-0.31958 3.72195 0.499008 0.517456 -0.689443 0.183163 -0.472608
-1.34232 0.287553 0.499 -0.629786 -0.499058 -0.595131 0.0113778
1.29124 -0.785345 0.499 0.237562 0.0968114 -0.899437 0.353842
1.24859 -2.45869 0.499 0.822822 -0.23725 0.260526 0.445873
0.46329 2.1106 0.499 -0.679956 0.728776 0.0229138 -0.0775952
-2.36138 -0.180059 0.499 -0.278988 0.0134942 -0.295402 -0.913631
0.728937 0.26186 0.499 -0.489745 0.842618 -0.206896 -0.0856671
1.88268 0.145145 0.499 -0.181656 0.853866 0.481697 0.0766919
-0.766102 2.81903 0.496895 0.471348 -0.287004 0.110936 0.826531
-1.00415 -0.815107 0.499 -0.820366 0.0954748 0.560942 -0.0568229
2.1399 1.3942 0.499 0.320077 0.288335 0.715469 -0.550016
0.558938 -1.6939 0.498979 0.381283 0.0517739 -0.73931 -0.552597
-3.15632 0.481647 0.499 -0.494825 -0.677631 0.466915 -0.279202
0.121388 1.14634 0.499 -0.116657 0.398587 -0.170166 -0.893624
-1.05419 1.85132 0.513212 0.302879 0.497621 0.32205 -0.746272
1.91371 -1.6053 0.499 0.150554 -0.685664 -0.681875 0.205535
-2.13133 -2.22011 0.499 -0.291053 0.162644 -0.906544 -0.258869
0.092001 -0.731681 0.499 -0.858046 -0.442338 0.0768987 0.249361
-3.07507 -2.68903 0.499 0.273665 -0.908364 -0.0105937 -0.316023
2.71419 -0.535267 0.499 0.170967 0.0553257 -0.954949 -0.23618
-3.31325 -1.64449 0.499 -0.27764 -0.227561 -0.717122 0.597385
0.733058 3.2653 0.499 -0.486322 -0.730919 0.446588 0.172651
-2.19413 1.47947 0.499 -0.284356 0.387047 -0.866046 0.138924
-0.313787 -2.18201 0.499021 -0.00780829 -0.549973 -0.445291 -0.706531
-0.27539 0.198917 0.499 0.609725 0.623892 -0.11805 -0.474403
