109.5 -1.79334 -0.154663 1
1.63398 -3.25944 0.499 0.604592 0.792036 -0.0474629 0.0699573
2.24698 0.83563 0.499 0.931897 -0.353226 0.0609727 0.0555198
3.23689 0.665427 0.499 -0.471888 0.551885 -0.338161 0.598659
-2.62755 -1.60431 0.498909 -0.485658 -0.770867 0.198869 0.361043
0.376181 0.133021 0.49906 -0.793266 0.239911 -0.530752 0.177411
2.53581 2.27351 0.498999 0.588394 0.0392088 0.462253 0.662252
0.175165 -2.12587 0.501045 0.513974 0.453458 -0.601839 -0.409874
-1.65732 -1.84368 0.499488 -0.808538 0.522632 -0.140995 -0.230741
-2.54857 -3.22074 0.499 0.859659 0.439986 -0.042845 0.256053
-0.684161 -1.61987 0.497552 0.787292 -0.533215 0.261981 0.16498
-3.61358 -1.40194 0.498971 0.114563 -0.285506 -0.758849 -0.57403
-0.893573 -2.63633 0.499 -0.0532783 0.642572 0.172486 -0.744655
1.68687 -0.82298 0.509656 -0.439645 -0.461298 0.222715 0.737777
0.501549 -3.06874 0.499234 -0.313279 0.204642 -0.898771 -0.228447
-3.3484 0.0220005 0.499 -0.521096 -0.289538 0.289135 0.749018
-4.68923 0.348799 0.499 0.140331 -0.594225 0.648526 0.454553
0.673476 1.54734 0.498998 -0.264744 -0.487498 0.831952 -0.0106576
1.6411 1.82083 0.499004 -0.696864 0.416855 -0.327668 0.482956
1.36971 0.123547 0.496221 -0.538205 -0.625661 -0.208031 -0.524982
-1.29719 1.49789 0.499 -0.113523 -0.790432 0.0811786 -0.596439
-0.712377 -0.371987 0.499 -0.0944898 -0.0238911 0.816445 0.569138
-2.68978 2.433 0.499 -0.646707 -0.183467 -0.0158782 -0.740174
2.03849 -2.29103 0.499 -0.0412651 -0.811528 0.361646 -0.457091
0.911112 -1.45122 0.497982 0.0269504 0.775791 0.0237905 0.629965
-3.45669 -2.55479 0.499 0.547964 -0.631818 0.50041 0.223902
