89.3 -1.6373 -0.74784 1
0.494163 -1.38021 0.499129 0.39653 0.596535 -0.110961 -0.68891
0.233169 1.22796 0.498964 0.0899935 0.6585 -0.591825 0.456095
1.42729 -0.868975 0.499 -0.451845 0.684978 0.554213 -0.139602
1.12723 -3.51104 0.499 0.309155 0.430225 -0.833969 0.154352
-1.28326 -2.19329 0.499376 -0.433224 0.0275753 0.118766 -0.893001
0.533939 4.41034 0.49606 0.199717 0.209867 0.752098 -0.591961
-0.0963334 -0.563828 0.498983 0.790789 0.425725 -0.438783 -0.0296785
-0.75176 -1.34483 0.498624 -0.31547 0.679777 0.228092 -0.621576
3.27782 -0.861706 0.499 0.0758028 -0.319253 -0.422659 -0.844802
-1.08148 -0.342258 0.499 -0.173202 -0.0322692 0.66848 0.722561
1.71831 -2.05972 0.498976 -0.6029 0.113819 -0.611559 -0.499552
0.753178 -2.34989 0.498306 0.823934 -0.200106 0.233517 -0.475983
1.17519 3.50021 0.499 -0.549425 -0.160115 0.0236388 -0.819717
1.20942 0.971557 0.499036 0.75057 0.499268 0.175802 -0.395561
2.30593 0.0899038 0.499 -0.216866 -0.5523 -0.717186 -0.365484
-3.15451 -1.27677 0.499 0.436583 -0.898881 0.0310685 -0.0210462
-1.39717 1.7899 0.499 -0.250595 0.10331 0.306628 -0.912419
-0.939818 2.70801 0.499 -0.0732693 -0.377068 0.75325 0.533916
-3.45379 4.37353 0.506536 0.561817 -0.210769 -0.573877 0.557319
-0.278389 -2.61206 0.499 -0.10016 -0.120466 -0.470534 -0.868363
-1.90548 3.62672 0.499 0.550418 0.792349 0.138216 -0.223876
-3.01663 -0.129675 0.499 0.781858 0.5615 -0.230776 0.14198
0.777575 -0.0307256 0.499 0.260077 0.53153 0.800408 0.0958326
-3.14066 2.4372 0.499 -0.742002 -0.158268 0.180498 0.625943
3.23054 0.744905 0.499068 -0.600878 -0.296578 0.71945 0.182701
