23.9 -0.747754 -1.63733 1
1.25731 0.00283236 0.499 0.120399 -0.0804576 0.165317 0.975552
2.67834 0.127753 0.499 -0.0503594 0.433085 0.108607 0.893368
1.13164 -4.86161 0.499 -0.545451 0.777621 -0.197405 0.242526
0.802378 3.54245 0.499 -0.547437 -0.00429896 -0.485308 0.681741
2.18358 -0.924931 0.499 0.0141714 0.677416 -0.242359 0.694384
0.276754 -3.99577 0.499007 -0.328365 0.516893 -0.0356053 0.789766
1.24147 -3.72869 0.498993 -0.0207874 -0.0940394 -0.962746 0.252674
1.46219 -2.73248 0.499 -0.86516 0.111754 -0.358077 -0.332851
0.651516 -0.995751 0.499 -0.682182 -0.222775 -0.0492126 0.694677
2.39184 -2.1097 0.499 -0.331645 0.151713 -0.0293285 0.930664
0.00157238 0.782414 0.499 -0.769685 -0.163821 -0.311092 0.532888
1.2304 1.08027 0.499 -0.513114 0.085354 -0.841877 -0.143776
-0.671359 -3.64257 0.499 -0.362326 0.565002 0.144611 0.727035
-1.13913 3.33212 0.499 -0.92602 -0.300796 -0.0637939 -0.218949
0.721996 -2.01367 0.499054 -0.854356 0.0933159 -0.508521 0.0526768
2.40464 1.52669 0.499 -0.819078 -0.137446 0.358086 0.426607
-0.380495 -0.768365 0.499 0.0427915 -0.00854892 0.180266 0.982649
-0.0925682 2.65636 0.499 -0.376097 0.885325 -0.152671 -0.226808
-0.837528 -2.64272 0.499 -0.786463 0.0547119 0.0681277 0.611426
0.920746 2.12509 0.499 -0.333926 -0.116297 -0.935286 0.0144197
-0.257123 -1.81167 0.498946 -0.490496 -0.10968 -0.679826 0.53406
2.30402 2.86542 0.499 -0.614596 0.183669 -0.285738 0.711963
-1.4641 0.256725 0.499 -0.614596 0.183669 -0.285738 0.711963
3.34136 -1.47244 0.499 -0.39771 0.769024 -0.0760356 0.494619
0.501639 -3.01151 0.499 -0.941379 0.28405 0.104548 0.148968
