37.8 -0.496429 -1.73019 1
-1.77348 1.7218 0.499 -0.576012 -0.283733 0.175499 -0.746261
0.896955 -1.52149 0.499 -0.0350726 -0.683151 -0.108119 -0.721377
-1.36059 -2.19242 0.499 0.641063 -0.135765 -0.303665 0.69166
1.97051 -0.24076 0.499 0.240622 -0.916144 0.284243 0.148278
-1.12792 0.845963 0.499 0.173945 -0.0540966 0.596618 0.781577
-2.3737 -3.16996 0.499 -0.49051 0.201787 0.624995 0.572768
-1.2608 -1.10914 0.499 0.0952575 -0.337742 -0.513916 0.782781
-0.757434 -0.0945488 0.499 0.384612 0.248698 0.0262212 0.888558
-2.40449 -0.279089 0.499 -0.804484 -0.479689 0.137648 0.322113
1.43561 -2.37411 0.499 -0.301586 -0.62597 0.387735 0.605698
-1.90921 2.96952 0.499 -0.0486672 0.410492 0.84235 0.345795
2.17659 -1.23077 0.499 0.131612 0.130045 -0.879846 -0.437764
-4.54672 -3.64033 0.499 -0.818712 0.533672 0.050301 0.205851
-3.52175 1.62321 0.499 0.270188 -0.129494 0.948191 0.105659
-2.46221 -1.40199 0.499 -0.800953 0.504236 0.300922 -0.116906
4.64372 -1.01433 0.499 -0.336346 -0.153252 0.693341 0.618598
-4.26107 -0.815299 0.499 0.420488 -0.76435 0.00512978 0.488807
0.645363 -0.433655 0.499 -0.571933 0.801195 -0.0421714 -0.170881
-4.32096 -2.6605 0.499 -0.434702 -0.616802 0.633448 0.171271
3.89296 0.00500851 0.499 -0.023104 -0.45676 -0.888107 -0.0458508
-3.83504 -1.7804 0.499 -0.413473 -0.10138 -0.902575 -0.0641917
2.37586 2.83879 0.499 -0.59399 0.447221 -0.593474 0.308154
-3.20321 0.461073 0.499 -0.700876 0.107025 -0.691278 0.139473
3.37092 -3.129 0.499 -0.150624 0.244475 0.0808862 0.954464
-3.06401 -2.44224 0.499 -0.811927 -0.0866373 0.182453 -0.547703
