102.2 -1.70919 0.56452 1
1.08417 0.329879 0.499002 0.197934 -0.482384 0.201264 0.829229
2.21999 4.10438 0.541096 -0.78052 0.233326 0.0936597 -0.572341
1.89439 1.94021 0.499 -0.478146 0.870837 0.00152846 0.11409
-0.544751 1.81374 0.498992 -0.362204 0.00761644 0.266202 -0.893245
-1.56799 1.95922 0.498993 0.233181 0.384704 0.211429 0.867714
2.88867 1.57317 0.499 -0.282409 -0.244469 0.754553 0.539564
0.356293 1.28787 0.499 -0.236787 0.89102 -0.0644062 -0.381925
-0.595788 0.37828 0.499 -0.442603 0.875836 -0.192384 0.00102297
-0.632243 -2.5871 0.499 0.444434 0.492599 -0.503267 0.553666
-0.127488 2.7245 0.499008 0.197272 0.881986 -0.0530673 -0.424698
-2.16333 -1.92315 0.499 -0.189893 -0.733683 0.360639 -0.543682
-0.280967 -0.832994 0.499 -0.898217 0.280245 0.183942 -0.284314
2.03663 0.0252287 0.498998 -0.864799 -0.401505 -0.235297 0.188553
0.607336 -1.39954 0.499 0.340104 -0.560495 -0.21201 -0.724725
-2.21875 -0.891285 0.499 0.201857 0.318854 0.665047 -0.644436
-2.66191 5.18805 0.499 0.695715 -0.372215 -0.613819 -0.0257572
-1.0416 4.13817 0.499 0.148137 -0.0194184 0.988734 0.00917707
1.68988 5.06174 0.499 0.357284 -0.387775 -0.530105 0.664054
1.60675 3.34599 0.500223 0.329265 0.537016 -0.774143 0.0624506
-2.18104 0.136735 0.499 0.508928 0.78301 -0.06947 0.350802
0.481819 3.60665 0.499 -0.800597 0.188767 -0.494606 0.280673
-1.92913 3.22509 0.499 0.0572464 0.99312 -0.0968919 -0.0323696
0.842962 2.16768 0.499 0.95978 0.0876523 0.17967 -0.197125
0.627372 5.45317 0.49899 0.265841 0.817638 0.466726 0.207278
-0.989338 -1.61599 0.499 -0.289669 0.26383 -0.000402476 -0.920047
