59.3 0.58342 1.70283 1
0.528029 3.17093 0.499 0.55504 0.103275 -0.82465 -0.0348978
-0.241378 -1.54797 0.498994 0.183402 -0.273159 -0.224212 -0.917321
2.71413 -2.51988 0.499168 -0.308765 -0.117863 -0.935177 0.127344
2.45861 -3.49544 0.498349 -0.0553948 0.387066 -0.287302 0.874396
1.25454 1.32337 0.499 -0.311757 0.661465 0.551946 0.400783
-1.24907 -1.23085 0.499 -0.399528 0.565778 0.663835 -0.282126
1.63664 -0.720381 0.497953 -0.853431 0.486293 0.180987 0.0491776
2.82864 -1.522 0.494299 -0.503681 -0.56085 0.0670223 0.653652
-0.0929759 0.448176 0.499004 -0.106744 -0.466519 -0.819219 0.315985
0.0264832 -2.5412 0.498739 0.0827925 0.0502202 0.125865 0.98731
2.61481 -0.538759 0.5069 0.311423 0.748734 -0.490911 -0.318464
1.5951 -2.93678 0.499404 -0.440441 -0.177258 -0.523738 -0.707312
-1.82057 -0.221957 0.499 0.272965 -0.361619 0.650345 -0.609733
0.934376 0.372501 0.499 0.489386 0.761364 0.354686 -0.234573
-0.293062 -0.535483 0.498997 -0.167574 0.279286 0.1848 0.927236
3.59416 -3.22 0.498982 0.384213 0.374829 -0.457248 -0.709089
-1.03821 -2.47127 0.498998 -0.831128 0.530101 -0.0727957 -0.151396
1.06727 -2.08859 0.498231 0.258506 -0.744611 -0.0715915 -0.611232
-1.90788 -2.99748 0.499001 0.360394 0.422392 -0.770056 -0.314189
3.67995 -2.04853 0.690392 -0.0839774 -0.555683 -0.683699 -0.465532
-2.41974 -1.38322 0.499 -0.896523 -0.0443485 0.0991526 0.429474
1.56772 3.18766 0.499 -0.206834 -0.434586 0.464888 -0.743125
-1.355 0.767385 0.499 -0.731418 0.646942 0.0151826 -0.215091
0.516334 -3.47375 0.499 0.0769479 0.398231 0.344535 0.846633
0.738018 -1.14536 0.50043 0.351309 0.800725 -0.464245 -0.141061
