97.4 -0.00782994 -1.79998 1
-0.0638696 -0.448214 0.499 -0.0589748 0.0668382 -0.979727 -0.179413
1.27288 1.87501 0.499 -0.827896 0.00919943 0.550809 -0.105416
0.498458 0.533498 0.499 -0.253961 -0.713645 0.50997 0.407611
-2.46489 -1.55582 0.499 -0.813205 -0.367948 0.191468 0.408231
-5.12513 -1.92931 0.499 0.30441 -0.106203 0.634773 -0.702224
1.64291 0.551416 0.499 0.479892 -0.637632 -0.597559 0.0777977
-1.52551 -0.309804 0.499 -0.54537 0.357931 0.511456 0.559348
-3.63402 -1.73284 0.499 -0.0116545 -0.754963 -0.227306 -0.615001
0.0662641 -3.71829 0.499 -0.0998826 -0.416742 0.218161 -0.876787
-2.65559 -0.384282 0.499 -0.266786 -0.868624 -0.415654 0.039365
-1.33518 -4.02335 0.498726 0.0373586 0.699158 -0.145588 -0.69899
-0.592769 -1.31651 0.499 0.570182 -0.503679 -0.0754159 0.644602
1.64151 -0.574054 0.499 0.475431 -0.807971 -0.169471 -0.304019
0.687536 -1.11121 0.499 -0.190233 0.713377 0.638829 0.216338
-1.04213 -3.06713 0.499274 0.396559 -0.471132 -0.146954 0.774067
-3.70992 -0.551571 0.499 0.205266 -0.633357 0.322103 0.673033
-2.41541 0.606302 0.499 0.29076 0.383331 0.803742 0.350021
0.481163 2.76301 0.499 0.631823 -0.38607 -0.644958 0.189153
-0.491348 1.36535 0.499 -0.097309 -0.376192 0.677932 -0.624035
-4.86167 -3.24444 0.499 0.418633 -0.555301 0.718265 0.0219675
-1.31722 2.38255 0.499 0.727646 -0.0691929 -0.149126 -0.665961
-5.20424 -0.520887 0.503491 -0.480469 0.739978 0.127451 -0.453142
-0.767221 0.363545 0.499 0.321652 0.02092 -0.549512 0.770804
-3.0128 2.16404 0.499 0.52883 -0.0966254 -0.435831 -0.721841
0.707173 -2.4932 0.499 -0.0727562 0.0315232 -0.426816 0.900856
