41.5 1.69066 0.617807 1
-2.0401 3.69859 0.499 -0.136233 0.483673 -0.215642 0.837257
1.35822 -1.33344 0.499 -0.558818 0.229198 0.25307 0.755742
-0.888602 -0.379981 0.499 0.089281 -0.578304 0.504314 -0.635028
2.96035 -0.361794 0.499 -0.302303 0.819449 0.478882 -0.088247
-1.14274 2.85209 0.499003 0.811294 0.154093 -0.314873 -0.46788
-1.8367 -2.12062 0.499 0.916209 0.371905 -0.145623 0.0322699
-1.16533 0.90438 0.498914 0.279067 -0.665821 0.390186 -0.571453
-0.734827 1.93072 0.499 0.424457 -0.30515 0.164501 -0.836456
-2.34156 1.09893 0.499056 0.685422 0.36479 0.540248 0.324432
2.05482 -2.11296 0.499 0.633217 0.716846 0.284225 -0.0662172
-1.03016 4.84297 0.499 0.732597 0.349114 0.287813 -0.508512
3.13536 -1.37135 0.499 -0.286969 -0.81272 0.457434 0.218835
-2.78397 -1.70045 0.499 -0.427166 0.434849 0.527025 0.592183
-1.91115 2.1885 0.498997 -0.674358 0.259769 0.3351 -0.604541
-1.82905 0.155866 0.499105 0.482999 0.463439 -0.0549881 0.740886
5.96853 -1.03445 0.499 0.586314 0.706423 -0.395265 -0.0311175
-3.75721 0.711792 0.499 -0.00648091 0.0704775 0.260034 -0.963002
1.12298 -0.148881 0.499 0.188432 -0.482509 -0.641288 0.566064
-3.52174 -0.562694 0.499007 0.823847 -0.141802 0.384243 -0.391824
5.26814 0.181545 0.499 0.166123 -0.541641 0.817844 -0.100793
-2.84462 0.228706 0.498999 -0.993927 0.0927569 0.0294407 0.0513746
3.00079 3.51004 0.499 0.454709 -0.785738 -0.13914 0.395595
-3.33702 1.66189 0.499 0.396811 -0.454161 0.53866 0.588323
4.42252 -2.77287 0.499 0.866854 -0.018452 -0.408422 -0.285335
-2.21108 -0.773268 0.498981 -0.141217 -0.0259702 0.808528 0.570671
