57.4 1.6419 -0.737674 1
0.617343 2.44139 0.499 0.428476 0.580295 -0.018946 0.69232
-0.523126 -2.81629 0.499262 0.322625 -0.498498 -0.294626 -0.748738
3.15514 -2.71174 0.499033 -0.516313 0.394129 0.688872 0.321774
2.33556 -3.39269 0.499 0.121062 0.26747 0.721763 -0.626787
1.55494 1.25484 0.499 0.247967 -0.141596 0.0510181 -0.957006
-1.1494 -1.94686 0.499 -0.394935 0.590898 0.455464 -0.536114
1.49193 -0.827347 0.499 0.320374 0.16021 -0.0327512 -0.933071
2.94051 -1.51341 0.499 -0.254095 0.949874 -0.0620622 -0.171241
-0.0276861 -0.397809 0.499 0.113144 0.206078 -0.287712 0.928414
-0.824368 -3.76705 0.499822 -0.387708 -0.478158 0.453664 0.644389
2.79826 -0.330819 0.499 0.466547 -0.621788 0.447243 0.442365
1.00969 -3.41407 0.499 -0.205842 0.0416122 -0.952757 0.219433
-1.3912 -0.93153 0.499006 -0.586198 -0.658534 -0.046238 -0.469646
0.937082 0.20532 0.499 0.333774 -0.762058 0.387082 -0.39753
-0.335556 -1.35797 0.499 -0.347713 0.329865 0.220949 0.849392
4.72111 -3.93968 0.499 -0.253622 -0.599358 -0.707815 0.274671
-1.77619 -3.49195 0.504084 -0.0940236 0.766088 -0.392218 0.500433
0.530725 -2.52849 0.499 0.0693917 -0.83817 -0.506783 -0.189283
-2.36047 -4.28094 0.516621 -0.183824 0.80309 -0.0795848 0.561179
4.15807 -2.79598 0.498967 0.245087 -0.00558885 0.367774 0.897019
-2.26609 -1.48307 0.499 -0.137707 0.849596 -0.105536 -0.498082
1.83206 2.73902 0.499 -0.238415 -0.4104 -0.863696 -0.169588
-1.20216 0.0512972 0.498994 0.240656 0.362151 -0.30176 -0.848453
0.161746 -3.99468 0.499 -0.553298 0.11037 0.798162 0.211225
0.673789 -1.53702 0.499 0.998925 0.0334182 -0.0144527 0.0286932
