87.8 -1.05312 1.45978 1
1.03821 -0.76204 0.498942 -0.16601 0.899825 -0.398743 -0.0613165
0.429722 1.57501 0.499 -0.645595 0.0215024 -0.177653 0.742418
2.07834 -0.748998 0.499 -0.669156 0.185581 0.60041 0.396608
2.24527 -3.29086 0.500798 -0.217256 0.901179 0.306624 0.216004
-0.777777 -2.04969 0.499 0.286986 0.532946 0.734874 -0.305888
0.483082 6.06343 0.499 0.289878 0.915812 -0.118857 0.251262
0.469747 0.0603617 0.49908 0.609156 0.235318 -0.546217 0.524597
0.00564565 -1.02879 0.499 0.0483223 0.412618 0.864475 -0.283008
3.69015 -0.345108 0.499 -0.0392693 0.395389 -0.556605 -0.7296
-0.531135 0.0325413 0.498978 -0.0574069 -0.870088 0.264413 0.411991
3.02523 -1.56474 0.498998 0.216867 0.182178 -0.416182 -0.864044
2.11499 -2.13101 0.499 0.0685431 0.604165 -0.011931 -0.793816
0.86859 4.43429 0.499 0.37949 0.278436 0.708395 -0.525963
1.60872 1.201 0.499 0.806455 0.480451 -0.23461 0.252499
2.70116 0.231209 0.499 -0.504091 -0.203673 -0.154149 -0.825014
-2.32768 -1.06846 0.499 0.624493 -0.684049 -0.214907 -0.309677
-0.899401 1.83309 0.499 0.297365 0.423454 0.754027 -0.404604
-0.337984 2.80164 0.499 0.392718 -0.461208 0.695541 0.386371
-2.78841 4.87214 0.499 -0.156268 0.10257 -0.979806 -0.0709961
0.231185 -2.12615 0.499 -0.192068 0.406856 -0.129755 -0.883596
-1.36226 3.38492 0.499 -0.0666778 0.842384 0.109592 0.523386
-2.10155 -0.00468024 0.499 0.225715 0.842634 -0.287376 0.395519
1.57929 0.145869 0.499 0.314887 0.169188 0.69949 0.618818
-2.50474 1.94606 0.499 -0.288999 -0.950706 -0.082436 -0.0764332
3.4398 1.89982 0.499 0.185174 0.102478 0.497615 -0.841183
