44.1 -0.780901 1.62179 1
-3.37312 4.90279 0.499 0.841521 0.441235 -0.260894 0.170557
0.536692 -1.3862 0.499 0.645013 0.227262 -0.712808 0.155614
-0.975231 0.523471 0.499 -0.747517 0.413662 0.068052 0.515239
2.45519 -0.4401 0.49905 -0.171909 -0.361287 -0.897761 0.18424
-1.85313 4.3494 0.499 -0.120409 -0.506505 0.83768 -0.165062
-1.95298 -1.483 0.499 -0.475707 -0.292508 0.260655 -0.787528
-1.67445 2.46744 0.499359 -0.735334 -0.203919 0.299582 0.572671
-1.21969 3.57504 0.499 -0.675595 -0.697944 0.1413 -0.190998
-2.92699 2.5629 0.499 -0.320255 0.283784 0.216956 -0.877401
1.34428 -2.11436 0.499 -0.685146 0.115971 -0.173553 -0.697857
-0.87903 5.76891 0.499 -0.867425 -0.228964 -0.441355 -0.0188431
2.39403 -1.44504 0.498653 0.447154 0.643641 0.0318749 0.620293
-2.75387 -0.30076 0.499 0.593656 0.0827589 -0.703014 -0.382746
-2.20661 3.31236 0.498641 -0.521801 -0.294704 -0.518493 0.60995
-2.15062 1.55584 0.499 0.368326 0.138275 0.0776413 -0.916072
3.94769 -0.187333 0.499 0.431513 0.698138 -0.250791 -0.513326
-4.22637 1.94889 0.499 -0.73276 -0.563488 -0.283384 0.255417
0.312943 -0.133675 0.499 0.855619 0.334916 0.333494 -0.21102
-3.88098 0.716061 0.499 -0.911667 0.00356932 0.164783 -0.376428
4.67094 0.97751 0.499 0.232408 0.923121 0.221636 0.211452
-3.16172 1.41248 0.499 0.506649 0.00258227 -0.803109 0.313555
2.29427 3.79682 0.499 0.448308 0.474439 0.755055 0.0618025
-4.07026 3.04832 0.499 -0.369323 0.737716 0.565083 0.00755813
2.99359 -2.26203 0.499055 0.385825 0.223863 0.464757 -0.76487
-2.15794 0.524279 0.499 -0.111341 0.663896 -0.690507 -0.264661
