39.9 1.45821 -1.05528 1
-1.72089 2.65581 0.499 -0.0994418 0.844198 0.400112 0.342567
1.36268 -1.60271 0.499 -0.228902 0.522661 0.712058 -0.40915
-1.30887 -1.22891 0.499 -0.132916 -0.740214 -0.194341 -0.629801
2.73623 -0.497406 0.499 0.789089 0.132104 0.225618 -0.555863
-0.978513 1.79182 0.499 0.583204 -0.6765 -0.250578 -0.373405
-2.17518 -2.79327 0.499 0.804246 -0.473466 0.187086 0.30662
-1.03203 -0.179528 0.499 -0.467584 -0.750908 0.148516 -0.442092
-0.540681 0.86698 0.499 0.503229 -0.768201 -0.266393 -0.29268
-2.23765 0.214254 0.499 0.442562 -0.212378 0.847827 -0.200558
1.99098 -2.41384 0.499 0.78612 -0.528189 0.196562 -0.253761
-1.64708 3.97672 0.503898 0.96523 -0.218706 -0.13062 0.0586293
2.92468 -1.49851 0.499 -0.852996 0.181627 0.0816178 -0.48244
-3.46803 -2.97644 0.494669 -0.206738 -0.0314366 0.92777 0.309052
-2.67878 1.76548 0.499 0.681692 0.481244 0.0978854 -0.542327
-2.37764 -0.945989 0.509076 0.404626 0.0403064 0.35627 0.841264
5.59956 -1.2137 0.499 0.691368 -0.399167 0.0734759 0.597726
-4.16302 -0.343325 0.502041 0.195025 -0.0513211 -0.237441 -0.950239
1.12037 -0.459978 0.499 -0.320307 -0.178564 0.50388 0.782063
-3.93821 -1.77781 0.498633 0.817008 -0.430414 0.10613 -0.368752
4.87739 -0.0827461 0.499 -0.374394 -0.42457 -0.112619 -0.816631
-3.3767 -0.954765 0.49607 -0.936366 0.20724 0.203665 0.196952
2.93447 3.03182 0.499 -0.608335 -0.614604 0.199082 0.461039
-3.2096 0.813011 0.499 -0.283652 -0.408302 0.845806 0.193501
4.17169 -3.11482 0.499 0.253345 -0.718787 -0.385992 0.51978
-2.95218 -2.12329 0.513853 0.210518 0.390035 0.794349 0.415409
