10.8 1.15413 1.3813 1
3.57197 1.26424 0.499 0.46601 0.788938 0.368887 -0.155993
5.16618 2.17003 0.499 0.46601 0.788938 0.368887 -0.155993
2.77487 -2.8662 0.499 0.46601 0.788938 0.368887 -0.155993
1.28937 4.6338 0.499 0.46601 0.788938 0.368887 -0.155993
4.6227 1.26424 0.499 0.46601 0.788938 0.368887 -0.155993
2.00373 -3.83414 0.499 0.8875 0.0476566 0.340763 -0.306518
4.39263 -2.31141 0.499 0.540807 0.804789 0.217412 0.112131
5.29652 -1.88363 0.499005 0.846897 0.508772 0.0702384 0.137781
3.63464 -0.460651 0.499 0.550068 0.74805 0.34425 -0.139064
4.69602 -0.545746 0.498996 0.466851 0.78833 0.368412 -0.157668
0.673424 1.98887 0.499 0.46601 0.788938 0.368887 -0.155993
1.2169 2.89467 0.499 0.46601 0.788938 0.368887 -0.155993
0.953007 -3.83414 0.499 0.8875 0.0476566 0.340763 -0.306518
-0.377301 5.5396 0.499 0.46601 0.788938 0.368887 -0.155993
4.10311 -1.35134 0.499004 0.573957 0.748609 0.276816 -0.183116
3.64444 3.07583 0.499 0.46601 0.788938 0.368887 -0.155993
2.014 0.285974 0.499 0.46601 0.788938 0.368887 -0.155993
0.20241 4.67003 0.499 0.46601 0.788938 0.368887 -0.155993
0.20241 -1.67055 0.499 0.46601 0.788938 0.368887 -0.155993
0.709656 3.76424 0.499 0.46601 0.788938 0.368887 -0.155993
2.77487 -1.05461 0.499 0.46601 0.788938 0.368887 -0.155993
2.84734 3.728 0.499 0.46601 0.788938 0.368887 -0.155993
-0.920779 1.11931 0.499 0.46601 0.788938 0.368887 -0.155993
5.12995 0.39467 0.499 0.46601 0.788938 0.368887 -0.155993
1.72415 -2.82997 0.499 0.46601 0.788938 0.368887 -0.155993
