17.7 -1.26438 1.28115 1
2.74488 1.20904 0.498926 -0.490098 0.0575163 0.00715135 -0.869738
4.31473 2.05922 0.498583 -0.449288 0.0689781 0.0651532 -0.888334
1.89687 -2.98072 0.499 -0.341175 0.0944515 0.12308 -0.927108
0.598325 4.60514 0.499 -0.41711 -0.0358373 -0.0856779 -0.904099
3.74428 1.23816 0.499181 -0.371943 0.0996777 0.0272445 -0.922486
0.894656 -3.10561 0.499 -0.474771 -0.319359 0.353141 -0.740198
2.61903 -2.269 0.499 0.334523 0.667032 0.513299 -0.423894
3.04062 -1.29904 0.499 0.962145 -0.115458 0.0681051 -0.237295
2.21207 0.360359 0.498974 0.255788 0.135117 -0.520722 -0.803221
3.67546 -0.462085 0.499001 -0.371499 0.358073 -0.213522 -0.829567
-0.0176166 1.96021 0.499 -0.41711 -0.0358373 -0.0856779 -0.904099
0.525862 2.86601 0.499 -0.41711 -0.0358373 -0.0856779 -0.904099
-0.076921 -2.83831 0.499 -0.539006 -0.40439 0.195886 -0.712439
-1.06834 5.51093 0.499 -0.41711 -0.0358373 -0.0856779 -0.904099
2.11414 -0.791122 0.499 0.753497 0.19536 0.0946141 -0.620585
2.9534 3.04717 0.499 -0.41711 -0.0358373 -0.0856779 -0.904099
1.21796 0.246696 0.499003 -0.414869 0.0384502 -0.0447823 -0.907965
-0.488631 4.64137 0.499 -0.41711 -0.0358373 -0.0856779 -0.904099
-0.488631 -1.69921 0.499 -0.41711 -0.0358373 -0.0856779 -0.904099
0.0186152 3.73557 0.499 -0.41711 -0.0358373 -0.0856779 -0.904099
1.06767 -0.91234 0.499 0.286648 0.445821 0.315335 -0.787173
2.1563 3.69934 0.499 -0.41711 -0.0358373 -0.0856779 -0.904099
-1.61182 1.09064 0.499 -0.41711 -0.0358373 -0.0856779 -0.904099
4.23499 0.36689 0.498989 -0.446867 0.123172 0.0204625 -0.885844
0.870951 -1.94389 0.499 -0.0782811 -0.454902 -0.0474211 -0.885826
