113.4 1.56422 0.890627 1
0.0621562 -4.32154 0.497489 -0.310296 0.175135 0.0824361 -0.930725
-0.0949892 1.6342 0.499058 0.594763 0.279511 0.549881 0.515521
1.97863 0.633913 0.499 -0.223788 0.240995 -0.365643 -0.870715
-1.90386 -0.690078 0.499 0.482939 -0.690694 0.359727 0.400386
0.166211 -0.798553 0.499 -0.940372 -0.104209 -0.239885 0.217477
-0.236744 3.30974 0.499005 -0.322741 0.230418 0.407404 0.822659
-0.967564 -2.8684 0.499 -0.270775 -0.738402 0.107948 -0.608104
-1.94451 0.358665 0.499113 0.741612 -0.191747 0.635301 -0.0981715
-2.06039 -2.90043 0.499 -0.566946 0.363201 -0.0910533 -0.733735
-0.863053 -0.580323 0.499 -0.708668 -0.351477 -0.582775 0.186086
-2.92661 -0.748269 0.499001 -0.0379821 -0.359332 0.250602 0.898129
-1.19128 -1.79753 0.499001 0.165434 -0.749541 0.594247 -0.240187
1.64898 -1.92044 0.499 0.861981 -0.12772 -0.0412514 0.48885
-1.41536 -4.07625 0.499 0.696434 0.256526 0.637367 -0.207214
-2.94501 0.336326 0.498776 0.0613016 -0.923074 0.19415 0.326317
-3.94394 0.284562 0.49923 0.301264 -0.355396 0.672968 0.574498
-1.12272 1.9631 0.498925 0.774973 0.406377 0.208491 -0.436814
-1.17322 2.95928 0.499071 0.796255 -0.10355 -0.584105 0.118648
0.969547 0.100388 0.499 0.308418 0.455207 0.750022 0.367604
-2.08197 1.36689 0.49865 -0.897163 0.367768 0.0135866 0.244257
-1.01069 0.881493 0.499 0.372324 0.764358 -0.373247 0.371238
-3.23483 1.45055 0.499 -0.698769 0.329633 0.633717 -0.0382994
0.00578124 -3.29689 0.498362 -0.0574538 -0.670736 -0.639293 0.37164
0.418315 -1.92158 0.499 0.702921 0.502987 -0.29564 0.406822
-2.42389 -1.74362 0.499 -0.458739 0.00559347 -0.813208 -0.358078
