51.5 0.907893 1.55426 1
0.00107413 2.72937 0.499 -0.15825 0.61274 -0.616715 0.468155
0.291167 -2.28069 0.497517 -0.420123 -0.0530787 -0.432269 0.79613
2.04938 0.318295 0.499 0.600834 0.256482 0.708452 -0.267041
2.0157 -0.700363 0.499 -0.731672 0.656514 -0.120172 -0.138577
1.94095 2.83241 0.499 0.268975 -0.954186 -0.012 0.130525
-0.168889 -1.39825 0.501248 0.840856 0.510368 -0.179712 -0.0137418
1.96795 1.33363 0.499 -0.707327 -0.609538 -0.0144074 -0.357692
2.85787 2.26719 0.499 -0.344271 0.164867 -0.887679 -0.257531
-0.152022 1.52805 0.499 0.993593 -0.0120569 -0.108816 0.0280458
0.467572 -3.65365 0.498091 0.886857 0.304903 0.336632 -0.084842
3.375 3.25065 0.499 0.18121 -0.236717 0.906609 -0.298642
1.36637 -1.88032 0.499 -0.152397 -0.304965 0.252772 0.905471
-0.53106 -0.471503 0.499839 -0.559538 -0.239443 -0.776633 -0.162556
1.21765 2.12108 0.499 -0.789339 0.0660598 0.470879 -0.388398
0.208922 0.572949 0.499 0.831731 0.381394 -0.285662 -0.284886
3.2278 0.45033 0.499 -0.719361 0.273777 0.346055 0.536481
-2.24491 -0.976724 0.50269 0.235206 -0.784755 0.421423 0.388897
0.966951 -0.920668 0.498999 -0.562351 0.471838 -0.444811 -0.513101
-2.30081 -1.97074 0.496566 -0.423687 -0.179646 -0.78054 0.423053
3.82889 1.43284 0.499 0.36703 0.717232 0.590799 -0.0427135
-1.34574 0.122076 0.499 0.5026 -0.454513 -0.698969 0.228589
4.24157 3.834 0.499 0.351117 -0.640489 -0.636322 0.248165
-1.16489 1.52815 0.499 -0.530238 0.672863 0.460607 0.23226
1.10996 -2.85003 0.498292 0.57934 0.814232 -0.021424 -0.0305437
1.07898 0.074402 0.499001 0.295718 -0.874974 0.35722 -0.139157
