114 0.868463 1.57663 1
-0.434183 -3.37108 0.499 -0.250154 0.540022 0.136934 -0.791864
-0.181418 2.098 0.499022 0.58689 0.219596 0.344254 0.699161
2.20061 1.00616 0.499 -0.294999 0.285378 -0.337189 -0.847254
-1.65528 -0.152625 0.499 0.301883 -0.551698 0.12448 0.767464
0.568407 -0.705516 0.499 -0.746808 -0.460472 -0.479017 -0.0280438
-0.618106 3.72037 0.499 0.0585851 -0.0731868 0.345189 0.933839
-1.1187 -2.5028 0.499001 0.269152 -0.773652 0.213524 -0.532379
-1.87537 0.851602 0.499 0.542557 -0.165136 0.786183 -0.245517
-2.22113 -2.65025 0.499 -0.603909 0.295178 -0.10511 -0.732882
-0.514568 -0.116377 0.499 -0.231414 -0.664427 -0.51035 0.494497
-2.72445 -0.22761 0.499 0.241341 -0.0827233 0.241445 0.936278
-0.716148 -1.28556 0.499 0.16732 -0.795378 0.554656 -0.17814
2.06463 -1.95153 0.499 0.668713 0.306394 -0.158463 0.658662
-1.71507 -3.55806 0.519251 0.692991 0.648072 0.246737 -0.197197
-2.87887 0.813885 0.498993 0.0171958 -0.878073 -0.197723 0.435429
-3.95155 0.808759 0.498736 0.395178 0.24609 0.640558 0.610704
-1.34899 2.48509 0.499075 0.64891 0.420887 0.364709 -0.518418
-1.61331 3.49503 0.499 0.563583 0.00770074 -0.779586 0.273058
1.11681 0.497764 0.499 0.0230212 0.563606 0.764753 0.311401
-2.12474 1.84497 0.49891 -0.967632 0.232963 -0.0935877 0.0256456
-0.901062 1.35178 0.49899 0.39033 0.831347 -0.252049 0.304918
-3.45839 1.68865 0.513599 -0.696537 -0.0970495 0.702026 0.112147
-0.0365471 -2.42714 0.499047 -0.0704181 -0.659967 -0.746555 0.0462729
0.788236 -1.78156 0.498783 0.50763 0.728075 -0.345659 -0.304531
-2.13905 -1.3386 0.499 -0.167048 -0.40583 -0.850535 -0.289806
