28.5 1.76712 -0.34245 1
0.944565 -0.258913 0.499 0.00651649 0.640801 0.210482 -0.738261
2.2484 -0.474896 0.499 0.412507 0.247341 0.200377 -0.853528
1.19903 -5.39913 0.499 0.68941 -0.658863 -0.299888 -0.0260842
1.84519 2.55752 0.499 0.862957 -0.0143709 0.347526 -0.366503
1.60243 -1.43128 0.499 0.563287 -0.259608 0.104136 -0.777475
0.29511 -4.30675 0.499 0.734599 -0.288508 -0.227353 -0.570473
1.22381 -3.85007 0.499 0.148371 -0.528975 0.818411 -0.168448
1.47316 -2.80158 0.499 0.500714 -0.306144 0.180449 0.789303
0.190935 -0.916762 0.499 0.892404 0.39829 0.116 -0.177549
2.29811 -2.21277 0.499 0.809528 0.00926309 -0.00200908 -0.587004
0.439373 0.614251 0.499 0.921182 -0.289671 0.259313 0.0164886
2.26939 0.671761 0.499 -0.236071 -0.673985 0.69878 0.0414843
-0.502925 -3.61767 0.499 0.729038 -0.448543 -0.477899 -0.197295
-0.753499 1.78071 0.499 0.556521 0.59094 -0.434377 0.390373
0.430125 -2.06352 0.499 0.83872 -0.232636 0.211697 0.444537
3.53131 1.12021 0.499 0.716271 0.165081 -0.247339 0.63129
-0.946449 -0.455511 0.499 0.27541 0.435083 0.035547 -0.856498
1.04605 1.41771 0.499 0.288573 -0.7314 -0.357513 0.503948
-0.851779 -2.62375 0.499 0.996463 0.0172963 -0.082113 -0.00453784
2.65396 1.64524 0.499 0.00102391 -0.664622 0.447409 -0.598417
-0.536901 -1.61285 0.499 0.743348 -0.243088 0.61786 -0.0811861
3.02261 3.23556 0.499 0.550105 -0.79076 0.0758748 0.257538
-0.745505 0.626862 0.499 0.550105 -0.79076 0.0758748 0.257538
3.29652 -1.84618 0.499 0.676828 -0.564274 -0.358501 -0.308181
0.483043 -3.16938 0.499 0.845743 -0.145467 -0.232975 0.457472
