41.7 1.6006 0.823447 1
-2.11405 3.82794 0.499 -0.134425 0.475976 -0.300751 0.81543
1.32362 -1.30079 0.499 -0.572813 0.180804 0.0789324 0.795591
-0.859233 -0.273167 0.499 0.0887999 -0.605933 0.587052 -0.529462
2.95432 -0.345849 0.499 -0.492237 0.749532 0.438949 -0.0568176
-1.15987 2.99124 0.499239 0.860557 0.22074 -0.221303 -0.402171
-1.81259 -2.03399 0.499 0.873659 0.481755 -0.0624449 -0.0270847
-1.16896 1.08035 0.498986 0.327043 -0.697098 0.394187 -0.501711
-0.792005 2.06155 0.498761 0.39214 -0.289441 0.255289 -0.835031
-2.34575 1.26922 0.499 0.629406 0.412691 0.574127 0.322356
2.02876 -2.07636 0.499 0.484681 0.8053 0.336425 -0.0582614
-0.989937 4.9509 0.499 0.619467 0.366561 0.406585 -0.562657
3.12765 -1.35646 0.499 -0.166772 -0.836999 0.373074 0.363918
-2.74299 -1.54005 0.499 -0.475904 0.518962 0.413154 0.577493
-1.87299 2.24196 0.499 -0.769836 0.0907512 0.321637 -0.543752
-1.81108 0.313743 0.499014 0.48414 0.561226 -0.0492101 0.669486
5.98061 -1.01305 0.499 0.483951 0.791741 -0.326938 -0.179019
-3.76207 0.843565 0.499 -0.0278337 -0.00338355 0.329134 -0.943867
1.08927 -0.111001 0.499 0.275434 -0.381219 -0.737051 0.485349
-3.52066 -0.427591 0.499 0.775133 -0.100866 0.489813 -0.386106
5.28294 0.213575 0.499 0.170599 -0.509748 0.837498 0.0982367
-2.82159 0.388536 0.499 -0.995703 0.0529964 -0.0754274 0.00879103
2.97504 3.56881 0.499 0.572957 -0.683847 -0.165672 0.42027
-3.36476 1.80526 0.499 0.376267 -0.403643 0.513718 0.656954
4.41983 -2.73113 0.499 0.889337 0.0968074 -0.27946 -0.348728
-2.17351 -0.634809 0.499 -0.25787 -0.0179065 0.753143 0.604945
