58.9 1.13837 1.39432 1
0.649777 2.99743 0.498995 0.462022 0.112962 -0.845071 0.244193
-0.0493893 -2.05483 0.503223 0.324921 -0.163839 -0.31391 -0.876951
2.88923 -2.89245 0.498977 -0.361564 -0.493786 -0.756034 0.232076
2.54186 -3.84255 0.513058 -0.369281 0.47332 -0.129783 0.789149
1.38868 1.29925 0.499 -0.0316766 0.793688 0.593544 0.129464
-1.18097 -1.44651 0.499 -0.27058 0.638562 0.683321 -0.228249
1.56278 -0.867234 0.501031 -0.663181 0.651279 0.364884 -0.0537294
2.99755 -1.88237 0.515261 -0.704322 -0.50632 -0.0750895 0.491866
-0.0233972 -0.108479 0.499003 -0.270471 -0.40031 -0.810118 0.332123
-0.000409166 -3.04186 0.507872 0.432674 0.206672 0.0594498 0.875526
2.7409 -0.660444 0.499 0.567474 0.479033 -0.650773 -0.1581
1.56725 -3.34547 0.498991 -0.609571 -0.236695 -0.478527 -0.586012
-1.64005 -0.441816 0.499 0.178121 -0.347614 0.571598 -0.721605
0.943161 0.274291 0.499014 0.732413 0.575598 0.246073 -0.26778
-0.208595 -1.07886 0.499593 -0.0832977 0.134293 0.115176 0.980694
4.08853 -3.75557 0.520105 0.307072 0.344951 -0.467781 -0.753589
-0.897327 -2.60741 0.498937 -0.716293 0.691882 -0.0585677 -0.0692404
1.10612 -2.43076 0.498999 0.335363 -0.686726 -0.104224 -0.636457
-1.73035 -3.16736 0.499096 0.25424 0.510479 -0.821364 -0.0115716
3.93729 -2.66977 0.69414 0.0925016 -0.484793 -0.850036 -0.184004
-2.31874 -1.42067 0.499 -0.856417 0.277563 0.234135 0.367001
1.6597 3.08322 0.499005 -0.347089 -0.324142 0.233769 -0.848418
-1.26454 0.545417 0.499 -0.589929 0.749034 0.0577666 -0.295966
0.584 -3.83652 0.497079 -0.264109 0.00407502 0.455979 0.84989
0.751429 -1.45316 0.49827 0.330742 0.781906 -0.527286 0.0346605
