13.8 0.255718 1.78174 1
3.31527 1.37864 0.499 -0.0752337 0.648819 0.562354 -0.507082
4.90947 2.28444 0.499 -0.0752337 0.648819 0.562354 -0.507082
2.51817 -2.75179 0.499 -0.0752337 0.648819 0.562354 -0.507082
1.03266 4.74821 0.499 -0.0752337 0.648819 0.562354 -0.507082
4.36599 1.37864 0.499 -0.0752337 0.648819 0.562354 -0.507082
1.63818 -3.3441 0.498934 0.495519 -0.113424 0.674075 -0.535928
3.81378 -2.19759 0.499 0.169018 0.85841 0.48432 -0.000390444
4.4424 -1.40634 0.499 0.886052 0.450002 0.0900737 0.0655434
3.18322 -0.0797001 0.499 0.251323 0.729289 0.367538 -0.51951
4.45306 -0.405629 0.499 -0.0619972 0.637303 0.554377 -0.531665
0.416717 2.10328 0.499 -0.0752337 0.648819 0.562354 -0.507082
0.960195 3.00908 0.499 -0.0752337 0.648819 0.562354 -0.507082
0.639911 -3.29091 0.499066 0.476582 -0.184273 0.698087 -0.501585
-0.634008 5.654 0.499 -0.0752337 0.648819 0.562354 -0.507082
3.49096 -1.04925 0.498935 0.411833 0.73402 0.399622 -0.363194
3.38773 3.19024 0.499 -0.0752337 0.648819 0.562354 -0.507082
1.7573 0.40038 0.499 -0.0752337 0.648819 0.562354 -0.507082
-0.0542974 4.78444 0.499 -0.0752337 0.648819 0.562354 -0.507082
-0.0542974 -1.55614 0.499 -0.0752337 0.648819 0.562354 -0.507082
0.452949 3.87864 0.499 -0.0752337 0.648819 0.562354 -0.507082
2.49472 -0.936063 0.499065 -0.0594896 0.658034 0.564646 -0.494598
2.59063 3.84241 0.499 -0.0752337 0.648819 0.562354 -0.507082
-1.17749 1.23371 0.499 -0.0752337 0.648819 0.562354 -0.507082
4.87324 0.509076 0.499 -0.0752337 0.648819 0.562354 -0.507082
1.40238 -2.34886 0.499 0.26028 0.499103 0.610124 -0.557583
