119.1 1.54083 -0.930504 1
-2.17107 -1.61067 0.515098 0.0691231 0.203229 0.975762 -0.042521
0.570428 2.7242 0.499 -0.528397 0.496166 0.0211009 0.688601
3.47168 2.81812 0.499261 -0.0184133 -0.239059 0.950491 0.197685
0.902017 1.62573 0.499003 -0.447207 -0.0114356 -0.493191 0.746081
3.36415 -0.443677 0.499 -0.0300484 -0.654312 0.730337 -0.193856
-0.95384 2.12679 0.499 -0.189151 0.969163 0.0278329 -0.155466
-3.1687 -1.46125 0.496226 -0.309299 0.886066 0.179161 0.295164
-0.47735 0.0085156 0.499 -0.825299 -0.55606 -0.0252475 -0.0950912
-4.21454 -1.38326 0.498817 0.0297123 -0.611166 -0.0879097 0.786044
1.75704 2.19434 0.49899 -0.437448 -0.256955 -0.661367 0.552455
-1.73999 -0.478248 0.499 0.197212 -0.602009 0.623179 -0.458629
2.37179 1.1689 0.499 0.989099 0.0975471 0.0076421 0.110043
2.34338 -3.45642 0.499 -0.520492 -0.568473 -0.475737 0.423794
-3.70756 -2.30018 0.506736 -0.723929 -0.232692 -0.573429 -0.304896
-3.7708 -0.426067 0.498999 0.0208502 -0.148315 0.91793 -0.367386
-2.91403 0.71196 0.499 0.408415 -0.740649 0.335315 0.41497
-1.56692 0.532709 0.498584 0.624725 0.585913 -0.187357 -0.480958
-2.05304 2.80524 0.499 0.904219 0.30709 0.178898 0.236812
2.76461 2.11079 0.498769 -0.283032 -0.55501 0.099051 0.775916
-2.76052 -0.540076 0.499 0.467642 -0.754791 0.351151 -0.297143
-0.271301 1.33479 0.499 -0.600793 -0.298852 -0.687019 -0.278821
-2.02645 1.45248 0.499 -0.451544 0.667184 -0.0692123 -0.588373
0.579347 0.0142216 0.499 -0.0457232 0.484487 0.765895 -0.420221
4.33038 -1.67344 0.499 0.428447 0.130979 -0.376946 -0.810672
-0.851702 -0.956058 0.499 0.371998 0.119891 -0.239674 -0.888707
