31.6 0.64234 1.68149 1
0.0608731 0.465106 0.499 -0.914058 0.335503 0.194104 0.119408
1.48775 -0.296901 0.499 -0.697923 0.583019 -0.171405 0.378962
0.461135 -3.49208 0.499 0.757604 -0.626229 0.0541787 -0.175892
1.74215 2.22264 0.499 -0.929965 0.322077 -0.165289 -0.0641124
0.4468 -0.469211 0.499 0.445366 0.320969 0.824258 -0.138661
-0.550897 -3.45775 0.499 0.249854 0.416396 0.517815 -0.704312
0.358336 -2.47111 0.499 0.246589 -0.521701 0.556591 0.597686
0.595197 -1.47777 0.499 0.952536 0.0470804 -0.190701 0.232578
-0.845928 -0.288724 0.498995 -0.268458 0.93657 0.129787 -0.184181
1.80493 -1.35544 0.499 -0.415543 0.467682 0.0592386 -0.777874
-0.275373 1.40821 0.499 0.415876 0.820854 0.323356 -0.220653
2.01185 0.875195 0.499051 0.343125 0.55947 0.034128 0.75372
-1.52109 -3.14732 0.499002 0.621975 0.535834 0.421577 -0.3851
-1.28875 1.9646 0.499 -0.251018 -0.0914662 -0.448703 -0.852813
-0.631596 -1.26605 0.499005 0.741726 0.556982 -0.370312 -0.0498314
3.79616 1.11929 0.499 -0.198943 0.220376 0.0452047 -0.953841
-2.13366 0.0842157 0.499 -0.823102 0.369932 0.40583 -0.144762
1.1135 1.31835 0.498949 0.371155 0.724572 0.341371 -0.469792
-1.73188 -2.16537 0.498987 -0.036483 0.834795 0.0137164 -0.549179
2.96101 1.80908 0.499 -0.153071 0.434017 0.309598 0.832075
-1.65104 -1.15772 0.499 0.179945 0.86485 0.204046 0.421924
2.70107 3.81389 0.499 0.669079 0.604905 0.416456 0.11396
-1.23987 0.948935 0.499 0.646304 0.662332 0.223006 0.306391
2.98118 -1.62586 0.499 -0.0245001 0.211038 0.817369 -0.53551
-0.739267 -2.29185 0.499011 0.429306 0.729076 -0.526759 0.0816639
