36.8 -1.33905 -1.20289 1
-1.77338 1.5196 0.499 -0.0265198 -0.98521 0.0571965 -0.159328
0.700331 -1.24024 0.499 0.344169 -0.916968 -0.095405 -0.177805
-1.36008 -2.40866 0.499 0.406256 0.839233 -0.136119 0.334837
1.63102 0.124022 0.499 0.186464 -0.721361 0.195764 0.637609
-1.17392 0.638123 0.499 -0.165036 0.678104 -0.0843195 0.711216
-2.44304 -3.10684 0.499036 -0.784709 0.334538 -0.186096 0.487528
-1.34459 -1.30925 0.499 0.671098 0.325087 -0.611971 0.26351
-0.835501 -0.309851 0.499 -0.241565 0.869122 -0.209832 0.377151
-2.45879 -0.271446 0.499 -0.362619 -0.426873 -0.623713 0.545224
1.19629 -2.11262 0.499 -0.303163 -0.230476 -0.0155079 0.924517
-1.94024 2.71454 0.499 -0.807522 0.417718 0.0801484 0.408652
1.84551 -0.860712 0.499 0.512603 -0.105785 -0.627814 -0.576105
-4.35155 -3.5435 0.499 -0.550789 0.113751 -0.782614 -0.266848
-3.43624 1.662 0.499 -0.543731 0.0904994 0.632216 0.544489
-2.45628 -1.37637 0.499 -0.85177 -0.179564 -0.292674 -0.39571
4.2137 -0.676819 0.499 -0.588502 0.00158909 0.367364 0.720213
-4.19994 -0.7019 0.499 0.415623 0.0987188 0.0409615 0.903236
0.444319 -0.178552 0.499 -0.633318 0.338049 -0.466981 -0.516295
-4.18391 -2.55257 0.499 -0.531643 -0.419637 -0.213509 0.704042
3.44933 0.289365 0.499 0.428141 -0.392569 -0.81063 -0.0739097
-3.79056 -1.63156 0.498998 0.479377 -0.27024 -0.799837 -0.239644
2.135 2.98944 0.499 -0.291513 0.330966 -0.863608 -0.24426
-3.16706 0.510487 0.499 0.0932076 -0.127178 -0.947675 -0.27758
3.01474 -2.89318 0.499 -0.280991 0.598621 -0.250433 0.707093
-3.06419 -2.32321 0.498966 -0.55296 -0.741528 -0.291074 -0.24423
