86.6 0.822366 1.60116 1
1.37078 -0.619929 0.49905 0.169087 0.462083 -0.34489 0.799337
0.537494 1.50051 0.499 -0.464878 -0.0541307 0.84335 0.264042
2.32899 -0.933813 0.499 -0.541191 0.287924 0.78018 -0.124625
2.0523 -3.27405 0.499 0.653075 0.18076 0.512064 0.527834
-0.542357 -2.27721 0.499 0.939748 0.284938 0.024162 0.187353
0.0913207 5.03911 0.499 -0.2766 0.159301 -0.0199114 0.947481
0.897506 0.26355 0.498954 0.138308 -0.367987 0.20519 0.8963
0.516385 -1.14267 0.499002 0.516808 -0.0909169 0.761234 -0.381006
3.9493 -0.286648 0.499 0.276198 0.56963 -0.741327 0.222869
-0.147645 -0.0108758 0.499 -0.449629 -0.787724 -0.00893193 -0.421005
3.9717 -1.915 0.499 0.60328 -0.068578 -0.720135 -0.335791
2.96846 -2.25321 0.499 -0.137299 0.908348 -0.357865 0.167289
0.789921 4.11054 0.499 0.963542 -0.12659 -0.232624 0.0380493
1.87152 1.29885 0.499 0.619393 -0.448584 -0.148873 0.626867
2.94834 -0.00709854 0.499 -0.617139 0.472451 -0.345789 -0.525699
-1.72275 -1.25679 0.499 0.0421114 -0.843584 -0.507323 -0.170928
-0.629226 1.40567 0.499 0.799745 0.318141 0.477918 -0.175466
0.127856 2.62236 0.499 0.175193 -0.618537 0.704125 -0.301541
-2.31624 3.88895 0.499 -0.424806 0.427711 -0.734684 -0.311196
0.456192 -2.18075 0.499 -0.0954645 0.811298 -0.516091 -0.25755
-0.986742 2.83906 0.499 0.134475 0.556098 0.356354 0.738704
-1.4202 -0.2514 0.499 0.40151 0.67025 0.0524957 0.621931
1.92559 0.22294 0.498994 0.336948 -0.56106 0.754666 0.0464506
-2.01733 1.19017 0.499 -0.342918 -0.695414 -0.207393 -0.596485
3.16605 2.18706 0.499 0.64837 0.144853 -0.729945 -0.16067
