56.3 0.376143 -1.76026 1
0.424423 2.32629 0.499 -0.22695 0.854528 0.421191 0.202172
-0.700947 -2.72018 0.499 0.526156 -0.845052 0.0793852 -0.0524004
2.71556 -2.02851 0.499 -0.354479 0.802194 -0.0265262 -0.479714
1.97702 -2.76024 0.499 -0.0203399 -0.773736 0.0407782 -0.631867
1.46346 1.47643 0.499 -0.0597762 -0.997249 -0.0175555 -0.0401665
-1.21273 -1.76328 0.499 -0.629098 -0.0806165 0.0814336 -0.768833
1.3928 -0.419231 0.499 0.523647 -0.803832 -0.0142274 -0.28186
2.68959 -0.916442 0.499 0.501779 0.315312 -0.0568995 -0.803467
-0.0968939 -0.024997 0.499 0.223151 0.896402 0.364983 0.115992
-1.12502 -3.73022 0.499 -0.602833 0.302316 0.0398671 0.737298
2.64321 0.17468 0.499 -0.534223 0.0854188 0.728965 0.419428
0.836833 -2.99736 0.499 0.784522 0.292486 -0.381764 0.39145
-1.47792 -0.787194 0.499 -0.337307 -0.611117 -0.618764 0.360404
0.846231 0.507571 0.499 -0.475866 -0.66194 0.311295 0.488346
-0.472986 -1.0902 0.498998 -0.639195 0.748914 0.0117974 0.174406
4.17678 -2.82911 0.499 0.0147823 -0.328808 0.120522 0.936558
-2.02058 -3.22552 0.499 0.545824 0.810952 -0.165084 -0.131075
0.185098 -2.16595 0.499 0.194303 -0.73477 -0.53255 0.372491
-2.65645 -4.09983 0.499 -0.24936 0.896977 0.162088 -0.327077
3.85135 -1.7484 0.499 -0.50603 0.320607 0.790514 -0.127406
-2.37958 -1.2432 0.499 0.156872 0.0578394 -0.139365 -0.976024
1.81311 2.75604 0.499 0.681728 -0.216602 -0.602729 0.353622
-1.25603 0.215029 0.499 0.674584 -0.462006 -0.0619304 -0.572409
0.0074798 -3.66689 0.499 -0.961748 0.0872565 0.0360759 -0.257148
0.532999 -1.1386 0.499001 0.416331 -0.267186 0.855544 -0.152724
