43.1 0.366866 1.76222 1
-2.8041 4.59017 0.499 0.255572 0.638431 -0.57756 0.439901
0.908989 -1.21538 0.499 -0.0629809 0.20531 -0.873515 0.436866
-0.875693 0.330005 0.499 -0.483764 -0.456798 0.591073 0.456006
2.73968 -0.377393 0.499 -0.878242 -0.105473 -0.4596 -0.0795911
-1.50376 3.90334 0.499 0.70932 0.0508015 0.703052 -0.00164684
-1.84823 -1.57656 0.499 0.133477 0.408548 0.64792 -0.628866
-1.41081 2.03659 0.499 0.0116621 -0.837309 0.436493 0.329017
-0.966546 3.0545 0.499 0.0227919 -0.571643 0.499777 -0.650329
-2.63434 2.1694 0.499 -0.0448612 0.606972 0.766536 -0.204927
1.67389 -1.9633 0.499 -0.570159 0.600533 0.378755 -0.413308
-0.880833 5.56331 0.499 -0.592828 -0.143838 0.524203 -0.594202
2.90126 -1.3954 0.499 0.328028 0.0498356 -0.19252 0.923499
-2.68151 -0.645142 0.499 -0.267461 0.777504 -0.551833 -0.139399
-1.97153 2.99505 0.499 -0.774985 -0.623003 -0.106116 -0.00240028
-1.94495 1.18754 0.499 0.370817 0.883682 0.127112 -0.25582
5.07793 -0.490499 0.498985 0.12262 0.834503 0.0291288 -0.536396
-3.98815 1.62367 0.499 -0.394298 -0.754123 0.272878 -0.448737
0.680821 0.0110039 0.499 0.794947 0.426592 -0.430305 -0.0302829
-3.68643 0.374771 0.499 -0.199804 -0.112414 0.910252 -0.344795
5.09243 0.534318 0.499002 -0.132465 0.336538 0.410533 0.837053
-2.96568 1.13906 0.499 -0.367167 -0.133501 -0.907519 -0.154191
2.62233 3.83705 0.499 0.805763 0.263651 0.214344 0.485068
-3.73189 2.66561 0.499 -0.143748 0.263808 0.550474 0.778922
3.95541 -2.42615 0.540274 0.490995 0.299159 0.624231 -0.528927
-2.10906 0.193422 0.499 -0.881615 0.348511 -0.157163 0.276757
