61.5 -1.79255 -0.163552 1
-0.329855 3.77638 0.498993 0.487395 -0.706871 0.209725 -0.467755
-1.39673 0.346434 0.499 -0.674825 -0.437866 -0.584648 0.10522
1.22561 -0.727469 0.499 0.258103 0.088101 -0.872212 0.40604
1.19492 -2.44463 0.499 0.807751 -0.305939 0.317289 0.391495
0.429787 2.14337 0.499 -0.630846 0.766873 0.00755137 -0.117821
-2.40537 -0.155303 0.499 -0.244865 0.0192143 -0.393227 -0.886027
0.677072 0.283119 0.499 -0.39996 0.892023 -0.195078 -0.079189
1.85521 0.196892 0.499 -0.0845817 0.871161 0.483279 -0.0191075
-0.813946 2.88004 0.498982 0.488142 -0.265578 0.100008 0.825339
-1.06726 -0.764808 0.499 -0.792836 0.149457 0.57023 -0.154636
2.11463 1.46006 0.499 0.351174 0.208589 0.712482 -0.570558
0.514051 -1.66567 0.49898 0.40445 0.0534301 -0.764344 -0.499344
-3.21977 0.493137 0.499 -0.55638 -0.646908 0.427158 -0.299143
0.0788944 1.18227 0.499 -0.0979024 0.371113 -0.253885 -0.887825
-1.10005 1.90837 0.507136 0.34149 0.430123 0.285226 -0.785509
1.84108 -1.55932 0.499 0.0765616 -0.716773 -0.630725 0.287334
-2.17697 -2.23214 0.499 -0.243206 0.178898 -0.930639 -0.20678
0.0454456 -0.696145 0.499 -0.890405 -0.342848 0.0921776 0.284846
-3.11918 -2.69735 0.499 0.192917 -0.941879 -0.000638637 -0.27504
2.66272 -0.490377 0.499 0.18077 0.0699475 -0.970069 -0.146276
-3.35309 -1.68163 0.499 -0.259883 -0.198919 -0.710235 0.623264
0.696275 3.24421 0.499 -0.534047 -0.707657 0.427252 0.177404
-2.23119 1.48877 0.499 -0.218273 0.387344 -0.873747 0.1972
-0.362067 -2.14768 0.49902 -0.119462 -0.621394 -0.451606 -0.629008
-0.325286 0.233028 0.499 0.645401 0.592196 -0.118801 -0.467597
