25 -0.0449634 -1.79944 1
1.18923 -0.168173 0.499 0.475496 -0.663986 0.0948722 0.569232
2.56269 -0.113254 0.499 0.109372 -0.346534 6.4775e-05 0.931639
1.17675 -5.12495 0.499 -0.610385 0.402533 0.115758 0.672308
1.08074 3.17212 0.499 -0.475387 -0.513684 -0.334686 0.630969
2.08133 -1.20681 0.499 -0.303257 -0.0158312 -0.182339 0.935167
0.30448 -4.2016 0.499 -0.209939 -0.104584 0.0857073 0.968319
1.25562 -3.89121 0.499 -0.651383 -0.149231 -0.732039 0.132471
1.48933 -2.88088 0.499 -0.918841 0.27998 0.248374 -0.12511
0.549896 -1.13178 0.499 -0.562096 -0.634218 0.458855 0.26696
2.33976 -2.29766 0.499 -0.168319 -0.535065 0.166305 0.810998
0.14746 0.589981 0.499 -0.71377 -0.489363 0.151395 0.477635
1.59822 0.771197 0.499048 -0.738087 0.00972765 -0.649789 -0.181404
-0.600151 -3.77225 0.499 -0.183335 0.0387285 0.34767 0.918702
-1.01792 2.82632 0.499 -0.687157 -0.420768 0.572194 -0.152849
0.681152 -2.16039 0.499 -0.97037 0.0342524 0.202655 0.12704
2.45346 1.3021 0.498854 -0.322768 -0.33151 0.769644 0.439965
-0.486837 -0.828358 0.499 0.2769 -0.692508 0.181177 0.641042
0.198802 2.19304 0.499 -0.519439 0.745683 0.41716 -0.0108485
-0.811941 -2.77299 0.499 -0.537408 -0.31336 0.559653 0.547527
1.4063 1.79181 0.499 -0.498013 -0.239645 -0.820661 -0.145146
-0.288564 -1.89098 0.499 -0.854825 -0.363826 -0.136425 0.343939
2.50485 2.81913 0.499 -0.639159 -0.118751 0.121792 0.750027
-1.26327 0.21043 0.499 -0.639159 -0.118751 0.121792 0.750027
3.35963 -1.69661 0.499 -0.382584 0.256699 0.137389 0.876846
0.534937 -3.18189 0.499 -0.682327 0.110679 0.696181 0.193679
