32.5 -0.121896 1.79587 1
-0.39117 0.861961 0.499004 -0.794216 0.58891 -0.125409 0.0817186
1.25816 -0.195799 0.499003 -0.234998 0.501002 -0.748359 0.365694
0.0254913 -3.12922 0.499 0.487212 -0.795031 0.346498 -0.102421
1.58718 1.99017 0.499 -0.715029 -0.126285 -0.684606 -0.0640398
0.0176866 -0.0535787 0.498996 0.240991 -0.0801828 0.900406 -0.353217
-1.04215 -3.08134 0.499442 0.280242 0.0687666 0.416056 -0.862342
-0.0917964 -2.07679 0.499 -0.191052 -0.4411 0.649499 0.589135
0.218865 -1.05932 0.499 0.950773 -0.201546 0.235369 -0.00339332
-1.3081 -0.0325987 0.499 -0.143994 0.848617 0.106313 -0.497807
1.58489 -1.142 0.498997 -0.558856 0.0536108 -0.390306 -0.729703
-0.690322 1.82741 0.499001 0.548115 0.524599 0.414996 -0.502138
1.83609 0.79066 0.499 0.247436 0.930252 0.00705973 0.270844
-2.13191 -3.02521 0.499 0.608052 0.381529 0.600378 -0.352498
-1.68519 2.03812 0.498997 -0.136043 -0.423235 -0.460726 -0.768177
-1.08227 -1.01108 0.499 0.876809 0.358281 -0.196395 -0.253513
3.74799 0.983762 0.499 -0.278836 -0.500118 0.106858 -0.812843
-2.60339 0.105655 0.499 -0.944788 0.275011 0.126442 -0.125525
0.9198 1.19489 0.499 0.0454962 0.327018 0.724867 -0.604613
-2.24847 -2.0311 0.499011 -0.086812 0.672502 -0.127636 -0.723819
2.92509 1.7214 0.499 -0.362687 0.848978 -0.0450399 0.381663
-2.15728 -1.03531 0.498989 0.0789709 0.916811 0.337454 0.198358
2.48266 3.84653 0.499 0.309457 0.634912 0.679506 -0.19848
-1.6251 0.924161 0.499 0.361472 0.765073 0.507293 0.163266
2.86655 -1.66987 0.499 -0.562562 -0.127993 0.696741 -0.426256
-1.25063 -2.10612 0.498558 0.594047 0.708635 -0.376322 -0.0576723
