3.9 1.7883 0.204864 1
3.75318 0.928098 0.499 0.989281 0.145789 0.00831956 -0.000407558
5.34738 1.83389 0.499 0.989281 0.145789 0.00831956 -0.000407558
2.95608 -3.20234 0.499 0.989281 0.145789 0.00831956 -0.000407558
1.47057 4.29766 0.499 0.989281 0.145789 0.00831956 -0.000407558
4.80391 0.928098 0.499 0.989281 0.145789 0.00831956 -0.000407558
2.26637 -5.01511 0.499003 0.997149 0.0749967 0.00669189 -0.00496201
4.87637 -2.65886 0.499 0.989281 0.145789 0.00831956 -0.000407558
5.92709 -2.65886 0.499 0.989281 0.145789 0.00831956 -0.000407558
3.86188 -0.883497 0.499 0.989281 0.145789 0.00831956 -0.000407558
4.87637 -0.883497 0.499 0.989281 0.145789 0.00831956 -0.000407558
0.85463 1.65274 0.499 0.989281 0.145789 0.00831956 -0.000407558
1.39811 2.55853 0.499 0.989281 0.145789 0.00831956 -0.000407558
1.21565 -5.01511 0.499003 0.997149 0.0749967 0.00669189 -0.00496201
-0.196094 5.20346 0.499 0.989281 0.145789 0.00831956 -0.000407558
4.36912 -1.78929 0.499 0.989281 0.145789 0.00831956 -0.000407558
3.82564 2.73969 0.499 0.989281 0.145789 0.00831956 -0.000407558
2.19521 -0.0501632 0.499 0.989281 0.145789 0.00831956 -0.000407558
0.383616 4.33389 0.499 0.989281 0.145789 0.00831956 -0.000407558
0.383616 -2.00668 0.499 0.989281 0.145789 0.00831956 -0.000407558
0.890862 3.4281 0.499 0.989281 0.145789 0.00831956 -0.000407558
2.95608 -1.39074 0.499 0.989281 0.145789 0.00831956 -0.000407558
3.02854 3.39187 0.499 0.989281 0.145789 0.00831956 -0.000407558
-0.739573 0.78317 0.499 0.989281 0.145789 0.00831956 -0.000407558
5.31115 0.0585325 0.499 0.989281 0.145789 0.00831956 -0.000407558
1.90536 -3.16611 0.499 0.989281 0.145789 0.00831956 -0.000407558
