79.5 1.15445 1.38103 1
0.584285 -0.304871 0.499 -0.823252 0.185553 0.263833 0.467139
-1.29787 0.154681 0.499 0.67447 -0.688473 -0.00901801 0.266486
2.07474 -3.54804 0.499 0.142428 -0.0482968 -0.988041 0.0340142
-0.491465 -3.65072 0.499 -0.349547 -0.294098 0.87901 0.136619
-1.43142 -3.11019 0.499001 0.220765 -0.40213 0.526118 -0.716068
-3.26734 0.1182 0.499 -0.133875 -0.869607 0.0461466 0.473003
1.27673 1.14033 0.499 0.0813873 0.644272 0.352584 0.673776
1.04272 -1.53247 0.499001 -0.368344 0.242886 0.389058 0.80868
3.64536 0.597544 0.499 0.420073 -0.345483 0.551824 -0.632195
-0.563429 -0.827542 0.499 -0.0659117 -0.36783 0.337217 0.864084
5.25424 -1.99994 0.509775 -0.485514 0.648413 -0.559296 0.176139
1.00034 -3.74653 0.499 0.00808952 -0.204258 -0.79683 -0.568573
-1.58503 2.046 0.499 0.0607966 0.47569 -0.165283 0.861803
2.86628 3.12308 0.499 0.482124 0.595419 -0.625812 0.146259
2.74406 -0.368126 0.499 0.636643 0.142232 -0.678807 -0.33716
-0.528532 -2.58451 0.499361 -0.785067 0.218996 0.511547 0.272084
-1.69818 -0.97906 0.49835 -0.552574 0.315077 0.0983203 -0.765325
0.268638 0.809636 0.499 0.406648 -0.589981 0.210692 0.664958
-2.68064 -0.791186 0.49965 -0.258689 0.556143 0.0725889 -0.786458
0.567844 -2.76513 0.499 0.452753 -0.249542 -0.109302 0.848997
-2.18447 0.658462 0.499 0.745836 0.245672 -0.410288 -0.463722
0.0260784 -1.74208 0.498824 0.127283 0.349746 -0.514289 -0.772647
2.97191 1.8193 0.499 -0.547461 0.527969 0.647068 -0.0532755
-1.33847 -1.99722 0.498712 -0.0659662 0.810165 0.0864946 0.576021
0.759627 2.60504 0.499 0.487906 -0.289256 -0.807673 -0.16107
