33.9 -1.24652 1.29853 1
-1.04831 1.21123 0.499 0.0545757 0.858213 -0.483514 0.163419
0.868925 -0.18418 0.499007 0.699244 0.101215 -0.631198 0.320002
-0.633807 -2.75776 0.499 -0.46802 -0.709232 0.506468 -0.146414
1.3724 1.45705 0.498837 0.0825439 -0.405485 -0.864531 0.285227
-0.582543 0.313399 0.499 -0.275552 -0.577229 0.278039 -0.716639
-1.7258 -2.90312 0.498985 0.129003 -0.499319 -0.113705 -0.849182
-0.773629 -1.65639 0.499 -0.778081 0.0508129 0.622556 -0.0665743
-0.337117 -0.656214 0.499 0.158527 -0.670648 0.579036 -0.43568
-1.89148 0.0287319 0.499 0.257859 0.442781 -0.268461 -0.81571
1.23903 -1.11392 0.499 -0.278974 -0.301159 -0.908295 -0.0804855
-1.30544 2.25311 0.499 0.531303 -0.427936 0.107694 -0.72318
1.61169 0.484895 0.499156 0.337256 0.745364 0.0655422 -0.57131
-3.06203 -3.03046 0.499 0.637491 -0.181282 0.542459 -0.516217
-2.46348 2.05252 0.499 -0.171581 -0.534864 -0.783769 -0.264927
-1.7236 -1.01268 0.499003 0.866774 -0.25033 0.0519812 -0.428178
3.69144 0.579967 0.499 -0.373263 -0.906783 -0.181469 0.0740895
-3.31572 -0.053974 0.499 -0.78891 0.507566 -0.336865 -0.0807473
0.614122 0.783824 0.499 -0.318054 -0.441146 0.513048 -0.664088
-3.07594 -2.01166 0.499 0.123817 0.371559 -0.618575 -0.681159
2.88759 1.39201 0.499 0.031196 0.762492 -0.38213 -0.521162
-2.92555 -1.02038 0.499 0.363607 0.718949 0.502829 -0.313152
2.16129 3.70434 0.499 -0.0976984 0.228339 0.535862 -0.80695
-2.33746 0.931801 0.499 0.396469 0.517214 0.650192 -0.39058
2.70662 -1.9313 0.499 -0.941948 -0.225604 -0.142285 -0.203939
-2.05349 -1.95786 0.499012 0.95965 0.207333 -0.171122 -0.0824709
