47.2 -0.971543 -1.51529 1
-4.01417 3.66452 0.516089 -0.164519 -0.485612 0.488467 -0.706055
0.056377 -2.59924 0.499 0.0260318 -0.827897 0.109313 -0.549509
-0.321551 0.350654 0.499 0.629273 -0.62682 -0.457419 0.0433505
1.03924 -0.907251 0.499 -0.243479 -0.776725 0.580635 0.0167048
-1.68115 3.63591 0.499 -0.292466 0.662212 -0.687634 -0.0556668
-1.31545 -1.9655 0.499 -0.193171 0.263621 0.150091 0.933092
-1.05121 1.99139 0.499 0.817358 0.48946 -0.237813 -0.189207
-0.834861 3.00393 0.49914 0.308813 0.707828 0.319014 0.549403
-3.30979 2.45436 0.499003 -0.183764 -0.419199 0.321615 0.828895
0.569255 -3.50102 0.499 -0.217454 0.234137 -0.695472 0.643593
-0.0893491 3.67772 0.498999 0.22871 0.59576 -0.314983 0.702529
0.858881 -1.94017 0.498524 0.339167 -0.659245 -0.456388 -0.492008
-2.05026 -0.0636472 0.499003 -0.551064 0.441911 0.655218 -0.267829
-2.26745 2.68049 0.499 0.910451 0.120525 0.395651 -0.0035622
-1.94241 1.43356 0.507877 -0.621806 0.125328 0.134629 0.761266
1.72677 -0.132588 0.499 -0.750192 -0.447731 0.467898 -0.133496
-4.06982 1.75022 0.523867 0.835244 -0.00261697 0.477802 0.272149
0.0520181 -1.31933 0.498998 -0.112824 -0.393014 -0.430908 -0.804443
-3.84569 0.787258 0.500352 0.45128 -0.619349 0.0234316 0.642031
2.68509 0.334937 0.499 -0.88584 -0.183874 -0.16937 0.390885
-2.96237 1.34943 0.499 -0.267291 -0.148491 0.494339 -0.813717
2.23952 2.89956 0.499 -0.0439138 0.389789 -0.71579 -0.577738
-4.38578 2.69567 0.498914 -0.0796621 -0.250372 -0.951988 0.157119
1.57869 -3.3865 0.499 -0.546373 0.229064 -0.749814 0.294593
-1.30534 0.614886 0.499055 -0.467965 -0.871144 0.138297 -0.05468
