28.1 1.68384 -0.63614 1
0.976634 -0.293096 0.499199 0.197641 0.513312 0.0587757 -0.833063
2.31116 -0.462473 0.499 0.494942 -0.0274518 0.00948731 -0.86844
1.23187 -5.40414 0.499 0.503711 -0.821967 -0.2229 0.144778
1.79321 2.59142 0.499 0.833484 -0.335718 0.234558 -0.370917
1.69533 -1.45131 0.499 0.401237 -0.525843 0.0013532 -0.749998
0.331568 -4.33107 0.499 0.673475 -0.529748 -0.292624 -0.424465
1.26197 -3.89049 0.499 -0.0945646 -0.533355 0.781821 -0.308781
1.5101 -2.84683 0.499 0.371741 -0.326743 0.421353 0.75994
0.257127 -0.98723 0.499074 0.924848 0.169873 0.190606 -0.281901
2.33267 -2.25966 0.499 0.792907 -0.256578 -0.0506328 -0.550365
0.45208 0.562492 0.499002 0.795098 -0.508448 0.330097 0.0183179
2.23869 0.635746 0.499 -0.437239 -0.617364 0.644182 -0.112749
-0.478649 -3.67168 0.499 0.647961 -0.628235 -0.429499 -0.0315809
-0.748332 1.86387 0.499 0.737773 0.408418 -0.164463 0.511701
0.4942 -2.11093 0.499 0.716745 -0.362473 0.432746 0.409416
3.43187 1.11103 0.499 0.719604 -0.0487508 -0.0689993 0.689226
-0.858535 -0.534461 0.499 0.385345 0.214012 -0.0832938 -0.893739
0.969943 1.42226 0.499 0.118952 -0.815969 -0.105708 0.555761
-0.811839 -2.67715 0.499 0.974431 -0.219373 0.0412705 0.0256381
2.54907 1.61479 0.499 -0.158473 -0.631952 0.271793 -0.708274
-0.468306 -1.67493 0.498726 0.564863 -0.401123 0.69276 -0.200285
2.99883 3.15163 0.499 0.367651 -0.87144 0.159089 0.283047
-0.769291 0.542931 0.499 0.367651 -0.87144 0.159089 0.283047
3.33912 -1.86542 0.499 0.540276 -0.757352 -0.345674 -0.122595
0.525133 -3.20711 0.499 0.823132 -0.306976 0.00342479 0.477712
