55.6 -0.662559 -1.67362 1
0.370929 2.38648 0.499 -0.75628 0.490935 0.432353 -0.00970328
-0.892291 -2.58641 0.499 0.596063 -0.499423 0.393158 0.490625
2.4572 -1.4468 0.499 -0.314131 0.485019 -0.438436 -0.688369
1.77487 -2.20895 0.499 0.0929558 -0.947188 -0.290599 -0.0987252
1.41939 1.76855 0.499 0.0870448 -0.705794 0.0381278 0.702014
-1.21953 -1.53415 0.499007 -0.52611 -0.576036 0.107507 -0.616306
1.38277 -0.0205151 0.499 0.529104 -0.778154 0.104913 0.321742
2.57497 -0.394567 0.499 0.584931 -0.177355 0.183816 -0.769813
-0.11143 0.360402 0.499 -0.158333 0.740358 0.439431 -0.483426
-1.32378 -3.55945 0.498849 -0.49254 0.470938 -0.552632 0.479812
2.57513 0.64392 0.499 -0.815526 0.427776 0.205811 0.331009
0.763602 -2.58687 0.499 0.868324 0.473359 0.131188 0.0688111
-1.46808 -0.56555 0.498994 0.150622 -0.438384 -0.724887 0.509579
0.824372 0.845982 0.499 -0.436187 -0.22166 -0.0775114 0.868677
-0.479121 -0.764323 0.499 -0.781552 0.522523 -0.167075 -0.297038
3.89353 -1.98374 0.499 0.383796 -0.0839739 0.38356 0.835781
-2.08564 -2.89903 0.499029 0.505538 0.706106 -0.0160877 -0.495567
0.175891 -1.71955 0.499 0.394813 -0.525366 -0.449523 0.605014
-2.67159 -3.76442 0.499 -0.361856 0.539546 0.314212 -0.692258
3.69575 -0.931714 0.499 -0.711941 0.181517 0.334803 -0.589999
-2.39117 -0.952796 0.499 0.20114 -0.362533 0.198401 -0.888116
1.86187 2.90134 0.499 0.928247 0.198798 -0.193284 0.247948
-1.20605 0.440673 0.499 0.762669 -0.565339 0.208274 -0.235266
0.0250468 -3.31979 0.499 -0.780724 -0.258421 -0.428367 -0.374421
0.526266 -0.746017 0.499 -0.145122 -0.107056 0.983156 0.0297074
