8.4 1.55381 0.908669 1
3.68618 1.12919 0.499 0.782462 0.599886 0.162521 -0.0384216
5.28038 2.03499 0.499 0.782462 0.599886 0.162521 -0.0384216
2.88908 -3.00124 0.499 0.782462 0.599886 0.162521 -0.0384216
1.40357 4.49876 0.499 0.782462 0.599886 0.162521 -0.0384216
4.7369 1.12919 0.499 0.782462 0.599886 0.162521 -0.0384216
2.16237 -4.31124 0.499 0.978851 0.0738087 0.126311 -0.142998
4.73002 -2.45655 0.498976 0.793702 0.597064 0.113708 0.0249397
5.71996 -2.31535 0.499048 0.870661 0.479561 0.0718109 0.0825513
3.79485 -0.682358 0.499021 0.782495 0.59985 0.162501 -0.0384112
4.80937 -0.6824 0.499 0.782462 0.599886 0.162521 -0.0384216
0.787628 1.85383 0.499 0.782462 0.599886 0.162521 -0.0384216
1.33111 2.75963 0.499 0.782462 0.599886 0.162521 -0.0384216
1.11165 -4.31124 0.499 0.978851 0.0738087 0.126311 -0.142998
-0.263097 5.40456 0.499 0.782462 0.599886 0.162521 -0.0384216
4.27843 -1.5572 0.498979 0.803813 0.578081 0.132772 -0.0455885
3.75864 2.94079 0.499 0.782462 0.599886 0.162521 -0.0384216
2.12821 0.150933 0.499 0.782462 0.599886 0.162521 -0.0384216
0.316613 4.53499 0.499 0.782462 0.599886 0.162521 -0.0384216
0.316613 -1.80559 0.499 0.782462 0.599886 0.162521 -0.0384216
0.82386 3.62919 0.499 0.782462 0.599886 0.162521 -0.0384216
2.88908 -1.18965 0.499 0.782462 0.599886 0.162521 -0.0384216
2.96154 3.59296 0.499 0.782462 0.599886 0.162521 -0.0384216
-0.806575 0.984267 0.499 0.782462 0.599886 0.162521 -0.0384216
5.24415 0.259629 0.499 0.782462 0.599886 0.162521 -0.0384216
1.83835 -2.96501 0.499 0.782462 0.599886 0.162521 -0.0384216
