2.3 1.79858 0.0713808 1
3.75612 0.889956 0.499 0.998701 0.050945 0.00100905 -1.71707e-05
5.35032 1.79575 0.499 0.998701 0.050945 0.00100905 -1.71707e-05
2.95902 -3.24048 0.499 0.998701 0.050945 0.00100905 -1.71707e-05
1.47351 4.25952 0.499 0.998701 0.050945 0.00100905 -1.71707e-05
4.80684 0.889956 0.499 0.998701 0.050945 0.00100905 -1.71707e-05
2.27061 -5.12454 0.499 0.998701 0.050945 0.00100905 -1.71707e-05
4.87931 -2.697 0.499 0.998701 0.050945 0.00100905 -1.71707e-05
5.93003 -2.697 0.499 0.998701 0.050945 0.00100905 -1.71707e-05
3.86481 -0.921638 0.499 0.998701 0.050945 0.00100905 -1.71707e-05
4.87931 -0.921638 0.499 0.998701 0.050945 0.00100905 -1.71707e-05
0.857567 1.61459 0.499 0.998701 0.050945 0.00100905 -1.71707e-05
1.40105 2.52039 0.499 0.998701 0.050945 0.00100905 -1.71707e-05
1.21989 -5.12454 0.499 0.998701 0.050945 0.00100905 -1.71707e-05
-0.193158 5.16532 0.499 0.998701 0.050945 0.00100905 -1.71707e-05
4.37206 -1.82743 0.499 0.998701 0.050945 0.00100905 -1.71707e-05
3.82858 2.70155 0.499 0.998701 0.050945 0.00100905 -1.71707e-05
2.19815 -0.0883044 0.499 0.998701 0.050945 0.00100905 -1.71707e-05
0.386553 4.29575 0.499 0.998701 0.050945 0.00100905 -1.71707e-05
0.386553 -2.04483 0.499 0.998701 0.050945 0.00100905 -1.71707e-05
0.893799 3.38996 0.499 0.998701 0.050945 0.00100905 -1.71707e-05
2.95902 -1.42888 0.499 0.998701 0.050945 0.00100905 -1.71707e-05
3.03148 3.35372 0.499 0.998701 0.050945 0.00100905 -1.71707e-05
-0.736636 0.745029 0.499 0.998701 0.050945 0.00100905 -1.71707e-05
5.31409 0.0203912 0.499 0.998701 0.050945 0.00100905 -1.71707e-05
1.90829 -3.20425 0.499 0.998701 0.050945 0.00100905 -1.71707e-05
