8.1 1.58646 0.850372 1
3.69551 1.11254 0.499 0.810331 0.567527 0.142502 -0.0311449
5.28971 2.01833 0.499 0.810331 0.567527 0.142502 -0.0311449
2.89841 -3.0179 0.499 0.810331 0.567527 0.142502 -0.0311449
1.4129 4.4821 0.499 0.810331 0.567527 0.142502 -0.0311449
4.74623 1.11254 0.499 0.810331 0.567527 0.142502 -0.0311449
2.1767 -4.36954 0.499 0.983351 0.0742052 0.109622 -0.12449
4.76402 -2.4736 0.499 0.817721 0.564962 0.10962 0.0115735
5.75824 -2.36377 0.499007 0.875817 0.4722 0.0719952 0.0691931
3.80421 -0.699057 0.499 0.810331 0.567527 0.142502 -0.0311449
4.8187 -0.699057 0.499 0.810331 0.567527 0.142502 -0.0311449
0.796959 1.83718 0.499 0.810331 0.567527 0.142502 -0.0311449
1.34044 2.74297 0.499 0.810331 0.567527 0.142502 -0.0311449
1.12597 -4.36954 0.499 0.983351 0.0742052 0.109622 -0.12449
-0.253766 5.3879 0.499 0.810331 0.567527 0.142502 -0.0311449
4.29656 -1.58535 0.499 0.82296 0.553327 0.123676 -0.0356304
3.76797 2.92413 0.499 0.810331 0.567527 0.142502 -0.0311449
2.13754 0.134277 0.499 0.810331 0.567527 0.142502 -0.0311449
0.325944 4.51833 0.499 0.810331 0.567527 0.142502 -0.0311449
0.325944 -1.82224 0.499 0.810331 0.567527 0.142502 -0.0311449
0.833191 3.61254 0.499 0.810331 0.567527 0.142502 -0.0311449
2.89841 -1.2063 0.499 0.810331 0.567527 0.142502 -0.0311449
2.97087 3.57631 0.499 0.810331 0.567527 0.142502 -0.0311449
-0.797244 0.96761 0.499 0.810331 0.567527 0.142502 -0.0311449
5.25348 0.242972 0.499 0.810331 0.567527 0.142502 -0.0311449
1.84768 -2.98167 0.499 0.810331 0.567527 0.142502 -0.0311449
