95.1 -1.54313 0.926681 1
0.181015 -0.505923 0.498996 -0.388775 0.123193 -0.774968 -0.482806
0.767305 1.40027 0.499 0.734853 -0.595845 -0.283199 -0.157347
0.763575 0.354399 0.499 0.0614304 -0.47267 -0.803894 0.355756
-1.55164 -2.10866 0.499 0.486064 0.419188 -0.223547 -0.733518
-3.55579 -1.95627 0.499 0.126976 -0.55716 -0.120833 0.811695
1.73623 0.672901 0.499 0.0653905 0.551787 -0.820783 -0.132555
-1.08006 -0.252819 0.499 -0.103705 -0.83938 -0.374698 -0.379852
-2.32783 -1.38927 0.499004 0.696188 -0.695058 0.0141267 -0.17893
1.65944 -3.01578 0.498998 0.109816 -0.625493 0.489598 0.597489
-2.09554 -0.380942 0.498996 0.487806 0.498557 -0.643799 -0.314657
0.625056 -3.22941 0.499002 -0.0222216 0.340371 0.282519 -0.89657
-0.101729 -1.5342 0.499 -0.340633 0.241327 -0.893544 0.165256
2.52346 -0.441951 0.499 0.577008 0.683995 -0.0101409 0.446218
1.44247 -0.445766 0.499 -0.696257 -0.673167 0.247075 -0.0320261
1.15582 -1.97633 0.499 0.687614 0.255242 0.0288186 0.679123
-3.14443 -0.466114 0.499 -0.132146 -0.0014593 -0.99044 0.0395354
-1.66279 0.630281 0.499 -0.74193 -0.391773 -0.283071 0.464676
0.300769 2.33179 0.498984 -0.357249 0.876823 -0.158519 -0.280046
-1.02997 2.02386 0.499 0.725194 0.293669 -0.61372 -0.105829
-3.18303 -2.98088 0.499 -0.0602082 0.467519 -0.596817 0.649315
-1.33888 3.2158 0.499 0.524537 0.255852 -0.309728 0.750646
-4.93914 0.251176 0.499 -0.515879 -0.258848 0.781464 -0.237024
-0.336006 0.48067 0.499 -0.218713 0.02624 -0.947485 -0.231835
-2.48283 1.35554 0.499 -0.0190935 0.342508 0.477453 0.808927
2.32244 -2.00438 0.499 -0.188914 0.323724 -0.0761856 -0.923964
