66.5 0.072751 1.79853 1
0.741643 3.15201 0.498998 0.0243621 0.361396 -0.728066 0.581995
-1.64457 2.3603 0.499288 0.407551 0.621713 0.0337394 0.66801
1.43464 1.16789 0.499 0.62936 0.264345 -0.320919 -0.656535
0.15383 -0.859679 0.499 -0.0369042 0.106588 -0.405894 0.906933
1.32364 2.20502 0.499 0.774544 -0.480808 -0.381703 -0.152343
-1.40586 0.0751885 0.499 -0.495924 -0.226029 -0.837746 -0.0339361
0.193494 2.30935 0.499036 0.780732 0.512305 0.298587 0.197098
2.88543 2.97989 0.499 -0.498375 -0.346138 -0.694441 0.386732
0.0380985 4.12232 0.499 -0.584673 -0.009597 -0.416891 0.695893
-0.642251 0.946186 0.498939 0.47499 0.742272 -0.346394 0.321603
3.81624 4.50107 0.499 0.556902 0.384862 -0.437798 -0.591671
0.611406 0.286857 0.499 -0.492364 -0.860323 -0.0890923 0.097391
-2.63073 1.85797 0.499 0.627807 -0.589223 -0.343631 -0.374957
-1.21527 3.36689 0.49898 -0.897191 -0.0239565 0.28133 0.339599
-2.19797 3.55189 0.499008 -0.146159 -0.440423 -0.0568043 -0.88399
1.61346 0.178169 0.499 0.0708156 0.920773 0.0140459 -0.38336
-0.915312 -0.979426 0.499 -0.431279 -0.49199 -0.733694 -0.183404
0.327332 1.2909 0.499 0.585562 0.475118 0.338245 -0.563001
-1.67715 -1.71997 0.499 -0.553477 0.395144 -0.628135 0.378114
2.2808 1.76371 0.499 0.692477 -0.130783 0.498206 -0.505136
-2.55492 0.508135 0.499 -0.00617188 -0.290793 0.346922 0.891654
1.76009 3.20724 0.499 0.046185 0.737869 0.22273 0.635459
-3.04362 3.01816 0.499012 0.331293 0.423389 0.768036 -0.348004
-0.395807 -0.0230145 0.498934 0.517983 -0.252014 -0.322508 -0.751113
-0.736356 1.94175 0.498803 0.139488 0.339078 0.0364589 -0.929645
