16.3 -0.736955 1.64222 1
3.03163 1.33876 0.499 -0.385595 0.193798 0.299414 -0.850947
4.62583 2.24455 0.499 -0.385595 0.193798 0.299414 -0.850947
2.22113 -2.7978 0.498518 -0.375057 0.205927 0.3209 -0.844955
0.749022 4.70832 0.499 -0.385595 0.193798 0.299414 -0.850947
4.07816 1.34569 0.499 -0.380547 0.198504 0.296327 -0.853212
1.26155 -3.07644 0.49976 -0.173845 -0.400919 0.58329 -0.6847
3.03457 -2.21721 0.498721 0.143249 0.803652 0.535485 -0.216517
3.53928 -1.2852 0.499 0.962105 0.218514 0.109428 -0.120959
2.56907 0.29747 0.499 0.221992 0.385677 -0.163349 -0.880506
4.02035 -0.319317 0.499 -0.380165 0.433901 0.0756731 -0.813313
0.13308 2.06339 0.499 -0.385595 0.193798 0.299414 -0.850947
0.676558 2.96919 0.499 -0.385595 0.193798 0.299414 -0.850947
0.259316 -2.96588 0.499 -0.200959 -0.485087 0.573463 -0.628845
-0.917644 5.61412 0.499 -0.385595 0.193798 0.299414 -0.850947
2.61201 -0.833195 0.499 0.612719 0.494272 0.306629 -0.535023
3.10409 3.15035 0.499 -0.385595 0.193798 0.299414 -0.850947
1.47366 0.360495 0.499 -0.385595 0.193798 0.299414 -0.850947
-0.337934 4.74455 0.499 -0.385595 0.193798 0.299414 -0.850947
-0.337934 -1.59603 0.499 -0.385595 0.193798 0.299414 -0.850947
0.169312 3.83876 0.499 -0.385595 0.193798 0.299414 -0.850947
1.58583 -0.871022 0.499 0.0808313 0.542403 0.51279 -0.660539
2.30699 3.80252 0.499 -0.385595 0.193798 0.299414 -0.850947
-1.46112 1.19383 0.499 -0.385595 0.193798 0.299414 -0.850947
4.61894 0.501992 0.499 -0.36273 0.15339 0.291723 -0.871663
1.0565 -2.03743 0.499 0.0664954 -0.130445 0.391946 -0.908263
