12.8 0.603744 1.69573 1
3.41471 1.35407 0.499 0.10602 0.755695 0.533108 -0.365351
5.00891 2.25987 0.499 0.10602 0.755695 0.533108 -0.365351
2.61761 -2.77637 0.499 0.10602 0.755695 0.533108 -0.365351
1.1321 4.72363 0.499 0.10602 0.755695 0.533108 -0.365351
4.46544 1.35407 0.499 0.10602 0.755695 0.533108 -0.365351
1.77834 -3.49491 0.499 0.67615 -0.0296836 0.578194 -0.455666
4.04058 -2.21201 0.499 0.286555 0.879195 0.376867 0.0536107
4.77075 -1.52658 0.499054 0.871763 0.477578 0.0722537 0.0820222
3.415 -0.271209 0.498971 0.28999 0.741886 0.495285 -0.346704
4.54792 -0.438771 0.499 0.115721 0.748694 0.527958 -0.383831
0.51616 2.07871 0.499 0.10602 0.755695 0.533108 -0.365351
1.05964 2.9845 0.499 0.10602 0.755695 0.533108 -0.365351
0.758297 -3.45845 0.499 0.667823 -0.0722575 0.596382 -0.439454
-0.534564 5.62943 0.499 0.10602 0.755695 0.533108 -0.365351
3.83137 -1.18041 0.498974 0.358614 0.75399 0.409693 -0.367487
3.48717 3.16566 0.499 0.10602 0.755695 0.533108 -0.365351
1.85674 0.375808 0.499 0.10602 0.755695 0.533108 -0.365351
0.0451457 4.75987 0.499 0.10602 0.755695 0.533108 -0.365351
0.0451457 -1.58071 0.499 0.10602 0.755695 0.533108 -0.365351
0.552392 3.85407 0.499 0.10602 0.755695 0.533108 -0.365351
2.61761 -0.964771 0.499 0.10602 0.755695 0.533108 -0.365351
2.69007 3.81784 0.499 0.10602 0.755695 0.533108 -0.365351
-1.07804 1.20914 0.499 0.10602 0.755695 0.533108 -0.365351
4.97268 0.484504 0.499 0.10602 0.755695 0.533108 -0.365351
1.52671 -2.51395 0.499 0.321594 0.658589 0.553401 -0.395708
