68.4 -1.78492 -0.23253 1
0.558945 3.77095 0.498998 0.946848 -0.205457 -0.246106 0.0264312
-1.98558 3.17672 0.498961 0.503348 0.648397 0.555231 0.133944
1.38945 1.12154 0.498178 0.160469 -0.823995 0.510467 -0.186292
-0.0741623 -0.521205 0.499 0.540735 -0.232851 0.20395 0.78217
0.810684 2.19262 0.499086 0.573466 -0.121717 0.803019 -0.107153
-1.47184 0.619162 0.515806 0.280992 -0.267024 -0.843472 0.371882
-0.182647 3.09642 0.499002 -0.229357 -0.324116 0.5092 -0.763584
2.50664 2.76603 0.498596 0.503615 0.224522 -0.488152 0.676513
0.124219 4.68779 0.499 0.930497 -0.162775 0.270624 0.185584
-1.10488 1.54598 0.523361 0.516088 -0.227332 0.452623 -0.690728
1.76626 4.01028 0.499068 0.395692 0.31077 0.0440045 -0.863084
0.548585 0.57561 0.510885 -0.0316626 0.23324 -0.49647 0.835532
-2.81948 2.62485 0.499039 -0.202391 -0.263477 0.80482 0.491816
-2.07339 4.1851 0.499 -0.409393 0.842245 -0.350376 -0.0160481
-3.07664 4.05295 0.498994 -0.0496384 -0.951423 -0.292534 0.0821791
1.78003 0.199623 0.49913 0.343867 -0.41902 -0.70118 -0.463167
-1.07453 -0.51321 0.499 0.301283 0.10487 -0.865049 0.387197
-0.174409 1.90331 0.499253 -0.32446 -0.536538 0.00377637 -0.778998
-1.5948 -1.41183 0.499 0.897271 -0.414084 -0.151499 -0.0220665
1.81707 2.02976 0.51185 0.263389 -0.65177 0.538934 -0.464082
-2.78856 1.59973 0.499 0.0995937 0.767057 0.461941 -0.433954
1.30597 3.09669 0.49889 -0.276549 0.527813 0.0168319 -0.802902
-3.89236 3.47453 0.499006 -0.562054 0.372493 -0.492337 -0.550407
-0.449616 0.671117 0.498101 -0.340056 -0.882208 0.15584 0.285982
-1.10567 2.63835 0.499 -0.194409 -0.570675 -0.427161 -0.673846
