53.5 -1.55806 0.901363 1
0.602015 2.70034 0.497031 0.223765 -0.797399 0.295562 -0.476159
-0.684181 -1.96481 0.499333 0.0285053 0.426838 -0.469204 0.772557
2.25243 0.210007 0.499 -0.931312 0.0223703 -0.065847 -0.357522
1.77756 -0.704386 0.499 -0.0757052 -0.3482 -0.932539 -0.0582791
2.03351 2.77622 0.498986 0.4609 0.419725 -0.0774054 0.778082
-0.802695 -0.971355 0.498705 0.725349 -0.435397 0.257701 -0.466785
1.93254 1.1578 0.498864 0.257909 -0.512714 -0.234184 0.784707
2.93644 1.35737 0.499 0.763821 -0.364251 0.149706 -0.511359
0.142903 1.51678 0.498374 -0.470946 0.186694 0.761458 -0.404397
-1.11817 -2.94048 0.497906 -0.0393296 -0.337349 0.103042 -0.934896
3.02682 2.44347 0.499 -0.839672 -0.0758101 -0.449002 0.295975
0.997644 -1.51351 0.499 0.19724 0.894764 0.141858 0.37466
-0.947971 0.0185435 0.49885 0.142338 -0.244484 -0.958965 -0.018801
1.3002 1.96176 0.498812 -0.0643725 -0.100363 -0.868115 0.48183
0.134329 0.421548 0.499 -0.168152 -0.103293 0.432059 -0.879989
3.62667 0.534726 0.499 0.630904 0.0719728 -0.726913 -0.261491
-2.09464 -1.63413 0.499 -0.0157637 0.99621 0.00499262 0.0853899
0.665483 -0.546597 0.499 0.204458 -0.491429 -0.846116 0.0279793
-2.09294 -2.78143 0.500095 0.286715 -0.022853 0.8893 -0.355553
4.04857 1.63428 0.529472 -0.403952 -0.00387218 -0.195721 -0.893589
-1.98428 -0.02034 0.499 0.835087 0.0383204 0.491046 -0.245021
2.91641 3.53065 0.499 0.668725 0.734159 -0.0508319 0.10599
-0.706907 0.990285 0.499626 0.632247 -0.508882 -0.580915 -0.0619719
0.503385 -2.48768 0.499 0.200555 -0.209015 0.201044 -0.935773
1.19477 0.368313 0.499 -0.398508 0.120607 0.588151 0.693343
