91 0.726055 -1.64707 1
0.229712 -2.14862 0.499 0.400296 0.644561 -0.572077 -0.3115
0.351428 0.689705 0.499 0.449863 0.191358 -0.254593 0.834379
1.12302 -1.25267 0.499 0.88447 0.460471 -0.070894 0.0255561
0.426388 -4.14577 0.499 -0.102604 -0.969717 -0.190385 -0.113466
-1.88747 -2.61698 0.499 -0.490529 0.714446 -0.427135 -0.257884
1.18528 1.64276 0.499 0.0175574 0.024287 0.935513 -0.352019
-0.277259 -1.27582 0.499 0.358714 0.0565294 -0.902321 0.232262
-1.06567 -1.90375 0.499 -0.0112955 0.833555 -0.376996 0.403649
3.25131 -1.87766 0.499 -0.358856 0.0235665 -0.640881 -0.678188
-1.23573 -0.886916 0.499 0.462546 0.236259 0.853452 0.0430336
1.4429 -2.89737 0.499 -0.649696 0.0998536 0.27792 0.700489
0.313108 -3.15027 0.499 0.617239 -0.0684559 -0.77344 -0.126962
2.43723 0.712801 0.499 0.220622 -0.179923 -0.261906 -0.922149
1.42041 0.470536 0.499 0.648522 0.104837 -0.680123 -0.325364
1.88682 -0.560903 0.499 -0.864759 -0.0918361 -0.475968 0.131193
-3.57248 -1.74531 0.499 -0.408982 -0.578155 -0.0489105 -0.704328
-1.48003 1.39003 0.499005 -0.363927 0.655233 -0.523949 -0.404605
-1.06591 2.30692 0.503278 0.154229 -0.494464 0.772365 -0.367657
-2.78464 2.47432 0.499 0.623193 -0.339746 -0.486611 -0.509326
-0.675061 -3.53411 0.499 -0.835308 0.482405 -0.134126 0.227061
-1.73292 3.07187 0.499023 0.345173 0.114959 -0.461735 -0.808976
-3.51882 -0.471118 0.499 0.377802 -0.650938 -0.643893 0.13765
0.322336 -0.396537 0.499 0.896783 0.277454 -0.128811 -0.319697
-3.10965 1.36579 0.499 -0.479586 0.400496 0.764171 0.160133
3.40494 -0.822727 0.499 0.563082 -0.0983349 0.36279 0.73597
