104.3 0.061561 -1.79895 1
1.4323 -0.688326 0.499 -0.321646 0.0728095 0.868859 0.369224
2.60867 2.24187 0.499 -0.688467 0.324698 0.463738 0.453357
3.04042 1.18901 0.499 0.741484 0.524525 -0.408456 -0.0907664
-1.22676 -0.0958136 0.498998 -0.000489835 0.42391 -0.664762 -0.615135
-0.837478 2.1399 0.498998 0.509894 -0.23011 0.287064 -0.777594
4.14568 0.980325 0.499 -0.335432 0.784076 0.466217 -0.235271
0.212553 -0.555654 0.499099 -0.476294 0.778097 -0.390628 0.122957
-0.701133 -0.954615 0.498632 0.320778 0.304113 0.233701 -0.866026
-0.837122 -2.73079 0.4988 0.750346 -0.579087 0.174121 -0.267059
-0.0451982 0.415194 0.499005 -0.685851 0.216035 0.310213 -0.621856
-2.34439 -1.30364 0.499428 -0.11361 0.850819 0.0516506 0.510424
-0.23491 -1.88312 0.498984 -0.598547 0.701125 -0.358834 0.146301
2.5932 -0.595531 0.499 -0.447796 0.561101 0.0809446 0.691442
0.590555 -2.4619 0.499002 -0.528122 -0.7147 -0.183378 -0.420314
-2.58577 -0.333188 0.498572 0.011379 -0.305805 -0.873531 -0.378545
-2.92443 2.07847 0.499 0.441394 -0.139806 0.652149 0.600273
-0.134333 2.99544 0.499 -0.4082 0.165363 0.89705 -0.036469
2.00501 3.13553 0.499 -0.958868 -0.217841 -0.181087 -0.0180368
1.90841 1.41107 0.498904 0.292341 0.897686 -0.25409 0.210085
-2.18828 0.651901 0.499 -0.835888 -0.506046 0.12049 -0.175187
0.358575 1.33343 0.497746 -0.678434 0.626773 0.350601 0.1548
-1.86231 3.08314 0.499 0.611783 -0.450441 0.314523 -0.569122
1.57305 0.460031 0.499038 0.556399 0.453409 0.532223 -0.448976
0.801407 2.36862 0.499 -0.304456 0.87933 -0.257568 -0.260278
-1.36185 -1.70021 0.499276 -0.51661 0.285981 -0.800464 0.102892
