12.2 0.790291 1.61723 1
3.46801 1.33164 0.499 0.218071 0.790194 0.49335 -0.290938
5.06222 2.23744 0.499 0.218071 0.790194 0.49335 -0.290938
2.67091 -2.79879 0.499 0.218071 0.790194 0.49335 -0.290938
1.18541 4.70121 0.499 0.218071 0.790194 0.49335 -0.290938
4.51874 1.33164 0.499 0.218071 0.790194 0.49335 -0.290938
1.85616 -3.5931 0.499 0.759077 0.00178278 0.50794 -0.407181
4.15232 -2.23731 0.499 0.362011 0.869079 0.3252 0.0888502
4.94719 -1.62252 0.499 0.861932 0.491055 0.0713253 0.104168
3.5037 -0.342419 0.499 0.365137 0.754617 0.475681 -0.266375
4.59848 -0.466339 0.499 0.22525 0.78529 0.489599 -0.304754
0.569463 2.05628 0.499 0.218071 0.790194 0.49335 -0.290938
1.11294 2.96208 0.499 0.218071 0.790194 0.49335 -0.290938
0.822834 -3.56663 0.499 0.754017 -0.0218689 0.520227 -0.40043
-0.481261 5.60701 0.499 0.218071 0.790194 0.49335 -0.290938
3.96074 -1.2436 0.499 0.392254 0.767462 0.385627 -0.329288
3.54048 3.14324 0.499 0.218071 0.790194 0.49335 -0.290938
1.91004 0.353382 0.499 0.218071 0.790194 0.49335 -0.290938
0.0984488 4.73744 0.499 0.218071 0.790194 0.49335 -0.290938
0.0984488 -1.60314 0.499 0.218071 0.790194 0.49335 -0.290938
0.605695 3.83164 0.499 0.218071 0.790194 0.49335 -0.290938
2.67091 -0.987197 0.499 0.218071 0.790194 0.49335 -0.290938
2.74338 3.79541 0.499 0.218071 0.790194 0.49335 -0.290938
-1.02474 1.18672 0.499 0.218071 0.790194 0.49335 -0.290938
5.02599 0.462078 0.499 0.218071 0.790194 0.49335 -0.290938
1.59495 -2.62069 0.499 0.353878 0.725982 0.5022 -0.309056
