91.6 1.47959 -1.02509 1
0.256267 -2.31907 0.499 -0.0121674 0.743226 -0.662993 -0.0889238
0.509308 0.603092 0.499 0.324896 -0.13663 -0.393985 0.848852
1.07192 -1.33641 0.499 0.774718 0.188809 -0.538459 0.272442
0.298991 -4.32882 0.499 -0.18082 -0.730188 0.371024 -0.544491
-1.97527 -2.66827 0.499 -0.575599 0.760199 -0.225193 0.20018
1.44112 1.17463 0.498832 0.190265 0.0642544 0.976497 -0.0782519
-0.230666 -1.4103 0.499 -0.168733 -0.0368517 -0.982465 0.0702353
-1.06964 -1.99115 0.499 -0.160969 0.364648 -0.458558 0.794258
3.30934 -2.25317 0.499 -0.522742 0.341305 -0.370807 -0.687571
-1.17378 -0.97293 0.499 0.785121 0.286416 0.548282 0.0306167
1.43463 -3.06516 0.499 -0.129627 -0.333457 0.544812 0.758409
0.302956 -3.32142 0.499 0.0781962 0.311027 -0.932612 -0.165476
2.95899 -0.121598 0.499 0.489525 0.0602368 0.0508059 -0.868421
1.61858 0.18478 0.499062 0.23375 0.211335 -0.90075 -0.298911
1.94015 -0.787059 0.497676 -0.969091 -0.173468 -0.103858 0.141366
-3.60597 -1.80469 0.499 -0.403001 -0.0785498 0.161586 -0.897391
-1.39083 1.23283 0.499 -0.585966 0.635082 -0.499517 0.0616197
-0.906952 2.14573 0.499 0.522945 -0.427301 0.642111 -0.362816
-2.07195 2.07325 0.499 0.185595 -0.139321 0.0649751 -0.970527
-0.727239 -3.72772 0.499 -0.692216 0.149889 0.371579 0.600249
-1.53306 3.00181 0.499 -0.151553 0.262805 -0.298161 -0.905022
-3.58403 -0.481639 0.499 -0.120345 -0.712322 -0.654767 -0.222249
0.277 -0.419818 0.499 0.667885 0.308508 -0.64778 -0.197823
-2.91914 0.813968 0.499 -0.310712 0.295404 0.866676 0.255082
3.6316 -1.13213 0.499 0.826498 -0.0789447 -0.266111 0.489748
